transaction_date,asset_tag,model_variant,actual_failure_points,expected_failure_points,prob_ge_12,prob_ge_13,top3_probability_parts,top3_contribution_parts,machine_type,plant_code,split,high_risk_threshold,actual_severity,predicted_severity,localization_status,top3_display_label
2022-01-03,AST-1041,A2,6,6.833031592465597,0.1460061492279904,0.0974540396813219,MRO-10045;MRO-10046;MRO-10047,MRO-10045;MRO-10046;MRO-10047,CNC Lathe,PUN-01,train,12,risk,risk,approved_on_validation,우선 점검 후보
2022-01-03,AST-1042,A2,12,6.810216692235959,0.1457764130671622,0.0961527359427425,MRO-10045;MRO-10046;MRO-10047,MRO-10045;MRO-10046;MRO-10047,CNC Lathe,PUN-01,train,12,high_risk,risk,approved_on_validation,우선 점검 후보
2022-01-03,AST-2017,A2,17,9.071070319206898,0.2988801955957408,0.224030974658912,MRO-10045;MRO-10046;MRO-10047,MRO-10045;MRO-10046;MRO-10047,Hydraulic Press,PUN-01,train,12,high_risk,risk,approved_on_validation,우선 점검 후보
2022-01-03,AST-2031,A2,9,7.918808121515934,0.215731093984219,0.152628810464769,MRO-80001;MRO-10046;MRO-10047,MRO-80001;MRO-10046;MRO-10047,Hydraulic Press,CHN-02,train,12,risk,risk,approved_on_validation,우선 점검 후보
2022-01-03,AST-3008,A2,5,6.460288337823523,0.1258492716841744,0.0813369893991738,MRO-10045;MRO-10046;MRO-10047,MRO-10045;MRO-10046;MRO-10047,Belt Conveyor,CHN-02,train,12,caution,risk,approved_on_validation,우선 점검 후보
2022-01-03,AST-3019,A2,4,5.900105074274957,0.097655612862244,0.0610441700446249,MRO-10045;MRO-10046;MRO-10047,MRO-10045;MRO-10046;MRO-10047,Belt Conveyor,CHN-02,train,12,caution,risk,approved_on_validation,우선 점검 후보
2022-01-03,AST-4055,A2,8,8.051156534227548,0.222307613628289,0.1582665013520908,MRO-10045;MRO-10046;MRO-10047,MRO-10045;MRO-10046;MRO-10047,Screw Compressor,DHR-03,train,12,risk,risk,approved_on_validation,우선 점검 후보
2022-01-03,AST-4061,A2,13,8.860131818259859,0.281462464578272,0.2105979000492814,MRO-10046;MRO-10045;MRO-10047,MRO-10046;MRO-10045;MRO-10047,Screw Compressor,DHR-03,train,12,high_risk,risk,approved_on_validation,우선 점검 후보
2022-01-03,AST-5003,A2,8,9.475818192361777,0.325417899032923,0.2482844690394366,MRO-20033;MRO-10045;MRO-10046,MRO-10045;MRO-10046;MRO-10047,EOT Crane,DHR-03,train,12,risk,risk,approved_on_validation,우선 점검 후보
2022-01-03,AST-5007,A2,2,5.648768515155496,0.0830141377306821,0.0513042679867699,MRO-10045;MRO-10046;MRO-10047,MRO-10045;MRO-10046;MRO-10047,EOT Crane,PUN-01,train,12,caution,caution,approved_on_validation,우선 점검 후보
2022-01-04,AST-1041,A2,4,6.390656278499971,0.1233557986560929,0.0788172078074852,MRO-50009;MRO-10045;MRO-10047,MRO-50009;MRO-10045;MRO-10047,CNC Lathe,PUN-01,train,12,caution,risk,approved_on_validation,우선 점검 후보
2022-01-04,AST-1042,A2,8,6.039104997015966,0.1067628547152661,0.0665399243198963,MRO-50009;MRO-10045;MRO-10047,MRO-50009;MRO-10045;MRO-10047,CNC Lathe,PUN-01,train,12,risk,risk,approved_on_validation,우선 점검 후보
2022-01-04,AST-2017,A2,6,8.183726100247634,0.2362803314628615,0.1670778591251003,MRO-10047;MRO-20031;MRO-80001,MRO-10047;MRO-20031;MRO-80001,Hydraulic Press,PUN-01,train,12,risk,risk,approved_on_validation,우선 점검 후보
2022-01-04,AST-2031,A2,3,6.669930180253111,0.1359161306212807,0.0897140685154023,MRO-10045;MRO-10046;MRO-10047,MRO-10045;MRO-10046;MRO-10047,Hydraulic Press,CHN-02,train,12,caution,risk,approved_on_validation,우선 점검 후보
2022-01-04,AST-3008,A2,10,6.853765048577044,0.1486963492809708,0.0989323833967931,MRO-50009;MRO-20031;MRO-10046,MRO-50009;MRO-20031;MRO-10046,Belt Conveyor,CHN-02,train,12,risk,risk,approved_on_validation,우선 점검 후보
2022-01-04,AST-3019,A2,4,5.497820977303429,0.0821785244593185,0.0484035996197202,MRO-50009;MRO-10045;MRO-10047,MRO-50009;MRO-10045;MRO-10047,Belt Conveyor,CHN-02,train,12,caution,caution,approved_on_validation,우선 점검 후보
2022-01-04,AST-4055,A2,6,7.542808222333052,0.1890838958168371,0.1320146342616573,MRO-20031;MRO-10045;MRO-10046,MRO-20031;MRO-10045;MRO-10046,Screw Compressor,DHR-03,train,12,risk,risk,approved_on_validation,우선 점검 후보
2022-01-04,AST-4061,A2,12,6.722160304024175,0.1448490855513697,0.0923710381332443,MRO-10046;MRO-10045;MRO-10047,MRO-10046;MRO-10045;MRO-10047,Screw Compressor,DHR-03,train,12,high_risk,risk,approved_on_validation,우선 점검 후보
2022-01-04,AST-5003,A2,2,5.6543849552774965,0.0869344830006543,0.0528389693095791,MRO-50009;MRO-80001;MRO-20031,MRO-50009;MRO-80001;MRO-20031,EOT Crane,DHR-03,train,12,caution,caution,approved_on_validation,우선 점검 후보
2022-01-04,AST-5007,A2,6,5.632979828601015,0.0787450328702155,0.0485619027589848,MRO-40021;MRO-20033;MRO-60016,MRO-20031;MRO-10045;MRO-10046,EOT Crane,PUN-01,train,12,risk,caution,approved_on_validation,우선 점검 후보
2022-01-05,AST-1041,A2,10,7.517453411444357,0.1911674248205087,0.1300803204971867,MRO-10047;MRO-50009;MRO-40022,MRO-10047;MRO-50009;MRO-10045,CNC Lathe,PUN-01,train,12,risk,risk,approved_on_validation,우선 점검 후보
2022-01-05,AST-1042,A2,4,5.6012662516265905,0.0850309457406825,0.0509146947329623,MRO-10045;MRO-20031;MRO-10046,MRO-10045;MRO-20031;MRO-10046,CNC Lathe,PUN-01,train,12,caution,caution,approved_on_validation,우선 점검 후보
2022-01-05,AST-2017,A2,14,8.7452115196521,0.2797302896815689,0.2027399054920056,MRO-10047;MRO-20031;MRO-80001,MRO-10047;MRO-20031;MRO-80001,Hydraulic Press,PUN-01,train,12,high_risk,risk,approved_on_validation,우선 점검 후보
2022-01-05,AST-2031,A2,8,7.010196843637387,0.1600828557035614,0.1057288763621911,MRO-10045;MRO-10046;MRO-10047,MRO-10045;MRO-10046;MRO-10047,Hydraulic Press,CHN-02,train,12,risk,risk,approved_on_validation,우선 점검 후보
2022-01-05,AST-3008,A2,9,6.10750485448703,0.1069808540723533,0.0679628194505559,MRO-50009;MRO-10046;MRO-80001,MRO-50009;MRO-10046;MRO-80001,Belt Conveyor,CHN-02,train,12,risk,risk,approved_on_validation,우선 점검 후보
2022-01-05,AST-3019,A2,4,5.452830601343272,0.0798302071389277,0.0472382109527273,MRO-10046;MRO-20031;MRO-50009,MRO-10046;MRO-20031;MRO-50009,Belt Conveyor,CHN-02,train,12,caution,caution,approved_on_validation,우선 점검 후보
2022-01-05,AST-4055,A2,4,7.300559050599226,0.1721420771323411,0.1189809424033747,MRO-80001;MRO-40022;MRO-10046,MRO-80001;MRO-10046;MRO-10047,Screw Compressor,DHR-03,train,12,caution,risk,approved_on_validation,우선 점검 후보
2022-01-05,AST-4061,A2,0,6.544414884511202,0.1341301418268726,0.0843347167536629,MRO-10047;MRO-10046;MRO-80001,MRO-10047;MRO-10046;MRO-80001,Screw Compressor,DHR-03,train,12,normal,risk,approved_on_validation,우선 점검 후보
2022-01-05,AST-5003,A2,9,9.588633338820262,0.3324825380865717,0.2590123970585501,MRO-50009;MRO-10045;MRO-10046,MRO-50009;MRO-10045;MRO-10046,EOT Crane,DHR-03,train,12,risk,risk,approved_on_validation,우선 점검 후보
2022-01-05,AST-5007,A2,0,4.747373158546796,0.0505659483222107,0.0286776948096483,MRO-20033;MRO-10045;MRO-10046,MRO-10045;MRO-10046;MRO-10047,EOT Crane,PUN-01,train,12,normal,caution,approved_on_validation,우선 점검 후보
2022-01-06,AST-1041,A2,0,6.582943094367742,0.1352216809757703,0.086916274995296,MRO-80001;MRO-10047;MRO-10046,MRO-80001;MRO-10047;MRO-10046,CNC Lathe,PUN-01,train,12,normal,risk,approved_on_validation,우선 점검 후보
2022-01-06,AST-1042,A2,12,6.482893567729672,0.1290447301525763,0.0835650392701501,MRO-20031;MRO-10046;MRO-80001,MRO-20031;MRO-10046;MRO-80001,CNC Lathe,PUN-01,train,12,high_risk,risk,approved_on_validation,우선 점검 후보
2022-01-06,AST-2017,A2,6,7.568716311147804,0.1927801446260565,0.132675101192165,MRO-80001;MRO-10046;MRO-20031,MRO-80001;MRO-10046;MRO-20031,Hydraulic Press,PUN-01,train,12,risk,risk,approved_on_validation,우선 점검 후보
2022-01-06,AST-2031,A2,4,7.102622274146436,0.1658311937860127,0.1103027578534417,MRO-10046;MRO-80001;MRO-10045,MRO-10046;MRO-80001;MRO-10045,Hydraulic Press,CHN-02,train,12,caution,risk,approved_on_validation,우선 점검 후보
2022-01-06,AST-3008,A2,2,4.7030399181390745,0.0509164682014975,0.0279237732692136,MRO-10046;MRO-10047;MRO-20031,MRO-10046;MRO-10047;MRO-20031,Belt Conveyor,CHN-02,train,12,caution,caution,approved_on_validation,우선 점검 후보
2022-01-06,AST-3019,A2,13,5.975454406309823,0.1034029337165772,0.0640434854972003,MRO-10046;MRO-50009;MRO-10045,MRO-10046;MRO-50009;MRO-10045,Belt Conveyor,CHN-02,train,12,high_risk,risk,approved_on_validation,우선 점검 후보
2022-01-06,AST-4055,A2,6,7.209458556615491,0.1698196564777297,0.116258443373822,MRO-80001;MRO-10046;MRO-10047,MRO-80001;MRO-10046;MRO-10047,Screw Compressor,DHR-03,train,12,risk,risk,approved_on_validation,우선 점검 후보
2022-01-06,AST-4061,A2,8,6.048638850169101,0.1057796517577598,0.0654799659703288,MRO-80001;MRO-50009;MRO-10045,MRO-80001;MRO-50009;MRO-10045,Screw Compressor,DHR-03,train,12,risk,risk,approved_on_validation,우선 점검 후보
2022-01-06,AST-5003,A2,10,9.886266894292644,0.3619819391338013,0.2779031322382942,MRO-50009;MRO-10045;MRO-10047,MRO-50009;MRO-10045;MRO-10047,EOT Crane,DHR-03,train,12,risk,risk,approved_on_validation,우선 점검 후보
2022-01-06,AST-5007,A2,2,5.1524033041722666,0.065024473766741,0.0387414217801809,MRO-10045;MRO-10046;MRO-10047,MRO-10045;MRO-10046;MRO-10047,EOT Crane,PUN-01,train,12,caution,caution,approved_on_validation,우선 점검 후보
2022-01-07,AST-1041,A2,1,6.472086638064296,0.127586861622054,0.0826000524976818,MRO-80001;MRO-10046;MRO-10047,MRO-80001;MRO-10046;MRO-10047,CNC Lathe,PUN-01,train,12,caution,risk,approved_on_validation,우선 점검 후보
2022-01-07,AST-1042,A2,5,5.7353537027266315,0.0908443026481938,0.0558175539321562,MRO-10046;MRO-50009;MRO-10045,MRO-10046;MRO-50009;MRO-10045,CNC Lathe,PUN-01,train,12,caution,caution,approved_on_validation,우선 점검 후보
2022-01-07,AST-2017,A2,14,9.066798269288642,0.2998678117097969,0.2239609061205543,MRO-10045;MRO-50009;MRO-10046,MRO-10045;MRO-50009;MRO-10046,Hydraulic Press,PUN-01,train,12,high_risk,risk,approved_on_validation,우선 점검 후보
2022-01-07,AST-2031,A2,13,8.422565448941798,0.2476377287177144,0.1802647921170212,MRO-80001;MRO-60015;MRO-10046,MRO-80001;MRO-10046;MRO-10045,Hydraulic Press,CHN-02,train,12,high_risk,risk,approved_on_validation,우선 점검 후보
2022-01-07,AST-3008,A2,3,6.881290814874424,0.147212743503981,0.0993847308228832,MRO-30011;MRO-10047;MRO-10046,MRO-10047;MRO-10046;MRO-20031,Belt Conveyor,CHN-02,train,12,caution,risk,approved_on_validation,우선 점검 후보
2022-01-07,AST-3019,A2,6,5.212032837562218,0.0703630086250959,0.0403385052619479,MRO-20031;MRO-10045;MRO-50009,MRO-20031;MRO-10045;MRO-50009,Belt Conveyor,CHN-02,train,12,risk,caution,approved_on_validation,우선 점검 후보
2022-01-07,AST-4055,A2,6,8.092533291787968,0.2272485716365734,0.1601447140962491,MRO-30011;MRO-80001;MRO-10045,MRO-80001;MRO-10045;MRO-20031,Screw Compressor,DHR-03,train,12,risk,risk,approved_on_validation,우선 점검 후보
2022-01-07,AST-4061,A2,6,7.787728207571524,0.2101604552878342,0.1455033157613292,MRO-10046;MRO-10047;MRO-10045,MRO-10046;MRO-10047;MRO-10045,Screw Compressor,DHR-03,train,12,risk,risk,approved_on_validation,우선 점검 후보
2022-01-07,AST-5003,A2,19,12.20240074901626,0.5367012975951784,0.456929175398051,MRO-10045;MRO-10047;MRO-20031,MRO-10045;MRO-10047;MRO-20031,EOT Crane,DHR-03,train,12,high_risk,high_risk,approved_on_validation,우선 점검 후보
2022-01-07,AST-5007,A2,4,5.612759430919184,0.0859395543046652,0.0524721527916375,MRO-50009;MRO-10045;MRO-10046,MRO-50009;MRO-10045;MRO-10046,EOT Crane,PUN-01,train,12,caution,caution,approved_on_validation,우선 점검 후보
2022-01-08,AST-1041,A2,0,0.0031509655847952,6.285838472760408e-12,6.109350849808389e-15,MRO-10046;MRO-10047;MRO-20031,MRO-10046;MRO-10047;MRO-20031,CNC Lathe,PUN-01,train,12,normal,normal,approved_on_validation,우선 점검 후보
2022-01-08,AST-1042,A2,0,0.0031935440140556,6.392556268576077e-12,6.327542727091686e-15,MRO-10046;MRO-10047;MRO-50009,MRO-10046;MRO-10047;MRO-50009,CNC Lathe,PUN-01,train,12,normal,normal,approved_on_validation,우선 점검 후보
2022-01-08,AST-2017,A2,0,0.0033493281087526,7.458699568374578e-12,7.983246341667476e-15,MRO-70005;MRO-20031;MRO-10045,MRO-20031;MRO-10045;MRO-50009,Hydraulic Press,PUN-01,train,12,normal,normal,approved_on_validation,우선 점검 후보
2022-01-08,AST-2031,A2,0,0.0032110748862646,6.55701283737711e-12,6.500790103916863e-15,MRO-10047;MRO-20031;MRO-10046,MRO-10047;MRO-20031;MRO-10046,Hydraulic Press,CHN-02,train,12,normal,normal,approved_on_validation,우선 점검 후보
2022-01-08,AST-3008,A2,0,0.0028230078653307,3.914576278969482e-12,3.700959057748911e-15,MRO-70005;MRO-20033;MRO-30012,MRO-10045;MRO-80001;MRO-10046,Belt Conveyor,CHN-02,train,12,normal,normal,approved_on_validation,우선 점검 후보
2022-01-08,AST-3019,A2,0,0.0028499955318389,4.4944758732710375e-12,3.9985943478746606e-15,MRO-10045;MRO-50009;MRO-30011,MRO-10045;MRO-50009;MRO-10046,Belt Conveyor,CHN-02,train,12,normal,normal,approved_on_validation,우선 점검 후보
2022-01-08,AST-4055,A2,0,0.0031625866045507,6.1412104487732436e-12,6.041422282888938e-15,MRO-10045;MRO-20031;MRO-40021,MRO-10045;MRO-20031;MRO-80001,Screw Compressor,DHR-03,train,12,normal,normal,approved_on_validation,우선 점검 후보
2022-01-08,AST-4061,A2,0,0.0032716945857989,6.6764455019733505e-12,6.821400200127203e-15,MRO-20033;MRO-40021;MRO-40022,MRO-80001;MRO-50009;MRO-10047,Screw Compressor,DHR-03,train,12,normal,normal,approved_on_validation,우선 점검 후보
2022-01-08,AST-5003,A2,0,0.0031757801338045,6.389079573048131e-12,6.224368348565891e-15,MRO-20031;MRO-40021;MRO-60015,MRO-20031;MRO-10046;MRO-50009,EOT Crane,DHR-03,train,12,normal,normal,approved_on_validation,우선 점검 후보
2022-01-08,AST-5007,A2,0,0.0032965117300738,7.058851823683973e-12,7.327959885338618e-15,MRO-70004;MRO-10045;MRO-10046,MRO-10045;MRO-10046;MRO-10047,EOT Crane,PUN-01,train,12,normal,normal,approved_on_validation,우선 점검 후보
2022-01-09,AST-1041,A2,0,0.0032667111340231,6.974249483993481e-12,7.059494847939797e-15,MRO-10045;MRO-80001;MRO-70005,MRO-10045;MRO-80001;MRO-10046,CNC Lathe,PUN-01,train,12,normal,normal,approved_on_validation,우선 점검 후보
2022-01-09,AST-1042,A2,0,0.0032209147449621,6.6130509596767576e-12,6.606695040635613e-15,MRO-10046;MRO-10047;MRO-20031,MRO-10046;MRO-10047;MRO-20031,CNC Lathe,PUN-01,train,12,normal,normal,approved_on_validation,우선 점검 후보
2022-01-09,AST-2017,A2,0,0.0033767984840063,7.715207535018815e-12,8.309488634951251e-15,MRO-70005;MRO-20031;MRO-10045,MRO-20031;MRO-10045;MRO-50009,Hydraulic Press,PUN-01,train,12,normal,normal,approved_on_validation,우선 점검 후보
2022-01-09,AST-2031,A2,0,0.0032336130933769,6.9790884582383984e-12,6.9135729367740696e-15,MRO-10047;MRO-20031;MRO-10045,MRO-10047;MRO-20031;MRO-10045,Hydraulic Press,CHN-02,train,12,normal,normal,approved_on_validation,우선 점검 후보
2022-01-09,AST-3008,A2,0,0.0034676918035685,6.780512267532992e-12,8.147228790917952e-15,MRO-70005;MRO-70004;MRO-20033,MRO-10045;MRO-80001;MRO-10046,Belt Conveyor,CHN-02,train,12,normal,normal,approved_on_validation,우선 점검 후보
2022-01-09,AST-3019,A2,0,0.0033638292743583,7.057878443957802e-12,7.712757599985138e-15,MRO-70005;MRO-60016;MRO-20031,MRO-20031;MRO-10045;MRO-10046,Belt Conveyor,CHN-02,train,12,normal,normal,approved_on_validation,우선 점검 후보
2022-01-09,AST-4055,A2,0,0.0034606225958757,9.013467852593702e-12,9.360320420635258e-15,MRO-10046;MRO-80001;MRO-10047,MRO-10046;MRO-80001;MRO-10047,Screw Compressor,DHR-03,train,12,normal,normal,approved_on_validation,우선 점검 후보
2022-01-09,AST-4061,A2,0,0.0032495899919949,6.775446688648514e-12,6.855968677495405e-15,MRO-70005;MRO-80001;MRO-50009,MRO-80001;MRO-50009;MRO-10046,Screw Compressor,DHR-03,train,12,normal,normal,approved_on_validation,우선 점검 후보
2022-01-09,AST-5003,A2,0,0.0032726696727646,7.030931366743302e-12,7.115414327051935e-15,MRO-20031;MRO-40021;MRO-60015,MRO-20031;MRO-10046;MRO-50009,EOT Crane,DHR-03,train,12,normal,normal,approved_on_validation,우선 점검 후보
2022-01-09,AST-5007,A2,0,0.0032585913703983,7.070190664434998e-12,7.064688079101486e-15,MRO-10045;MRO-10046;MRO-10047,MRO-10045;MRO-10046;MRO-10047,EOT Crane,PUN-01,train,12,normal,normal,approved_on_validation,우선 점검 후보
2022-01-10,AST-1041,A2,12,7.285502668903435,0.1741407027598833,0.1177377495365592,MRO-10045;MRO-80001;MRO-20031,MRO-10045;MRO-80001;MRO-20031,CNC Lathe,PUN-01,train,12,high_risk,risk,approved_on_validation,우선 점검 후보
2022-01-10,AST-1042,A2,2,6.3489360948928555,0.1195546530836474,0.0763398440165752,MRO-10046;MRO-10047;MRO-50009,MRO-10046;MRO-10047;MRO-50009,CNC Lathe,PUN-01,train,12,caution,risk,approved_on_validation,우선 점검 후보
2022-01-10,AST-2017,A2,10,9.736836303802482,0.3500083491893269,0.263008245296863,MRO-30012;MRO-40022;MRO-20031,MRO-20031;MRO-10045;MRO-50009,Hydraulic Press,PUN-01,train,12,risk,risk,approved_on_validation,우선 점검 후보
2022-01-10,AST-2031,A2,8,7.775213558583916,0.2046384507665778,0.1445050250155981,MRO-10045;MRO-50009;MRO-10046,MRO-10045;MRO-50009;MRO-10046,Hydraulic Press,CHN-02,train,12,risk,risk,approved_on_validation,우선 점검 후보
2022-01-10,AST-3008,A2,12,6.367598084594323,0.1214853951237328,0.0779134304835906,MRO-10046;MRO-50009;MRO-10047,MRO-10046;MRO-50009;MRO-10047,Belt Conveyor,CHN-02,train,12,high_risk,risk,approved_on_validation,우선 점검 후보
2022-01-10,AST-3019,A2,4,5.763700249629529,0.0906987257450087,0.0569754304463458,MRO-20031;MRO-10047;MRO-80001,MRO-20031;MRO-10047;MRO-80001,Belt Conveyor,CHN-02,train,12,caution,caution,approved_on_validation,우선 점검 후보
2022-01-10,AST-4055,A2,6,8.425416272367556,0.2475278101666432,0.1825600337406352,MRO-20031;MRO-40022;MRO-80001,MRO-20031;MRO-80001;MRO-10045,Screw Compressor,DHR-03,train,12,risk,risk,approved_on_validation,우선 점검 후보
2022-01-10,AST-4061,A2,0,6.737295885802608,0.1430692363544872,0.0927669896555574,MRO-10045;MRO-10046;MRO-10047,MRO-10045;MRO-10046;MRO-10047,Screw Compressor,DHR-03,train,12,normal,risk,approved_on_validation,우선 점검 후보
2022-01-10,AST-5003,A2,18,8.893896676969277,0.2877002930855233,0.2105334379094706,MRO-20031;MRO-80001;MRO-10045,MRO-20031;MRO-80001;MRO-10045,EOT Crane,DHR-03,train,12,high_risk,risk,approved_on_validation,우선 점검 후보
2022-01-10,AST-5007,A2,1,5.484150021706758,0.0743482623542115,0.0468621631773725,MRO-90012;MRO-10045;MRO-10046,MRO-10045;MRO-10046;MRO-10047,EOT Crane,PUN-01,train,12,caution,caution,approved_on_validation,우선 점검 후보
2022-01-11,AST-1041,A2,10,7.183938209733616,0.1688346387781645,0.1130493778736817,MRO-10047;MRO-20031;MRO-50009,MRO-10047;MRO-20031;MRO-50009,CNC Lathe,PUN-01,train,12,risk,risk,approved_on_validation,우선 점검 후보
2022-01-11,AST-1042,A2,11,6.377202640149309,0.1230886615441078,0.0780775450375158,MRO-10047;MRO-50009;MRO-10046,MRO-10047;MRO-50009;MRO-10046,CNC Lathe,PUN-01,train,12,risk,risk,approved_on_validation,우선 점검 후보
2022-01-11,AST-2017,A2,12,9.048825895768177,0.2973171922804125,0.2216781611219941,MRO-50009;MRO-10045;MRO-20031,MRO-50009;MRO-10045;MRO-20031,Hydraulic Press,PUN-01,train,12,high_risk,risk,approved_on_validation,우선 점검 후보
2022-01-11,AST-2031,A2,4,7.526775963143403,0.1874971684047172,0.1306766620201746,MRO-10046;MRO-10045;MRO-20031,MRO-10046;MRO-10045;MRO-20031,Hydraulic Press,CHN-02,train,12,caution,risk,approved_on_validation,우선 점검 후보
2022-01-11,AST-3008,A2,9,7.162758988333082,0.1668477353372673,0.1128011443987659,MRO-10046;MRO-10045;MRO-80001,MRO-10046;MRO-10045;MRO-80001,Belt Conveyor,CHN-02,train,12,risk,risk,approved_on_validation,우선 점검 후보
2022-01-11,AST-3019,A2,9,5.787512723539015,0.0925415426441108,0.0573417079829741,MRO-20031;MRO-80001;MRO-50009,MRO-20031;MRO-80001;MRO-50009,Belt Conveyor,CHN-02,train,12,risk,caution,approved_on_validation,우선 점검 후보
2022-01-11,AST-4055,A2,9,8.516505924037867,0.2529745600806364,0.1866319195331137,MRO-30011;MRO-20032;MRO-80001,MRO-80001;MRO-10045;MRO-20031,Screw Compressor,DHR-03,train,12,risk,risk,approved_on_validation,우선 점검 후보
2022-01-11,AST-4061,A2,14,8.076067450726631,0.2250678025623312,0.161148368157245,MRO-10046;MRO-10045;MRO-80001,MRO-10046;MRO-10045;MRO-80001,Screw Compressor,DHR-03,train,12,high_risk,risk,approved_on_validation,우선 점검 후보
2022-01-11,AST-5003,A2,10,7.978995221672082,0.2244160947478859,0.1557022175235522,MRO-20031;MRO-10045;MRO-10047,MRO-20031;MRO-10045;MRO-10047,EOT Crane,DHR-03,train,12,risk,risk,approved_on_validation,우선 점검 후보
2022-01-11,AST-5007,A2,5,5.620442344132873,0.0820462075550153,0.0516865283039375,MRO-10045;MRO-10046;MRO-10047,MRO-10045;MRO-10046;MRO-10047,EOT Crane,PUN-01,train,12,caution,caution,approved_on_validation,우선 점검 후보
2022-01-12,AST-1041,A2,6,7.1415292332421,0.1685358750382832,0.1116508088811684,MRO-80001;MRO-20031;MRO-10047,MRO-80001;MRO-20031;MRO-10047,CNC Lathe,PUN-01,train,12,risk,risk,approved_on_validation,우선 점검 후보
2022-01-12,AST-1042,A2,1,6.36097275744105,0.1196933688936612,0.0765306411101251,MRO-20031;MRO-10047;MRO-50009,MRO-20031;MRO-10047;MRO-50009,CNC Lathe,PUN-01,train,12,caution,risk,approved_on_validation,우선 점검 후보
2022-01-12,AST-2017,A2,4,6.322319643853222,0.1137756816952881,0.073591079595449,MRO-50008;MRO-60015;MRO-30011,MRO-80001;MRO-10047;MRO-10046,Hydraulic Press,PUN-01,train,12,caution,risk,approved_on_validation,우선 점검 후보
2022-01-12,AST-2031,A2,6,7.437968161752514,0.1811962681548492,0.1268755981196817,MRO-10046;MRO-50009;MRO-10045,MRO-10046;MRO-50009;MRO-10045,Hydraulic Press,CHN-02,train,12,risk,risk,approved_on_validation,우선 점검 후보
2022-01-12,AST-3008,A2,16,10.039691669601694,0.3749805993859439,0.2906839852538171,MRO-10046;MRO-10047;MRO-50009,MRO-10046;MRO-10047;MRO-50009,Belt Conveyor,CHN-02,train,12,high_risk,risk,approved_on_validation,우선 점검 후보
2022-01-12,AST-3019,A2,4,5.321763273195795,0.0743094717619841,0.0436945965844433,MRO-20031;MRO-50009;MRO-10045,MRO-20031;MRO-50009;MRO-10045,Belt Conveyor,CHN-02,train,12,caution,caution,approved_on_validation,우선 점검 후보
2022-01-12,AST-4055,A2,4,7.505629772636034,0.1884522856063153,0.1295491351995115,MRO-80001;MRO-10045;MRO-20031,MRO-80001;MRO-10045;MRO-20031,Screw Compressor,DHR-03,train,12,caution,risk,approved_on_validation,우선 점검 후보
2022-01-12,AST-4061,A2,8,7.355078503235717,0.1805098907979243,0.1219367019307186,MRO-10047;MRO-10045;MRO-10046,MRO-10047;MRO-10045;MRO-10046,Screw Compressor,DHR-03,train,12,risk,risk,approved_on_validation,우선 점검 후보
2022-01-12,AST-5003,A2,8,8.663863504117854,0.2664399782965211,0.1944075207871288,MRO-20031;MRO-50008;MRO-10047,MRO-20031;MRO-10047;MRO-50009,EOT Crane,DHR-03,train,12,risk,risk,approved_on_validation,우선 점검 후보
2022-01-12,AST-5007,A2,5,5.97759565204719,0.1013280240943377,0.0633583572967052,MRO-50009;MRO-10045;MRO-10046,MRO-50009;MRO-10045;MRO-10046,EOT Crane,PUN-01,train,12,caution,risk,approved_on_validation,우선 점검 후보
2022-01-13,AST-1041,A2,2,6.85600654799617,0.1511370075728747,0.0985424910184175,MRO-10047;MRO-10046;MRO-50009,MRO-10047;MRO-10046;MRO-50009,CNC Lathe,PUN-01,train,12,caution,risk,approved_on_validation,우선 점검 후보
2022-01-13,AST-1042,A2,4,7.107620340283774,0.1699035944430785,0.1113600332849301,MRO-80001;MRO-10045;MRO-20031,MRO-80001;MRO-10045;MRO-20031,CNC Lathe,PUN-01,train,12,caution,risk,approved_on_validation,우선 점검 후보
2022-01-13,AST-2017,A2,4,8.482786897665715,0.2557912790286732,0.1840768561684831,MRO-10047;MRO-80001;MRO-10045,MRO-10047;MRO-80001;MRO-10045,Hydraulic Press,PUN-01,train,12,caution,risk,approved_on_validation,우선 점검 후보
2022-01-13,AST-2031,A2,13,8.617517898175207,0.2635635760525951,0.1951923668513589,MRO-10046;MRO-50009;MRO-10047,MRO-10046;MRO-50009;MRO-10047,Hydraulic Press,CHN-02,train,12,high_risk,risk,approved_on_validation,우선 점검 후보
2022-01-13,AST-3008,A2,0,6.281283433171608,0.1180179995320786,0.0749945862136167,MRO-10047;MRO-50009;MRO-10045,MRO-10047;MRO-50009;MRO-10045,Belt Conveyor,CHN-02,train,12,normal,risk,approved_on_validation,우선 점검 후보
2022-01-13,AST-3019,A2,8,5.890363387218818,0.0994714131451383,0.0586126336493946,MRO-10047;MRO-80001;MRO-20031,MRO-10047;MRO-80001;MRO-20031,Belt Conveyor,CHN-02,train,12,risk,risk,approved_on_validation,우선 점검 후보
2022-01-13,AST-4055,A2,12,8.617025694539613,0.2653394462093196,0.1925487826114457,MRO-80001;MRO-30011;MRO-10047,MRO-80001;MRO-10047;MRO-20031,Screw Compressor,DHR-03,train,12,high_risk,risk,approved_on_validation,우선 점검 후보
2022-01-13,AST-4061,A2,4,6.658783231540325,0.1363148776752376,0.089522762894405,MRO-10047;MRO-10045;MRO-20031,MRO-10047;MRO-10045;MRO-20031,Screw Compressor,DHR-03,train,12,caution,risk,approved_on_validation,우선 점검 후보
2022-01-13,AST-5003,A2,8,8.15383751234233,0.2325802651300291,0.1653133192741915,MRO-20031;MRO-10047;MRO-50009,MRO-20031;MRO-10047;MRO-50009,EOT Crane,DHR-03,train,12,risk,risk,approved_on_validation,우선 점검 후보
2022-01-13,AST-5007,A2,8,5.8378024392281,0.093090432383112,0.0582640541352397,MRO-40021;MRO-50009;MRO-80001,MRO-50009;MRO-80001;MRO-10047,EOT Crane,PUN-01,train,12,risk,caution,approved_on_validation,우선 점검 후보
2022-01-14,AST-1041,A2,8,6.628031983017861,0.1383413060546162,0.0885096419533471,MRO-80001;MRO-20031;MRO-10046,MRO-80001;MRO-20031;MRO-10046,CNC Lathe,PUN-01,train,12,risk,risk,approved_on_validation,우선 점검 후보
2022-01-14,AST-1042,A2,5,6.2071499478669185,0.1155480879013239,0.0721943313103213,MRO-10046;MRO-20031;MRO-10045,MRO-10046;MRO-20031;MRO-10045,CNC Lathe,PUN-01,train,12,caution,risk,approved_on_validation,우선 점검 후보
2022-01-14,AST-2017,A2,23,10.781468308684474,0.4309456071030339,0.3462934348069875,MRO-20031;MRO-80001;MRO-50009,MRO-20031;MRO-80001;MRO-50009,Hydraulic Press,PUN-01,train,12,high_risk,high_risk,approved_on_validation,우선 점검 후보
2022-01-14,AST-2031,A2,12,8.178194652283368,0.2333979935371064,0.1673353171079575,MRO-80001;MRO-10045;MRO-10046,MRO-80001;MRO-10045;MRO-10046,Hydraulic Press,CHN-02,train,12,high_risk,risk,approved_on_validation,우선 점검 후보
2022-01-14,AST-3008,A2,12,7.952025094518248,0.2170515581761322,0.1534533727273583,MRO-30011;MRO-10046;MRO-10047,MRO-10046;MRO-10047;MRO-20031,Belt Conveyor,CHN-02,train,12,high_risk,risk,approved_on_validation,우선 점검 후보
2022-01-14,AST-3019,A2,0,5.707552912901707,0.090765357809347,0.053843012678721,MRO-80001;MRO-20031;MRO-50009,MRO-80001;MRO-20031;MRO-50009,Belt Conveyor,CHN-02,train,12,normal,caution,approved_on_validation,우선 점검 후보
2022-01-14,AST-4055,A2,5,7.995031423310629,0.2206676266638312,0.1568230744408771,MRO-20031;MRO-50009;MRO-10045,MRO-20031;MRO-50009;MRO-10045,Screw Compressor,DHR-03,train,12,caution,risk,approved_on_validation,우선 점검 후보
2022-01-14,AST-4061,A2,8,6.762650060774001,0.1392041553011992,0.0925186886950047,MRO-80001;MRO-50009;MRO-10047,MRO-80001;MRO-50009;MRO-10047,Screw Compressor,DHR-03,train,12,risk,risk,approved_on_validation,우선 점검 후보
2022-01-14,AST-5003,A2,8,7.794995655894088,0.2017131641896395,0.1460365941231581,MRO-50008;MRO-10045;MRO-20031,MRO-10045;MRO-20031;MRO-10046,EOT Crane,DHR-03,train,12,risk,risk,approved_on_validation,우선 점검 후보
2022-01-14,AST-5007,A2,6,5.425317561369128,0.0747666181842991,0.0462261322642516,MRO-10047;MRO-20032;MRO-70004,MRO-10047;MRO-50009;MRO-20031,EOT Crane,PUN-01,train,12,risk,caution,approved_on_validation,우선 점검 후보
2022-01-15,AST-1041,A2,0,0.0032077150550898,6.509498627115655e-12,6.473253188017668e-15,MRO-10046;MRO-20031;MRO-80001,MRO-10046;MRO-20031;MRO-80001,CNC Lathe,PUN-01,train,12,normal,normal,approved_on_validation,우선 점검 후보
2022-01-15,AST-1042,A2,0,0.0031965396868476,6.329893640600379e-12,6.306480214941687e-15,MRO-10045;MRO-10047;MRO-20031,MRO-10045;MRO-10047;MRO-20031,CNC Lathe,PUN-01,train,12,normal,normal,approved_on_validation,우선 점검 후보
2022-01-15,AST-2017,A2,0,0.003369071800688,7.652614184152245e-12,7.948212942832301e-15,MRO-60015;MRO-20031;MRO-70005,MRO-20031;MRO-10045;MRO-10046,Hydraulic Press,PUN-01,train,12,normal,normal,approved_on_validation,우선 점검 후보
2022-01-15,AST-2031,A2,0,0.0032063196679338,6.2746258323562936e-12,6.377404989940866e-15,MRO-70005;MRO-10047;MRO-50009,MRO-10047;MRO-50009;MRO-80001,Hydraulic Press,CHN-02,train,12,normal,normal,approved_on_validation,우선 점검 후보
2022-01-15,AST-3008,A2,0,0.0033949323947699,6.670034851424489e-12,7.665654906983046e-15,MRO-70005;MRO-40021;MRO-50008,MRO-10045;MRO-10046;MRO-10047,Belt Conveyor,CHN-02,train,12,normal,normal,approved_on_validation,우선 점검 후보
2022-01-15,AST-3019,A2,0,0.0032858201928077,7.058441952213751e-12,7.15482315140352e-15,MRO-60016;MRO-20031;MRO-10045,MRO-20031;MRO-10045;MRO-10046,Belt Conveyor,CHN-02,train,12,normal,normal,approved_on_validation,우선 점검 후보
2022-01-15,AST-4055,A2,0,0.003250061238191,6.872876594627513e-12,6.9030066024509616e-15,MRO-10046;MRO-10047;MRO-10045,MRO-10046;MRO-10047;MRO-10045,Screw Compressor,DHR-03,train,12,normal,normal,approved_on_validation,우선 점검 후보
2022-01-15,AST-4061,A2,0,0.0032654057508809,6.841387353212445e-12,6.921538730943801e-15,MRO-80001;MRO-30011;MRO-80002,MRO-80001;MRO-50009;MRO-10045,Screw Compressor,DHR-03,train,12,normal,normal,approved_on_validation,우선 점검 후보
2022-01-15,AST-5003,A2,0,0.0032499337986657,6.375475932643806e-12,6.653189907113876e-15,MRO-70004;MRO-10047;MRO-20031,MRO-10047;MRO-20031;MRO-50009,EOT Crane,DHR-03,train,12,normal,normal,approved_on_validation,우선 점검 후보
2022-01-15,AST-5007,A2,0,0.0032729637355854,7.041700530987987e-12,7.153514825333756e-15,MRO-50009;MRO-20032;MRO-70004,MRO-50009;MRO-10045;MRO-10046,EOT Crane,PUN-01,train,12,normal,normal,approved_on_validation,우선 점검 후보
2022-01-16,AST-1041,A2,0,0.0032472809564177,6.767495642842722e-12,6.811723045404163e-15,MRO-10045;MRO-10046;MRO-20031,MRO-10045;MRO-10046;MRO-20031,CNC Lathe,PUN-01,train,12,normal,normal,approved_on_validation,우선 점검 후보
2022-01-16,AST-1042,A2,0,0.0032134239272524,6.589901798210205e-12,6.604203069233314e-15,MRO-70005;MRO-10045;MRO-10047,MRO-10045;MRO-10047;MRO-20031,CNC Lathe,PUN-01,train,12,normal,normal,approved_on_validation,우선 점검 후보
2022-01-16,AST-2017,A2,0,0.0034476993310881,6.341881500290719e-12,7.530501118550126e-15,MRO-70005;MRO-90012;MRO-40021,MRO-80001;MRO-50009;MRO-10045,Hydraulic Press,PUN-01,train,12,normal,normal,approved_on_validation,우선 점검 후보
2022-01-16,AST-2031,A2,0,0.0032049554853956,6.285118468660028e-12,6.318079091086557e-15,MRO-10047;MRO-50009;MRO-80001,MRO-10047;MRO-50009;MRO-80001,Hydraulic Press,CHN-02,train,12,normal,normal,approved_on_validation,우선 점검 후보
2022-01-16,AST-3008,A2,0,0.0033469124702254,6.6801227731373456e-12,7.470122592876821e-15,MRO-70005;MRO-10045;MRO-10046,MRO-10045;MRO-10046;MRO-10047,Belt Conveyor,CHN-02,train,12,normal,normal,approved_on_validation,우선 점검 후보
2022-01-16,AST-3019,A2,0,0.0033123779108395,6.711570821451931e-12,7.256381325462649e-15,MRO-70005;MRO-10045;MRO-10046,MRO-10045;MRO-10046;MRO-10047,Belt Conveyor,CHN-02,train,12,normal,normal,approved_on_validation,우선 점검 후보
2022-01-16,AST-4055,A2,0,0.003264187246516,6.887564167347538e-12,6.9770319954772215e-15,MRO-10046;MRO-10047;MRO-10045,MRO-10046;MRO-10047;MRO-10045,Screw Compressor,DHR-03,train,12,normal,normal,approved_on_validation,우선 점검 후보
2022-01-16,AST-4061,A2,0,0.003395584580762,6.6836554436309775e-12,7.701001574106967e-15,MRO-70005;MRO-70004;MRO-40022,MRO-50009;MRO-10045;MRO-10046,Screw Compressor,DHR-03,train,12,normal,normal,approved_on_validation,우선 점검 후보
2022-01-16,AST-5003,A2,0,0.0033550160014457,6.595494867513536e-12,7.436524154416347e-15,MRO-70005;MRO-10045;MRO-10047,MRO-10045;MRO-10047;MRO-20031,EOT Crane,DHR-03,train,12,normal,normal,approved_on_validation,우선 점검 후보
2022-01-16,AST-5007,A2,0,0.0033290066692822,6.880060614963239e-12,7.460900045913061e-15,MRO-70005;MRO-10045;MRO-10046,MRO-10045;MRO-10046;MRO-10047,EOT Crane,PUN-01,train,12,normal,normal,approved_on_validation,우선 점검 후보
2022-01-17,AST-1041,A2,7,7.35030265941315,0.1766595706264224,0.1214513041175075,MRO-10047;MRO-10045;MRO-10046,MRO-10047;MRO-10045;MRO-10046,CNC Lathe,PUN-01,train,12,risk,risk,approved_on_validation,우선 점검 후보
2022-01-17,AST-1042,A2,5,6.628440365798648,0.1333689091289512,0.0869784858654088,MRO-10045;MRO-40022;MRO-10047,MRO-10045;MRO-10047;MRO-20031,CNC Lathe,PUN-01,train,12,caution,risk,approved_on_validation,우선 점검 후보
2022-01-17,AST-2017,A2,10,9.316400250390217,0.3173954122306666,0.2381302175910115,MRO-10045;MRO-50009;MRO-10046,MRO-10045;MRO-50009;MRO-10046,Hydraulic Press,PUN-01,train,12,risk,risk,approved_on_validation,우선 점검 후보
2022-01-17,AST-2031,A2,4,7.337060683467302,0.1755910721709603,0.1205904594679802,MRO-10045;MRO-20031;MRO-50009,MRO-10045;MRO-20031;MRO-50009,Hydraulic Press,CHN-02,train,12,caution,risk,approved_on_validation,우선 점검 후보
2022-01-17,AST-3008,A2,8,6.891643819221982,0.149770459196061,0.1002506123666724,MRO-10047;MRO-10045;MRO-80001,MRO-10047;MRO-10045;MRO-80001,Belt Conveyor,CHN-02,train,12,risk,risk,approved_on_validation,우선 점검 후보
2022-01-17,AST-3019,A2,8,5.772067825515246,0.0924134917648131,0.0564966777244774,MRO-20031;MRO-80001;MRO-10046,MRO-20031;MRO-80001;MRO-10046,Belt Conveyor,CHN-02,train,12,risk,caution,approved_on_validation,우선 점검 후보
2022-01-17,AST-4055,A2,10,7.786534989987666,0.2067033745705804,0.1439846904915492,MRO-80001;MRO-10045;MRO-50009,MRO-80001;MRO-10045;MRO-50009,Screw Compressor,DHR-03,train,12,risk,risk,approved_on_validation,우선 점검 후보
2022-01-17,AST-4061,A2,10,7.937086871153323,0.2184827982303089,0.153421289517974,MRO-10045;MRO-10046;MRO-10047,MRO-10045;MRO-10046;MRO-10047,Screw Compressor,DHR-03,train,12,risk,risk,approved_on_validation,우선 점검 후보
2022-01-17,AST-5003,A2,5,7.910955854353801,0.2101056066269145,0.1522698788308183,MRO-70004;MRO-20031;MRO-80001,MRO-20031;MRO-80001;MRO-10045,EOT Crane,DHR-03,train,12,caution,risk,approved_on_validation,우선 점검 후보
2022-01-17,AST-5007,A2,6,5.355790628434579,0.0723821530867004,0.0435649132680402,MRO-20031;MRO-10047;MRO-20033,MRO-20031;MRO-10047;MRO-80001,EOT Crane,PUN-01,train,12,risk,caution,approved_on_validation,우선 점검 후보
2022-01-18,AST-1041,A2,8,7.257588185998072,0.1730177919932985,0.1164367507136408,MRO-10047;MRO-10046;MRO-50009,MRO-10047;MRO-10046;MRO-50009,CNC Lathe,PUN-01,train,12,risk,risk,approved_on_validation,우선 점검 후보
2022-01-18,AST-1042,A2,7,6.362654856029199,0.1221327261583899,0.0771579460082887,MRO-10045;MRO-10047;MRO-20031,MRO-10045;MRO-10047;MRO-20031,CNC Lathe,PUN-01,train,12,risk,risk,approved_on_validation,우선 점검 후보
2022-01-18,AST-2017,A2,0,8.21517505942071,0.236241942734018,0.1699306413481174,MRO-10046;MRO-10047;MRO-50009,MRO-10046;MRO-10047;MRO-50009,Hydraulic Press,PUN-01,train,12,normal,risk,approved_on_validation,우선 점검 후보
2022-01-18,AST-2031,A2,8,7.548752428930152,0.1898207249378955,0.1320760607192874,MRO-10045;MRO-20031;MRO-10046,MRO-10045;MRO-20031;MRO-10046,Hydraulic Press,CHN-02,train,12,risk,risk,approved_on_validation,우선 점검 후보
2022-01-18,AST-3008,A2,12,7.093955841048647,0.1618271421798319,0.1095859162177519,MRO-10046;MRO-10047;MRO-10045,MRO-10046;MRO-10047;MRO-10045,Belt Conveyor,CHN-02,train,12,high_risk,risk,approved_on_validation,우선 점검 후보
2022-01-18,AST-3019,A2,6,5.909333032282267,0.0969940988775828,0.0617390261218182,MRO-10047;MRO-10045;MRO-20031,MRO-10047;MRO-10045;MRO-20031,Belt Conveyor,CHN-02,train,12,risk,risk,approved_on_validation,우선 점검 후보
2022-01-18,AST-4055,A2,12,7.87584465879008,0.2153199974997684,0.1486960135271891,MRO-50009;MRO-10047;MRO-80001,MRO-50009;MRO-10047;MRO-80001,Screw Compressor,DHR-03,train,12,high_risk,risk,approved_on_validation,우선 점검 후보
2022-01-18,AST-4061,A2,5,6.164520824453813,0.107668774863861,0.0683733614900524,MRO-20031;MRO-80001;MRO-50009,MRO-20031;MRO-80001;MRO-50009,Screw Compressor,DHR-03,train,12,caution,risk,approved_on_validation,우선 점검 후보
2022-01-18,AST-5003,A2,13,9.207631503482933,0.3057818152356222,0.2308963531669275,MRO-20031;MRO-10047;MRO-50008,MRO-20031;MRO-10047;MRO-50009,EOT Crane,DHR-03,train,12,high_risk,risk,approved_on_validation,우선 점검 후보
2022-01-18,AST-5007,A2,17,6.002073698530572,0.1006667858927822,0.0645121432452558,MRO-20031;MRO-10046;MRO-10045,MRO-20031;MRO-10046;MRO-10045,EOT Crane,PUN-01,train,12,high_risk,risk,approved_on_validation,우선 점검 후보
2022-01-19,AST-1041,A2,11,7.546417035279776,0.1895662368607604,0.1318853841151209,MRO-10047;MRO-50009;MRO-80001,MRO-10047;MRO-50009;MRO-80001,CNC Lathe,PUN-01,train,12,risk,risk,approved_on_validation,우선 점검 후보
2022-01-19,AST-1042,A2,5,6.220809629216704,0.1150451432645309,0.0723159772536186,MRO-10045;MRO-10046;MRO-10047,MRO-10045;MRO-10046;MRO-10047,CNC Lathe,PUN-01,train,12,caution,risk,approved_on_validation,우선 점검 후보
2022-01-19,AST-2017,A2,13,9.004376444826352,0.2925615327582489,0.2175039241396086,MRO-10045;MRO-20031;MRO-10047,MRO-10045;MRO-20031;MRO-10047,Hydraulic Press,PUN-01,train,12,high_risk,risk,approved_on_validation,우선 점검 후보
2022-01-19,AST-2031,A2,16,12.915559190290509,0.5900022613759517,0.5115177696216527,MRO-20031;MRO-80001;MRO-40021,MRO-20031;MRO-80001;MRO-10045,Hydraulic Press,CHN-02,train,12,high_risk,high_risk,approved_on_validation,우선 점검 후보
2022-01-19,AST-3008,A2,0,6.838213353418482,0.1476132646417097,0.0977685336254564,MRO-10047;MRO-20031;MRO-50009,MRO-10047;MRO-20031;MRO-50009,Belt Conveyor,CHN-02,train,12,normal,risk,approved_on_validation,우선 점검 후보
2022-01-19,AST-3019,A2,4,5.789195931689442,0.0925993982533075,0.0573053575696806,MRO-20031;MRO-80001;MRO-10046,MRO-20031;MRO-80001;MRO-10046,Belt Conveyor,CHN-02,train,12,caution,caution,approved_on_validation,우선 점검 후보
2022-01-19,AST-4055,A2,11,8.258432299048293,0.2372543183134594,0.1718627079176545,MRO-10047;MRO-50009;MRO-30011,MRO-10047;MRO-50009;MRO-10045,Screw Compressor,DHR-03,train,12,risk,risk,approved_on_validation,우선 점검 후보
2022-01-19,AST-4061,A2,11,6.665607498135263,0.135314470378257,0.0891901704338963,MRO-20031;MRO-10046;MRO-80001,MRO-20031;MRO-10046;MRO-80001,Screw Compressor,DHR-03,train,12,risk,risk,approved_on_validation,우선 점검 후보
2022-01-19,AST-5003,A2,10,7.698065804819524,0.2026363093354685,0.1390909284219101,MRO-50008;MRO-10047;MRO-20031,MRO-10047;MRO-20031;MRO-10045,EOT Crane,DHR-03,train,12,risk,risk,approved_on_validation,우선 점검 후보
2022-01-19,AST-5007,A2,1,5.728130890266888,0.0891356700387629,0.0554994381388114,MRO-20031;MRO-10046;MRO-10045,MRO-20031;MRO-10046;MRO-10045,EOT Crane,PUN-01,train,12,caution,caution,approved_on_validation,우선 점검 후보
2022-01-20,AST-1041,A2,2,6.768672657685335,0.1438946829394324,0.0934218613115831,MRO-80001;MRO-10045;MRO-40022,MRO-80001;MRO-10045;MRO-10046,CNC Lathe,PUN-01,train,12,caution,risk,approved_on_validation,우선 점검 후보
2022-01-20,AST-1042,A2,12,6.446328867948229,0.1260795507153289,0.0805846119536755,MRO-10045;MRO-80001;MRO-10047,MRO-10045;MRO-80001;MRO-10047,CNC Lathe,PUN-01,train,12,high_risk,risk,approved_on_validation,우선 점검 후보
2022-01-20,AST-2017,A2,12,8.129003721403402,0.2336113670385355,0.1662071555299984,MRO-20031;MRO-10047;MRO-50009,MRO-20031;MRO-10047;MRO-50009,Hydraulic Press,PUN-01,train,12,high_risk,risk,approved_on_validation,우선 점검 후보
2022-01-20,AST-2031,A2,0,7.445928009023789,0.1832076690574734,0.126189510368522,MRO-10045;MRO-50009;MRO-10046,MRO-10045;MRO-50009;MRO-10046,Hydraulic Press,CHN-02,train,12,normal,risk,approved_on_validation,우선 점검 후보
2022-01-20,AST-3008,A2,1,6.499254244540588,0.1276616056112613,0.0831364772710869,MRO-10047;MRO-50009;MRO-20031,MRO-10047;MRO-50009;MRO-20031,Belt Conveyor,CHN-02,train,12,caution,risk,approved_on_validation,우선 점검 후보
2022-01-20,AST-3019,A2,10,6.085460608317698,0.1082994530297968,0.0673631691161984,MRO-80001;MRO-20031;MRO-10046,MRO-80001;MRO-20031;MRO-10046,Belt Conveyor,CHN-02,train,12,risk,risk,approved_on_validation,우선 점검 후보
2022-01-20,AST-4055,A2,7,8.604451921160495,0.2611309177524596,0.193379176795247,MRO-80001;MRO-50009;MRO-10045,MRO-80001;MRO-50009;MRO-10045,Screw Compressor,DHR-03,train,12,risk,risk,approved_on_validation,우선 점검 후보
2022-01-20,AST-4061,A2,14,7.929904199329353,0.218524721821656,0.1527596695842344,MRO-10047;MRO-10046;MRO-10045,MRO-10047;MRO-10046;MRO-10045,Screw Compressor,DHR-03,train,12,high_risk,risk,approved_on_validation,우선 점검 후보
2022-01-20,AST-5003,A2,6,7.380968473185107,0.1814778837610835,0.1220000617204788,MRO-50009;MRO-80001;MRO-10047,MRO-50009;MRO-80001;MRO-10047,EOT Crane,DHR-03,train,12,risk,risk,approved_on_validation,우선 점검 후보
2022-01-20,AST-5007,A2,14,7.074091190344854,0.1602765929794333,0.1092851000094125,MRO-10047;MRO-80001;MRO-50009,MRO-10047;MRO-80001;MRO-50009,EOT Crane,PUN-01,train,12,high_risk,risk,approved_on_validation,우선 점검 후보
2022-01-21,AST-1041,A2,4,7.462871757284349,0.1846713931593745,0.1261840505822414,MRO-30012;MRO-80001;MRO-10045,MRO-80001;MRO-10045;MRO-10046,CNC Lathe,PUN-01,train,12,caution,risk,approved_on_validation,우선 점검 후보
2022-01-21,AST-1042,A2,0,6.426694078840307,0.1252392250185278,0.0811538638758862,MRO-10047;MRO-50009;MRO-80001,MRO-10047;MRO-50009;MRO-80001,CNC Lathe,PUN-01,train,12,normal,risk,approved_on_validation,우선 점검 후보
2022-01-21,AST-2017,A2,11,8.781623143727929,0.276694298775726,0.2032948359064961,MRO-20031;MRO-50009;MRO-80001,MRO-20031;MRO-50009;MRO-80001,Hydraulic Press,PUN-01,train,12,risk,risk,approved_on_validation,우선 점검 후보
2022-01-21,AST-2031,A2,16,8.731777435516177,0.2726924512339532,0.198785824840347,MRO-60015;MRO-80001;MRO-10046,MRO-80001;MRO-10046;MRO-20031,Hydraulic Press,CHN-02,train,12,high_risk,risk,approved_on_validation,우선 점검 후보
2022-01-21,AST-3008,A2,2,6.8623997852268515,0.1455615836895141,0.0985598427126506,MRO-10047;MRO-20031;MRO-50009,MRO-10047;MRO-20031;MRO-50009,Belt Conveyor,CHN-02,train,12,caution,risk,approved_on_validation,우선 점검 후보
2022-01-21,AST-3019,A2,6,5.3702598954786245,0.075734404565479,0.0450026931246892,MRO-50009;MRO-10045;MRO-10046,MRO-50009;MRO-10045;MRO-10046,Belt Conveyor,CHN-02,train,12,risk,caution,approved_on_validation,우선 점검 후보
2022-01-21,AST-4055,A2,4,7.487738431380324,0.1849543148207386,0.1266930990156872,MRO-10046;MRO-80001;MRO-40021,MRO-10046;MRO-80001;MRO-10045,Screw Compressor,DHR-03,train,12,caution,risk,approved_on_validation,우선 점검 후보
2022-01-21,AST-4061,A2,6,6.933340070096903,0.1525925714144556,0.1009949615354154,MRO-10047;MRO-50009;MRO-80001,MRO-10047;MRO-50009;MRO-80001,Screw Compressor,DHR-03,train,12,risk,risk,approved_on_validation,우선 점검 후보
2022-01-21,AST-5003,A2,11,8.292552947494272,0.2398122072591448,0.1727809661574018,MRO-50009;MRO-10047;MRO-20031,MRO-50009;MRO-10047;MRO-20031,EOT Crane,DHR-03,train,12,risk,risk,approved_on_validation,우선 점검 후보
2022-01-21,AST-5007,A2,2,5.218912119669672,0.0684215658073564,0.039843213880004,MRO-10045;MRO-10046;MRO-10047,MRO-10045;MRO-10046;MRO-10047,EOT Crane,PUN-01,train,12,caution,caution,approved_on_validation,우선 점검 후보
2022-01-22,AST-1041,A2,0,0.0032485080623574,6.6899381566954525e-12,6.783987263062498e-15,MRO-70005;MRO-10046;MRO-10047,MRO-10046;MRO-10047;MRO-50009,CNC Lathe,PUN-01,train,12,normal,normal,approved_on_validation,우선 점검 후보
2022-01-22,AST-1042,A2,0,0.0032976863636776,7.404878402232204e-12,7.46314022791253e-15,MRO-50009;MRO-80001;MRO-30011,MRO-50009;MRO-80001;MRO-10047,CNC Lathe,PUN-01,train,12,normal,normal,approved_on_validation,우선 점검 후보
2022-01-22,AST-2017,A2,0,0.003282699808208,7.2517357167112855e-12,7.330892373869371e-15,MRO-20031;MRO-50009;MRO-20032,MRO-20031;MRO-50009;MRO-10045,Hydraulic Press,PUN-01,train,12,normal,normal,approved_on_validation,우선 점검 후보
2022-01-22,AST-2031,A2,0,0.0032375916782309,6.6642730426414594e-12,6.712692710486901e-15,MRO-10047;MRO-50009;MRO-80001,MRO-10047;MRO-50009;MRO-80001,Hydraulic Press,CHN-02,train,12,normal,normal,approved_on_validation,우선 점검 후보
2022-01-22,AST-3008,A2,0,0.0033270169388361,6.679916219183404e-12,7.402751744720749e-15,MRO-70005;MRO-10045;MRO-10046,MRO-10045;MRO-10046;MRO-10047,Belt Conveyor,CHN-02,train,12,normal,normal,approved_on_validation,우선 점검 후보
2022-01-22,AST-3019,A2,0,0.0033535174885228,7.521755742694492e-12,7.760655154748881e-15,MRO-50008;MRO-50009;MRO-10045,MRO-50009;MRO-10045;MRO-10046,Belt Conveyor,CHN-02,train,12,normal,normal,approved_on_validation,우선 점검 후보
2022-01-22,AST-4055,A2,0,0.003309775927197,6.990487225035032e-12,7.233515609410692e-15,MRO-10046;MRO-10045;MRO-10047,MRO-10046;MRO-10045;MRO-10047,Screw Compressor,DHR-03,train,12,normal,normal,approved_on_validation,우선 점검 후보
2022-01-22,AST-4061,A2,0,0.0032655076295967,6.6100722659334914e-12,6.798881526115748e-15,MRO-40022;MRO-60015;MRO-20032,MRO-10045;MRO-80001;MRO-10046,Screw Compressor,DHR-03,train,12,normal,normal,approved_on_validation,우선 점검 후보
2022-01-22,AST-5003,A2,0,0.0032725059475668,6.526729363970201e-12,6.865367135359369e-15,MRO-70004;MRO-70005;MRO-10045,MRO-10045;MRO-10046;MRO-80001,EOT Crane,DHR-03,train,12,normal,normal,approved_on_validation,우선 점검 후보
2022-01-22,AST-5007,A2,0,0.0032422794780802,6.6734465859240295e-12,6.717709052181434e-15,MRO-80002;MRO-50009;MRO-80001,MRO-50009;MRO-80001;MRO-10045,EOT Crane,PUN-01,train,12,normal,normal,approved_on_validation,우선 점검 후보
2022-01-23,AST-1041,A2,0,0.0032814558567708,6.771945743544394e-12,7.025520040225132e-15,MRO-70004;MRO-70005;MRO-10046,MRO-10046;MRO-10047;MRO-50009,CNC Lathe,PUN-01,train,12,normal,normal,approved_on_validation,우선 점검 후보
2022-01-23,AST-1042,A2,0,0.003302490284842,7.420272331279278e-12,7.503681351837884e-15,MRO-50009;MRO-10045;MRO-10046,MRO-50009;MRO-10045;MRO-10046,CNC Lathe,PUN-01,train,12,normal,normal,approved_on_validation,우선 점검 후보
2022-01-23,AST-2017,A2,0,0.0033063636490201,7.50124935277254e-12,7.607794385927832e-15,MRO-20031;MRO-50009;MRO-20032,MRO-20031;MRO-50009;MRO-10045,Hydraulic Press,PUN-01,train,12,normal,normal,approved_on_validation,우선 점검 후보
2022-01-23,AST-2031,A2,0,0.0033763246145967,8.619813541098915e-12,8.632574414772598e-15,MRO-10045;MRO-10047;MRO-10046,MRO-10045;MRO-10047;MRO-10046,Hydraulic Press,CHN-02,train,12,normal,normal,approved_on_validation,우선 점검 후보
2022-01-23,AST-3008,A2,0,0.0033706859666051,6.680770587562324e-12,7.550759403246991e-15,MRO-70005;MRO-40021;MRO-50008,MRO-10045;MRO-10046;MRO-10047,Belt Conveyor,CHN-02,train,12,normal,normal,approved_on_validation,우선 점검 후보
2022-01-23,AST-3019,A2,0,0.0033028886121137,6.632226023422518e-12,7.016486615799257e-15,MRO-20033;MRO-90011;MRO-90012,MRO-50009;MRO-10046;MRO-20031,Belt Conveyor,CHN-02,train,12,normal,normal,approved_on_validation,우선 점검 후보
2022-01-23,AST-4055,A2,0,0.0032604734036602,6.794045089669381e-12,6.894065511472006e-15,MRO-10046;MRO-10045;MRO-10047,MRO-10046;MRO-10045;MRO-10047,Screw Compressor,DHR-03,train,12,normal,normal,approved_on_validation,우선 점검 후보
2022-01-23,AST-4061,A2,0,0.0032423666197491,6.6558821123333135e-12,6.727407722403236e-15,MRO-70005;MRO-10045;MRO-10046,MRO-10045;MRO-10046;MRO-10047,Screw Compressor,DHR-03,train,12,normal,normal,approved_on_validation,우선 점검 후보
2022-01-23,AST-5003,A2,0,0.0032386300371891,6.5884973702019576e-12,6.667225259993112e-15,MRO-70005;MRO-10045;MRO-10046,MRO-10045;MRO-10046;MRO-50009,EOT Crane,DHR-03,train,12,normal,normal,approved_on_validation,우선 점검 후보
2022-01-23,AST-5007,A2,0,0.0033182752061769,6.687496492090511e-12,7.25297918106855e-15,MRO-70005;MRO-10046;MRO-10047,MRO-10046;MRO-10047;MRO-50009,EOT Crane,PUN-01,train,12,normal,normal,approved_on_validation,우선 점검 후보
2022-01-24,AST-1041,A2,4,7.431628977522329,0.1854224122659823,0.1254891546231579,MRO-80001;MRO-50009;MRO-10046,MRO-80001;MRO-50009;MRO-10046,CNC Lathe,PUN-01,train,12,caution,risk,approved_on_validation,우선 점검 후보
2022-01-24,AST-1042,A2,2,6.510257259008767,0.1308642307248203,0.0836959707801589,MRO-20031;MRO-50009;MRO-80001,MRO-20031;MRO-50009;MRO-80001,CNC Lathe,PUN-01,train,12,caution,risk,approved_on_validation,우선 점검 후보
2022-01-24,AST-2017,A2,18,8.339726864836436,0.2452976461761376,0.1768629389571717,MRO-10046;MRO-80001;MRO-20031,MRO-10046;MRO-80001;MRO-20031,Hydraulic Press,PUN-01,train,12,high_risk,risk,approved_on_validation,우선 점검 후보
2022-01-24,AST-2031,A2,14,8.071275315310665,0.2253336436947562,0.1618236394187358,MRO-10046;MRO-10045;MRO-20031,MRO-10046;MRO-10045;MRO-20031,Hydraulic Press,CHN-02,train,12,high_risk,risk,approved_on_validation,우선 점검 후보
2022-01-24,AST-3008,A2,7,7.43658914825137,0.1800477824346502,0.127470947278519,MRO-10047;MRO-20031;MRO-10045,MRO-10047;MRO-20031;MRO-10045,Belt Conveyor,CHN-02,train,12,risk,risk,approved_on_validation,우선 점검 후보
2022-01-24,AST-3019,A2,10,6.082499408569537,0.1070483738322232,0.0673206131732132,MRO-50009;MRO-10045;MRO-80001,MRO-50009;MRO-10045;MRO-80001,Belt Conveyor,CHN-02,train,12,risk,risk,approved_on_validation,우선 점검 후보
2022-01-24,AST-4055,A2,6,8.32822633840933,0.2454441809301735,0.1746182429133577,MRO-50009;MRO-80001;MRO-10045,MRO-50009;MRO-80001;MRO-10045,Screw Compressor,DHR-03,train,12,risk,risk,approved_on_validation,우선 점검 후보
2022-01-24,AST-4061,A2,6,5.904129932658068,0.0979845137064301,0.0607126480547777,MRO-20031;MRO-30011;MRO-10046,MRO-20031;MRO-10046;MRO-10047,Screw Compressor,DHR-03,train,12,risk,risk,approved_on_validation,우선 점검 후보
2022-01-24,AST-5003,A2,3,8.038509063303236,0.2231199795112195,0.1590972405734894,MRO-20031;MRO-50009;MRO-10047,MRO-20031;MRO-50009;MRO-10047,EOT Crane,DHR-03,train,12,caution,risk,approved_on_validation,우선 점검 후보
2022-01-24,AST-5007,A2,5,5.628063727672843,0.0815029652238909,0.050575728144073,MRO-80002;MRO-10046;MRO-50009,MRO-10046;MRO-50009;MRO-10045,EOT Crane,PUN-01,train,12,caution,caution,approved_on_validation,우선 점검 후보
2022-01-25,AST-1041,A2,1,6.342754425659499,0.1180998761737845,0.0764973163122304,MRO-80001;MRO-50009;MRO-10046,MRO-80001;MRO-50009;MRO-10046,CNC Lathe,PUN-01,train,12,caution,risk,approved_on_validation,우선 점검 후보
2022-01-25,AST-1042,A2,5,7.0668202168009095,0.1618294482620352,0.1092485857173629,MRO-20031;MRO-50009;MRO-10047,MRO-20031;MRO-50009;MRO-10047,CNC Lathe,PUN-01,train,12,caution,risk,approved_on_validation,우선 점검 후보
2022-01-25,AST-2017,A2,7,8.504029016447543,0.2542679949991235,0.1876576661872718,MRO-80001;MRO-10047;MRO-10045,MRO-80001;MRO-10047;MRO-10045,Hydraulic Press,PUN-01,train,12,risk,risk,approved_on_validation,우선 점검 후보
2022-01-25,AST-2031,A2,10,8.321987412597927,0.2351111818387279,0.1756350252328315,MRO-20032;MRO-40022;MRO-60016,MRO-50009;MRO-10045;MRO-20031,Hydraulic Press,CHN-02,train,12,risk,risk,approved_on_validation,우선 점검 후보
2022-01-25,AST-3008,A2,9,7.7054994824831,0.1950684049233575,0.1383420842271866,MRO-40022;MRO-80001;MRO-80002,MRO-80001;MRO-10045;MRO-10047,Belt Conveyor,CHN-02,train,12,risk,risk,approved_on_validation,우선 점검 후보
2022-01-25,AST-3019,A2,8,5.923512643796305,0.1010550156996804,0.0613726371719242,MRO-50009;MRO-10045;MRO-10046,MRO-50009;MRO-10045;MRO-10046,Belt Conveyor,CHN-02,train,12,risk,risk,approved_on_validation,우선 점검 후보
2022-01-25,AST-4055,A2,10,8.036350934943753,0.2217985162894962,0.1586192370929362,MRO-50009;MRO-10045;MRO-80001,MRO-50009;MRO-10045;MRO-80001,Screw Compressor,DHR-03,train,12,risk,risk,approved_on_validation,우선 점검 후보
2022-01-25,AST-4061,A2,6,6.891235123688718,0.1508327315299912,0.0995007206030446,MRO-80001;MRO-20031;MRO-50009,MRO-80001;MRO-20031;MRO-50009,Screw Compressor,DHR-03,train,12,risk,risk,approved_on_validation,우선 점검 후보
2022-01-25,AST-5003,A2,7,8.191795892339428,0.23453898883416,0.1670422872876654,MRO-50009;MRO-10047;MRO-20031,MRO-50009;MRO-10047;MRO-20031,EOT Crane,DHR-03,train,12,risk,risk,approved_on_validation,우선 점검 후보
2022-01-25,AST-5007,A2,10,5.713264141602265,0.0859023773003889,0.0540218231778516,MRO-20031;MRO-10046;MRO-10045,MRO-20031;MRO-10046;MRO-10045,EOT Crane,PUN-01,train,12,risk,caution,approved_on_validation,우선 점검 후보
2022-01-26,AST-1041,A2,22,8.848189651208727,0.2864918311027416,0.2081963157036471,MRO-80001;MRO-10047;MRO-10045,MRO-80001;MRO-10047;MRO-10045,CNC Lathe,PUN-01,train,12,high_risk,risk,approved_on_validation,우선 점검 후보
2022-01-26,AST-1042,A2,12,6.872313388546071,0.15037099788472,0.0994427922710081,MRO-50009;MRO-20031;MRO-10047,MRO-50009;MRO-20031;MRO-10047,CNC Lathe,PUN-01,train,12,high_risk,risk,approved_on_validation,우선 점검 후보
2022-01-26,AST-2017,A2,5,7.655868027357752,0.1921596921819539,0.1330250038957463,MRO-80001;MRO-50008;MRO-40022,MRO-80001;MRO-10047;MRO-10046,Hydraulic Press,PUN-01,train,12,caution,risk,approved_on_validation,우선 점검 후보
2022-01-26,AST-2031,A2,5,8.26690717891555,0.2332856196964546,0.1741211645546309,MRO-20032;MRO-80001;MRO-10046,MRO-80001;MRO-10046;MRO-10047,Hydraulic Press,CHN-02,train,12,caution,risk,approved_on_validation,우선 점검 후보
2022-01-26,AST-3008,A2,4,7.092925558582045,0.1618171477113403,0.1079527514100114,MRO-10045;MRO-80001;MRO-10046,MRO-10045;MRO-80001;MRO-10046,Belt Conveyor,CHN-02,train,12,caution,risk,approved_on_validation,우선 점검 후보
2022-01-26,AST-3019,A2,7,5.520212531939238,0.0816371052077828,0.0489641263608629,MRO-10045;MRO-50009;MRO-10047,MRO-10045;MRO-50009;MRO-10047,Belt Conveyor,CHN-02,train,12,risk,caution,approved_on_validation,우선 점검 후보
2022-01-26,AST-4055,A2,1,8.647259405369052,0.2675897421549011,0.1944270667082579,MRO-10046;MRO-80001;MRO-10045,MRO-10046;MRO-80001;MRO-10045,Screw Compressor,DHR-03,train,12,caution,risk,approved_on_validation,우선 점검 후보
2022-01-26,AST-4061,A2,7,7.388722904589224,0.1805548435644469,0.1238653287548483,MRO-10047;MRO-10046;MRO-10045,MRO-10047;MRO-10046;MRO-10045,Screw Compressor,DHR-03,train,12,risk,risk,approved_on_validation,우선 점검 후보
2022-01-26,AST-5003,A2,12,8.021231084448038,0.2266562642275453,0.1585555853323153,MRO-80001;MRO-50009;MRO-10047,MRO-80001;MRO-50009;MRO-10047,EOT Crane,DHR-03,train,12,high_risk,risk,approved_on_validation,우선 점검 후보
2022-01-26,AST-5007,A2,1,5.165710749315838,0.065643039178717,0.0388879304436385,MRO-50009;MRO-20032;MRO-10046,MRO-50009;MRO-10046;MRO-20031,EOT Crane,PUN-01,train,12,caution,caution,approved_on_validation,우선 점검 후보
2022-01-27,AST-1041,A2,10,7.791344876973463,0.209252508046454,0.1433702557122811,MRO-10047;MRO-10046;MRO-30012,MRO-10047;MRO-10046;MRO-80001,CNC Lathe,PUN-01,train,12,risk,risk,approved_on_validation,우선 점검 후보
2022-01-27,AST-1042,A2,0,6.2963449565003,0.1175461224441461,0.0748634830022064,MRO-80001;MRO-10046;MRO-20031,MRO-80001;MRO-10046;MRO-20031,CNC Lathe,PUN-01,train,12,normal,risk,approved_on_validation,우선 점검 후보
2022-01-27,AST-2017,A2,4,8.17760840131572,0.2331351616174929,0.1668820748746892,MRO-80001;MRO-10047;MRO-10046,MRO-80001;MRO-10047;MRO-10046,Hydraulic Press,PUN-01,train,12,caution,risk,approved_on_validation,우선 점검 후보
2022-01-27,AST-2031,A2,7,7.885249070331412,0.2116321140952545,0.1489517259426339,MRO-10045;MRO-20031;MRO-60015,MRO-10045;MRO-20031;MRO-50009,Hydraulic Press,CHN-02,train,12,risk,risk,approved_on_validation,우선 점검 후보
2022-01-27,AST-3008,A2,8,6.555877386084113,0.1313062136796927,0.0855864395601832,MRO-10045;MRO-80001;MRO-20031,MRO-10045;MRO-80001;MRO-20031,Belt Conveyor,CHN-02,train,12,risk,risk,approved_on_validation,우선 점검 후보
2022-01-27,AST-3019,A2,6,5.65131943567282,0.0889072712667713,0.0524594834226725,MRO-20031;MRO-50009;MRO-10046,MRO-20031;MRO-50009;MRO-10046,Belt Conveyor,CHN-02,train,12,risk,caution,approved_on_validation,우선 점검 후보
2022-01-27,AST-4055,A2,2,8.13113220311333,0.2317262499468853,0.1640396884546843,MRO-80001;MRO-50009;MRO-10045,MRO-80001;MRO-50009;MRO-10045,Screw Compressor,DHR-03,train,12,caution,risk,approved_on_validation,우선 점검 후보
2022-01-27,AST-4061,A2,8,8.517015597787914,0.2638128952818317,0.1863949482427552,MRO-10046;MRO-10045;MRO-10047,MRO-10046;MRO-10045;MRO-10047,Screw Compressor,DHR-03,train,12,risk,risk,approved_on_validation,우선 점검 후보
2022-01-27,AST-5003,A2,15,8.599629831392468,0.2601620287758437,0.1916666133866273,MRO-10045;MRO-50009;MRO-10047,MRO-10045;MRO-50009;MRO-10047,EOT Crane,DHR-03,train,12,high_risk,risk,approved_on_validation,우선 점검 후보
2022-01-27,AST-5007,A2,9,6.1098165245541205,0.1082244208966934,0.0691642826292097,MRO-20031;MRO-10046;MRO-10045,MRO-20031;MRO-10046;MRO-10045,EOT Crane,PUN-01,train,12,risk,risk,approved_on_validation,우선 점검 후보
2022-01-28,AST-1041,A2,6,7.405209966602644,0.1847825636957034,0.1232698718491856,MRO-10047;MRO-80001;MRO-30012,MRO-10047;MRO-80001;MRO-10046,CNC Lathe,PUN-01,train,12,risk,risk,approved_on_validation,우선 점검 후보
2022-01-28,AST-1042,A2,6,6.420001440402032,0.124537289521512,0.0800296291451478,MRO-10046;MRO-80001;MRO-10045,MRO-10046;MRO-80001;MRO-10045,CNC Lathe,PUN-01,train,12,risk,risk,approved_on_validation,우선 점검 후보
2022-01-28,AST-2017,A2,10,9.503356352201209,0.3236422123418054,0.2538398923561984,MRO-80001;MRO-20032;MRO-10045,MRO-80001;MRO-10045;MRO-20031,Hydraulic Press,PUN-01,train,12,risk,risk,approved_on_validation,우선 점검 후보
2022-01-28,AST-2031,A2,12,8.191200137473874,0.2352037249748566,0.1684311655733606,MRO-20031;MRO-80001;MRO-10045,MRO-20031;MRO-80001;MRO-10045,Hydraulic Press,CHN-02,train,12,high_risk,risk,approved_on_validation,우선 점검 후보
2022-01-28,AST-3008,A2,9,6.864173694489067,0.1479265449961,0.0985627476911248,MRO-80001;MRO-20031;MRO-10045,MRO-80001;MRO-20031;MRO-10045,Belt Conveyor,CHN-02,train,12,risk,risk,approved_on_validation,우선 점검 후보
2022-01-28,AST-3019,A2,8,6.135035109516789,0.1098885811105383,0.0684371663358862,MRO-40021;MRO-20031;MRO-10045,MRO-20031;MRO-10045;MRO-80001,Belt Conveyor,CHN-02,train,12,risk,risk,approved_on_validation,우선 점검 후보
2022-01-28,AST-4055,A2,13,9.54028936957137,0.3307175865969805,0.256555780036156,MRO-10046;MRO-80001;MRO-50009,MRO-10046;MRO-80001;MRO-50009,Screw Compressor,DHR-03,train,12,high_risk,risk,approved_on_validation,우선 점검 후보
2022-01-28,AST-4061,A2,8,6.825899461071345,0.1470421521072606,0.0964454850803958,MRO-50009;MRO-20031;MRO-10045,MRO-50009;MRO-20031;MRO-10045,Screw Compressor,DHR-03,train,12,risk,risk,approved_on_validation,우선 점검 후보
2022-01-28,AST-5003,A2,2,7.611626537738768,0.1925562691476141,0.1359003026266987,MRO-50009;MRO-10047;MRO-10046,MRO-50009;MRO-10047;MRO-10046,EOT Crane,DHR-03,train,12,caution,risk,approved_on_validation,우선 점검 후보
2022-01-28,AST-5007,A2,2,6.249417018092043,0.1141106097411684,0.0727427364305207,MRO-20031;MRO-10047;MRO-10046,MRO-20031;MRO-10047;MRO-10046,EOT Crane,PUN-01,train,12,caution,risk,approved_on_validation,우선 점검 후보
2022-01-29,AST-1041,A2,0,0.0032363946189804,6.674344377141652e-12,6.721863663099074e-15,MRO-10045;MRO-70005;MRO-10047,MRO-10045;MRO-10047;MRO-10046,CNC Lathe,PUN-01,train,12,normal,normal,approved_on_validation,우선 점검 후보
2022-01-29,AST-1042,A2,0,0.00331105296701,6.713121585370028e-12,6.990625192791948e-15,MRO-20033;MRO-50008;MRO-80002,MRO-10047;MRO-10045;MRO-10046,CNC Lathe,PUN-01,train,12,normal,normal,approved_on_validation,우선 점검 후보
2022-01-29,AST-2017,A2,0,0.0032742914244289,7.027486353796317e-12,7.171432376693029e-15,MRO-20031;MRO-80001;MRO-30011,MRO-20031;MRO-80001;MRO-10045,Hydraulic Press,PUN-01,train,12,normal,normal,approved_on_validation,우선 점검 후보
2022-01-29,AST-2031,A2,0,0.003206809919408,6.4859026775994256e-12,6.4530916611939976e-15,MRO-10047;MRO-10046;MRO-10045,MRO-10047;MRO-10046;MRO-10045,Hydraulic Press,CHN-02,train,12,normal,normal,approved_on_validation,우선 점검 후보
2022-01-29,AST-3008,A2,0,0.0032461929685448,5.9762917785103194e-12,6.6282654774444685e-15,MRO-70005;MRO-70004;MRO-20031,MRO-20031;MRO-50009;MRO-10047,Belt Conveyor,CHN-02,train,12,normal,normal,approved_on_validation,우선 점검 후보
2022-01-29,AST-3019,A2,0,0.0031997542870743,6.6146786306965754e-12,6.5386986572303336e-15,MRO-50009;MRO-10045;MRO-10046,MRO-50009;MRO-10045;MRO-10046,Belt Conveyor,CHN-02,train,12,normal,normal,approved_on_validation,우선 점검 후보
2022-01-29,AST-4055,A2,0,0.0032457344115383,6.66555426740701e-12,6.742935337247241e-15,MRO-10047;MRO-20031;MRO-50009,MRO-10047;MRO-20031;MRO-50009,Screw Compressor,DHR-03,train,12,normal,normal,approved_on_validation,우선 점검 후보
2022-01-29,AST-4061,A2,0,0.0032780066738153,7.125403134139852e-12,7.198987683663468e-15,MRO-10046;MRO-10045;MRO-80001,MRO-10046;MRO-10045;MRO-80001,Screw Compressor,DHR-03,train,12,normal,normal,approved_on_validation,우선 점검 후보
2022-01-29,AST-5003,A2,0,0.0032836271563395,6.588625743520102e-12,6.942069254848851e-15,MRO-70004;MRO-30012;MRO-20032,MRO-10045;MRO-10046;MRO-50009,EOT Crane,DHR-03,train,12,normal,normal,approved_on_validation,우선 점검 후보
2022-01-29,AST-5007,A2,0,0.0032422367824385,6.779305002867816e-12,6.828828612079041e-15,MRO-10045;MRO-10047;MRO-50009,MRO-10045;MRO-10047;MRO-50009,EOT Crane,PUN-01,train,12,normal,normal,approved_on_validation,우선 점검 후보
2022-01-30,AST-1041,A2,0,0.0029631033635212,4.822882016861086e-12,4.547602415202789e-15,MRO-70005;MRO-10045;MRO-20033,MRO-10045;MRO-10046;MRO-20031,CNC Lathe,PUN-01,train,12,normal,normal,approved_on_validation,우선 점검 후보
2022-01-30,AST-1042,A2,0,0.0032359689949919,6.7116027961087306e-12,6.738470451834691e-15,MRO-10047;MRO-10045;MRO-10046,MRO-10047;MRO-10045;MRO-10046,CNC Lathe,PUN-01,train,12,normal,normal,approved_on_validation,우선 점검 후보
2022-01-30,AST-2017,A2,0,0.0032378172596172,6.524206303146534e-12,6.6263441269594346e-15,MRO-70005;MRO-10045;MRO-10047,MRO-10045;MRO-10047;MRO-50009,Hydraulic Press,PUN-01,train,12,normal,normal,approved_on_validation,우선 점검 후보
2022-01-30,AST-2031,A2,0,0.003181378035951,6.404612994851463e-12,6.2950603280730906e-15,MRO-10046;MRO-10045;MRO-20031,MRO-10046;MRO-10045;MRO-20031,Hydraulic Press,CHN-02,train,12,normal,normal,approved_on_validation,우선 점검 후보
2022-01-30,AST-3008,A2,0,0.003265451270312,6.781976264104309e-12,6.950270901155573e-15,MRO-70004;MRO-10045;MRO-70005,MRO-10045;MRO-10046;MRO-20031,Belt Conveyor,CHN-02,train,12,normal,normal,approved_on_validation,우선 점검 후보
2022-01-30,AST-3019,A2,0,0.003228565971001,6.61313898657542e-12,6.642413909596667e-15,MRO-10045;MRO-10046;MRO-10047,MRO-10045;MRO-10046;MRO-10047,Belt Conveyor,CHN-02,train,12,normal,normal,approved_on_validation,우선 점검 후보
2022-01-30,AST-4055,A2,0,0.0032625546758865,6.7716515291524505e-12,6.884851348635043e-15,MRO-10047;MRO-20031;MRO-50009,MRO-10047;MRO-20031;MRO-50009,Screw Compressor,DHR-03,train,12,normal,normal,approved_on_validation,우선 점검 후보
2022-01-30,AST-4061,A2,0,0.0033296001750951,6.759816734292692e-12,7.378301265507668e-15,MRO-70005;MRO-80001;MRO-10046,MRO-80001;MRO-10046;MRO-10047,Screw Compressor,DHR-03,train,12,normal,normal,approved_on_validation,우선 점검 후보
2022-01-30,AST-5003,A2,0,0.0032326611038181,6.602445521264227e-12,6.640981206388354e-15,MRO-70005;MRO-10045;MRO-10046,MRO-10045;MRO-10046;MRO-10047,EOT Crane,DHR-03,train,12,normal,normal,approved_on_validation,우선 점검 후보
2022-01-30,AST-5007,A2,0,0.0032937795385231,6.542324525771404e-12,7.051331259386124e-15,MRO-70005;MRO-10046;MRO-10047,MRO-10046;MRO-10047;MRO-20031,EOT Crane,PUN-01,train,12,normal,normal,approved_on_validation,우선 점검 후보
2022-01-31,AST-1041,A2,6,7.4784897643973105,0.1889420229409291,0.1278015858422676,MRO-50009;MRO-20031;MRO-10046,MRO-50009;MRO-20031;MRO-10046,CNC Lathe,PUN-01,train,12,risk,risk,approved_on_validation,우선 점검 후보
2022-01-31,AST-1042,A2,4,6.5307503029935186,0.1303104370829586,0.0833757792392982,MRO-10046;MRO-80001;MRO-10045,MRO-10046;MRO-80001;MRO-10045,CNC Lathe,PUN-01,train,12,caution,risk,approved_on_validation,우선 점검 후보
2022-01-31,AST-2017,A2,6,8.176870393765492,0.2330414628049281,0.1664114238139541,MRO-50009;MRO-80001;MRO-10047,MRO-50009;MRO-80001;MRO-10047,Hydraulic Press,PUN-01,train,12,risk,risk,approved_on_validation,우선 점검 후보
2022-01-31,AST-2031,A2,0,7.115294430256935,0.1608918931112176,0.1083255129204127,MRO-60015;MRO-10045;MRO-50009,MRO-10045;MRO-50009;MRO-20031,Hydraulic Press,CHN-02,train,12,normal,risk,approved_on_validation,우선 점검 후보
2022-01-31,AST-3008,A2,7,7.942822713648402,0.2156220114762782,0.1538290293345332,MRO-10046;MRO-80001;MRO-10045,MRO-10046;MRO-80001;MRO-10045,Belt Conveyor,CHN-02,train,12,risk,risk,approved_on_validation,우선 점검 후보
2022-01-31,AST-3019,A2,6,5.879672353189535,0.098202389512609,0.0602291185551408,MRO-20031;MRO-50009;MRO-10047,MRO-20031;MRO-50009;MRO-10047,Belt Conveyor,CHN-02,train,12,risk,risk,approved_on_validation,우선 점검 후보
2022-01-31,AST-4055,A2,3,8.1651917023957,0.2282848168327029,0.164525928541142,MRO-20033;MRO-40022;MRO-10046,MRO-10046;MRO-10047;MRO-10045,Screw Compressor,DHR-03,train,12,caution,risk,approved_on_validation,우선 점검 후보
2022-01-31,AST-4061,A2,9,6.790273869983223,0.1436070269236722,0.0948134375142539,MRO-10045;MRO-50009;MRO-10046,MRO-10045;MRO-50009;MRO-10046,Screw Compressor,DHR-03,train,12,risk,risk,approved_on_validation,우선 점검 후보
2022-01-31,AST-5003,A2,8,8.084214851289735,0.2315360642093489,0.1594670527200389,MRO-10046;MRO-80002;MRO-50009,MRO-10046;MRO-50009;MRO-10047,EOT Crane,DHR-03,train,12,risk,risk,approved_on_validation,우선 점검 후보
2022-01-31,AST-5007,A2,2,5.552117539908902,0.0797148748009344,0.0481333690207429,MRO-10046;MRO-60016;MRO-80001,MRO-10046;MRO-80001;MRO-20031,EOT Crane,PUN-01,train,12,caution,caution,approved_on_validation,우선 점검 후보
2022-02-01,AST-1041,A2,2,6.660466050358562,0.1379887534983329,0.0892865835727017,MRO-20031;MRO-10046;MRO-80001,MRO-20031;MRO-10046;MRO-80001,CNC Lathe,PUN-01,train,12,caution,risk,approved_on_validation,우선 점검 후보
2022-02-01,AST-1042,A2,8,7.922986034216603,0.2116292104003005,0.1505593942352343,MRO-10046;MRO-10045;MRO-60016,MRO-10046;MRO-10045;MRO-80001,CNC Lathe,PUN-01,train,12,risk,risk,approved_on_validation,우선 점검 후보
2022-02-01,AST-2017,A2,11,8.624369951053751,0.2649082881821652,0.193797247101027,MRO-80001;MRO-10047;MRO-50009,MRO-80001;MRO-10047;MRO-50009,Hydraulic Press,PUN-01,train,12,risk,risk,approved_on_validation,우선 점검 후보
2022-02-01,AST-2031,A2,8,7.82881446295501,0.2079265810434377,0.1449722163271439,MRO-50008;MRO-10045;MRO-20031,MRO-10045;MRO-20031;MRO-80001,Hydraulic Press,CHN-02,train,12,risk,risk,approved_on_validation,우선 점검 후보
2022-02-01,AST-3008,A2,5,7.087003995404171,0.1581960544311678,0.1085838964207985,MRO-30011;MRO-30012;MRO-80001,MRO-80001;MRO-10047;MRO-50009,Belt Conveyor,CHN-02,train,12,caution,risk,approved_on_validation,우선 점검 후보
2022-02-01,AST-3019,A2,0,5.710150664035491,0.0901193832726197,0.0547311271468697,MRO-10045;MRO-50009;MRO-20031,MRO-10045;MRO-50009;MRO-20031,Belt Conveyor,CHN-02,train,12,normal,caution,approved_on_validation,우선 점검 후보
2022-02-01,AST-4055,A2,9,8.466520855648362,0.2508285743415471,0.1848148933557305,MRO-10046;MRO-80001;MRO-10045,MRO-10046;MRO-80001;MRO-10045,Screw Compressor,DHR-03,train,12,risk,risk,approved_on_validation,우선 점검 후보
2022-02-01,AST-4061,A2,8,6.962439390513758,0.1527659407587763,0.1027664693172061,MRO-10045;MRO-50009;MRO-10047,MRO-10045;MRO-50009;MRO-10047,Screw Compressor,DHR-03,train,12,risk,risk,approved_on_validation,우선 점검 후보
2022-02-01,AST-5003,A2,16,8.81267099033731,0.2818032897351933,0.2058506847426626,MRO-10046;MRO-80001;MRO-50009,MRO-10046;MRO-80001;MRO-50009,EOT Crane,DHR-03,train,12,high_risk,risk,approved_on_validation,우선 점검 후보
2022-02-01,AST-5007,A2,1,5.73729354774022,0.0877054608607758,0.0546943547751626,MRO-10046;MRO-80001;MRO-10045,MRO-10046;MRO-80001;MRO-10045,EOT Crane,PUN-01,train,12,caution,caution,approved_on_validation,우선 점검 후보
2022-02-02,AST-1041,A2,2,6.894671948736552,0.1511161942432401,0.0985159771642616,MRO-30012;MRO-80001;MRO-10046,MRO-80001;MRO-10046;MRO-50009,CNC Lathe,PUN-01,train,12,caution,risk,approved_on_validation,우선 점검 후보
2022-02-02,AST-1042,A2,21,7.533958222894546,0.1925387275665117,0.1320585596790065,MRO-80001;MRO-10045;MRO-10046,MRO-80001;MRO-10045;MRO-10046,CNC Lathe,PUN-01,train,12,high_risk,risk,approved_on_validation,우선 점검 후보
2022-02-02,AST-2017,A2,8,8.010667664081872,0.2219063040737955,0.1565619575420997,MRO-80001;MRO-50009;MRO-10045,MRO-80001;MRO-50009;MRO-10045,Hydraulic Press,PUN-01,train,12,risk,risk,approved_on_validation,우선 점검 후보
2022-02-02,AST-2031,A2,4,6.860125675900395,0.1500498630096957,0.0990156508167929,MRO-10046;MRO-80001;MRO-20031,MRO-10046;MRO-80001;MRO-20031,Hydraulic Press,CHN-02,train,12,caution,risk,approved_on_validation,우선 점검 후보
2022-02-02,AST-3008,A2,8,7.546838137615921,0.1893380681463298,0.1305540027497108,MRO-20033;MRO-10046;MRO-10047,MRO-10046;MRO-10047;MRO-50009,Belt Conveyor,CHN-02,train,12,risk,risk,approved_on_validation,우선 점검 후보
2022-02-02,AST-3019,A2,0,5.5513126464038365,0.0827681098926157,0.0496259894388952,MRO-50009;MRO-10045;MRO-20031,MRO-50009;MRO-10045;MRO-20031,Belt Conveyor,CHN-02,train,12,normal,caution,approved_on_validation,우선 점검 후보
2022-02-02,AST-4055,A2,6,8.484230016484064,0.2548185785592068,0.1852422659907382,MRO-20031;MRO-10045;MRO-10047,MRO-20031;MRO-10045;MRO-10047,Screw Compressor,DHR-03,train,12,risk,risk,approved_on_validation,우선 점검 후보
2022-02-02,AST-4061,A2,14,7.051436257424752,0.1597424896150386,0.106941422300341,MRO-80001;MRO-10045;MRO-10046,MRO-80001;MRO-10045;MRO-10046,Screw Compressor,DHR-03,train,12,high_risk,risk,approved_on_validation,우선 점검 후보
2022-02-02,AST-5003,A2,4,7.4587263857641695,0.1831716206337813,0.1269339702304061,MRO-20031;MRO-10046;MRO-10047,MRO-20031;MRO-10046;MRO-10047,EOT Crane,DHR-03,train,12,caution,risk,approved_on_validation,우선 점검 후보
2022-02-02,AST-5007,A2,8,6.1986374188557285,0.1135558180475912,0.0718243171177772,MRO-10046;MRO-80001;MRO-10047,MRO-10046;MRO-80001;MRO-10047,EOT Crane,PUN-01,train,12,risk,risk,approved_on_validation,우선 점검 후보
2022-02-03,AST-1041,A2,2,7.281932007246186,0.1750532524415053,0.11760378161355,MRO-10047;MRO-10046;MRO-80001,MRO-10047;MRO-10046;MRO-80001,CNC Lathe,PUN-01,train,12,caution,risk,approved_on_validation,우선 점검 후보
2022-02-03,AST-1042,A2,12,5.844892295785992,0.0931365826538856,0.0574977177489131,MRO-20033;MRO-20031;MRO-50009,MRO-20031;MRO-50009;MRO-10047,CNC Lathe,PUN-01,train,12,high_risk,risk,approved_on_validation,우선 점검 후보
2022-02-03,AST-2017,A2,10,8.723192461231271,0.2703372374397312,0.2006542732919312,MRO-50009;MRO-10047;MRO-80001,MRO-50009;MRO-10047;MRO-80001,Hydraulic Press,PUN-01,train,12,risk,risk,approved_on_validation,우선 점검 후보
2022-02-03,AST-2031,A2,16,7.94841446741084,0.2169301831152824,0.1526008753595879,MRO-20031;MRO-80001;MRO-10045,MRO-20031;MRO-80001;MRO-10045,Hydraulic Press,CHN-02,train,12,high_risk,risk,approved_on_validation,우선 점검 후보
2022-02-03,AST-3008,A2,3,6.1823709407394976,0.1114844213630064,0.0702411043424436,MRO-10047;MRO-20031;MRO-20033,MRO-10047;MRO-20031;MRO-80001,Belt Conveyor,CHN-02,train,12,caution,risk,approved_on_validation,우선 점검 후보
2022-02-03,AST-3019,A2,8,5.6554317084638805,0.088082479946999,0.0521934072234422,MRO-10045;MRO-20031;MRO-50009,MRO-10045;MRO-20031;MRO-50009,Belt Conveyor,CHN-02,train,12,risk,caution,approved_on_validation,우선 점검 후보
2022-02-03,AST-4055,A2,4,8.19930120295783,0.237357972514574,0.1678532398694798,MRO-10046;MRO-10045;MRO-50009,MRO-10046;MRO-10045;MRO-50009,Screw Compressor,DHR-03,train,12,caution,risk,approved_on_validation,우선 점검 후보
2022-02-03,AST-4061,A2,8,6.805780696884938,0.1438721381722904,0.0951569393842041,MRO-50009;MRO-20031;MRO-10047,MRO-50009;MRO-20031;MRO-10047,Screw Compressor,DHR-03,train,12,risk,risk,approved_on_validation,우선 점검 후보
2022-02-03,AST-5003,A2,9,8.38806705849458,0.2445865724896046,0.1787174384399982,MRO-10047;MRO-10045;MRO-10046,MRO-10047;MRO-10045;MRO-10046,EOT Crane,DHR-03,train,12,risk,risk,approved_on_validation,우선 점검 후보
2022-02-03,AST-5007,A2,0,5.466997805162349,0.0762621877853613,0.0463735000035715,MRO-20031;MRO-80001;MRO-10046,MRO-20031;MRO-80001;MRO-10046,EOT Crane,PUN-01,train,12,normal,caution,approved_on_validation,우선 점검 후보
2022-02-04,AST-1041,A2,6,6.834217056949564,0.1488816223906625,0.0968657237702703,MRO-10047;MRO-10046;MRO-80001,MRO-10047;MRO-10046;MRO-80001,CNC Lathe,PUN-01,train,12,risk,risk,approved_on_validation,우선 점검 후보
2022-02-04,AST-1042,A2,2,6.048792029947748,0.0995036356434035,0.0650000609138976,MRO-50009;MRO-20031;MRO-80001,MRO-50009;MRO-20031;MRO-80001,CNC Lathe,PUN-01,train,12,caution,risk,approved_on_validation,우선 점검 후보
2022-02-04,AST-2017,A2,3,7.826709038133262,0.2000361291904398,0.1440923943040607,MRO-80001;MRO-40022;MRO-30011,MRO-80001;MRO-10047;MRO-20031,Hydraulic Press,PUN-01,train,12,caution,risk,approved_on_validation,우선 점검 후보
2022-02-04,AST-2031,A2,5,9.285434379944803,0.3071337741138264,0.2374424214767908,MRO-10047;MRO-50009;MRO-80002,MRO-10047;MRO-50009;MRO-10045,Hydraulic Press,CHN-02,train,12,caution,risk,approved_on_validation,우선 점검 후보
2022-02-04,AST-3008,A2,14,7.352018146870565,0.176271210061199,0.120848138306976,MRO-10046;MRO-80001;MRO-50009,MRO-10046;MRO-80001;MRO-50009,Belt Conveyor,CHN-02,train,12,high_risk,risk,approved_on_validation,우선 점검 후보
2022-02-04,AST-3019,A2,9,6.103612679627727,0.1072693157096108,0.0673828094371562,MRO-50009;MRO-20031;MRO-80001,MRO-50009;MRO-20031;MRO-80001,Belt Conveyor,CHN-02,train,12,risk,risk,approved_on_validation,우선 점검 후보
2022-02-04,AST-4055,A2,1,7.986832741965001,0.2214733669723756,0.1562015126617125,MRO-10046;MRO-10045;MRO-50009,MRO-10046;MRO-10045;MRO-50009,Screw Compressor,DHR-03,train,12,caution,risk,approved_on_validation,우선 점검 후보
2022-02-04,AST-4061,A2,19,8.667906292936955,0.27059585875802,0.195063559793511,MRO-80001;MRO-10045;MRO-20031,MRO-80001;MRO-10045;MRO-20031,Screw Compressor,DHR-03,train,12,high_risk,risk,approved_on_validation,우선 점검 후보
2022-02-04,AST-5003,A2,11,7.777069535447823,0.2038456528976363,0.1426851324181193,MRO-10046;MRO-50009;MRO-10045,MRO-10046;MRO-50009;MRO-10045,EOT Crane,DHR-03,train,12,risk,risk,approved_on_validation,우선 점검 후보
2022-02-04,AST-5007,A2,3,5.50735266820656,0.0762816337295437,0.0473356677545119,MRO-20032;MRO-80001;MRO-40022,MRO-80001;MRO-10045;MRO-20031,EOT Crane,PUN-01,train,12,caution,caution,approved_on_validation,우선 점검 후보
2022-02-05,AST-1041,A2,0,0.0032886534021723,6.378408572333409e-12,6.989822298760961e-15,MRO-70005;MRO-10046;MRO-50009,MRO-10046;MRO-50009;MRO-80001,CNC Lathe,PUN-01,train,12,normal,normal,approved_on_validation,우선 점검 후보
2022-02-05,AST-1042,A2,0,0.0032232585774,6.697195468793154e-12,6.685322773948516e-15,MRO-10047;MRO-10045;MRO-50009,MRO-10047;MRO-10045;MRO-50009,CNC Lathe,PUN-01,train,12,normal,normal,approved_on_validation,우선 점검 후보
2022-02-05,AST-2017,A2,0,0.0032365692257919,6.8779088734559505e-12,6.8768930167797584e-15,MRO-20031;MRO-70005;MRO-10045,MRO-20031;MRO-10045;MRO-10046,Hydraulic Press,PUN-01,train,12,normal,normal,approved_on_validation,우선 점검 후보
2022-02-05,AST-2031,A2,0,0.0034033277212779,8.860541943914196e-12,8.923582845427668e-15,MRO-10046;MRO-20031;MRO-10045,MRO-10046;MRO-20031;MRO-10045,Hydraulic Press,CHN-02,train,12,normal,normal,approved_on_validation,우선 점검 후보
2022-02-05,AST-3008,A2,0,0.0033543802621318,6.760064963820094e-12,7.540089631178975e-15,MRO-70005;MRO-10045;MRO-10046,MRO-10045;MRO-10046;MRO-20031,Belt Conveyor,CHN-02,train,12,normal,normal,approved_on_validation,우선 점검 후보
2022-02-05,AST-3019,A2,0,0.0034033420040104,9.1158411404897e-12,9.174141594654026e-15,MRO-90012;MRO-10047;MRO-10045,MRO-10047;MRO-10045;MRO-80001,Belt Conveyor,CHN-02,train,12,normal,normal,approved_on_validation,우선 점검 후보
2022-02-05,AST-4055,A2,0,0.0033569607349082,6.9721682992284376e-12,7.347160628373586e-15,MRO-60016;MRO-20031;MRO-10045,MRO-20031;MRO-10045;MRO-10046,Screw Compressor,DHR-03,train,12,normal,normal,approved_on_validation,우선 점검 후보
2022-02-05,AST-4061,A2,0,0.0033070843526271,7.165407640153865e-12,7.346818537552987e-15,MRO-10045;MRO-20031;MRO-80001,MRO-10045;MRO-20031;MRO-80001,Screw Compressor,DHR-03,train,12,normal,normal,approved_on_validation,우선 점검 후보
2022-02-05,AST-5003,A2,0,0.0031548667069494,5.525185297482961e-12,5.580453583072803e-15,MRO-30012;MRO-30011;MRO-40022,MRO-10045;MRO-10046;MRO-50009,EOT Crane,DHR-03,train,12,normal,normal,approved_on_validation,우선 점검 후보
2022-02-05,AST-5007,A2,0,0.0032611470477582,6.794057268324476e-12,6.896498844490813e-15,MRO-60016;MRO-20032;MRO-10045,MRO-10045;MRO-10046;MRO-10047,EOT Crane,PUN-01,train,12,normal,normal,approved_on_validation,우선 점검 후보
2022-02-06,AST-1041,A2,0,0.0032669711193073,6.7361511533497135e-12,6.940083563072759e-15,MRO-70004;MRO-10045;MRO-70005,MRO-10045;MRO-10046;MRO-50009,CNC Lathe,PUN-01,train,12,normal,normal,approved_on_validation,우선 점검 후보
2022-02-06,AST-1042,A2,0,0.0032365545815809,6.711614377889574e-12,6.7404368376676366e-15,MRO-10047;MRO-10045;MRO-10046,MRO-10047;MRO-10045;MRO-10046,CNC Lathe,PUN-01,train,12,normal,normal,approved_on_validation,우선 점검 후보
2022-02-06,AST-2017,A2,0,0.0032977938521738,6.921109545379744e-12,7.126683013348411e-15,MRO-60016;MRO-20031;MRO-70005,MRO-20031;MRO-10045;MRO-10046,Hydraulic Press,PUN-01,train,12,normal,normal,approved_on_validation,우선 점검 후보
2022-02-06,AST-2031,A2,0,0.0032012898675349,6.536827488144721e-12,6.470355800555858e-15,MRO-10045;MRO-10047;MRO-50009,MRO-10045;MRO-10047;MRO-50009,Hydraulic Press,CHN-02,train,12,normal,normal,approved_on_validation,우선 점검 후보
2022-02-06,AST-3008,A2,0,0.0033361025221733,6.673117368383394e-12,7.384533198382785e-15,MRO-70005;MRO-10045;MRO-10046,MRO-10045;MRO-10046;MRO-20031,Belt Conveyor,CHN-02,train,12,normal,normal,approved_on_validation,우선 점검 후보
2022-02-06,AST-3019,A2,0,0.0032293469811265,6.606191025754674e-12,6.633973859075691e-15,MRO-90012;MRO-10045;MRO-10046,MRO-10045;MRO-10046;MRO-50009,Belt Conveyor,CHN-02,train,12,normal,normal,approved_on_validation,우선 점검 후보
2022-02-06,AST-4055,A2,0,0.0033577495776555,6.9721808868845716e-12,7.350685960364422e-15,MRO-60016;MRO-20031;MRO-10045,MRO-20031;MRO-10045;MRO-10046,Screw Compressor,DHR-03,train,12,normal,normal,approved_on_validation,우선 점검 후보
2022-02-06,AST-4061,A2,0,0.0032591175900225,6.762093290183907e-12,6.869752651524747e-15,MRO-10045;MRO-10046;MRO-10047,MRO-10045;MRO-10046;MRO-10047,Screw Compressor,DHR-03,train,12,normal,normal,approved_on_validation,우선 점검 후보
2022-02-06,AST-5003,A2,0,0.0032574349797795,6.873042771289078e-12,6.919101512427409e-15,MRO-30012;MRO-10047;MRO-20031,MRO-10047;MRO-20031;MRO-10045,EOT Crane,DHR-03,train,12,normal,normal,approved_on_validation,우선 점검 후보
2022-02-06,AST-5007,A2,0,0.0032508872980145,6.7939197853494084e-12,6.850058416166912e-15,MRO-10045;MRO-10046;MRO-10047,MRO-10045;MRO-10046;MRO-10047,EOT Crane,PUN-01,train,12,normal,normal,approved_on_validation,우선 점검 후보
2022-02-07,AST-1041,A2,7,6.4539803867644725,0.1257464082198456,0.0798108212692123,MRO-10046;MRO-80001;MRO-20031,MRO-10046;MRO-80001;MRO-20031,CNC Lathe,PUN-01,train,12,risk,risk,approved_on_validation,우선 점검 후보
2022-02-07,AST-1042,A2,10,7.630201907987051,0.1934619007421116,0.1351581872855846,MRO-20031;MRO-80001;MRO-10046,MRO-20031;MRO-80001;MRO-10046,CNC Lathe,PUN-01,train,12,risk,risk,approved_on_validation,우선 점검 후보
2022-02-07,AST-2017,A2,17,10.384133506731272,0.3964360089842274,0.3132013728875183,MRO-80001;MRO-40022;MRO-50008,MRO-80001;MRO-10045;MRO-10047,Hydraulic Press,PUN-01,train,12,high_risk,risk,approved_on_validation,우선 점검 후보
2022-02-07,AST-2031,A2,14,7.716438123547326,0.1992825125758676,0.1396912321725462,MRO-10045;MRO-80001;MRO-50009,MRO-10045;MRO-80001;MRO-50009,Hydraulic Press,CHN-02,train,12,high_risk,risk,approved_on_validation,우선 점검 후보
2022-02-07,AST-3008,A2,6,7.284598845067078,0.1737424514686848,0.1196698621839404,MRO-80001;MRO-20031;MRO-10047,MRO-80001;MRO-20031;MRO-10047,Belt Conveyor,CHN-02,train,12,risk,risk,approved_on_validation,우선 점검 후보
2022-02-07,AST-3019,A2,12,6.063322392792551,0.1038625794092709,0.0656011670399368,MRO-60016;MRO-20031;MRO-10046,MRO-20031;MRO-10046;MRO-10047,Belt Conveyor,CHN-02,train,12,high_risk,risk,approved_on_validation,우선 점검 후보
2022-02-07,AST-4055,A2,6,8.115346778934542,0.2283203730272951,0.1624232581738205,MRO-10046;MRO-50009;MRO-10045,MRO-10046;MRO-50009;MRO-10045,Screw Compressor,DHR-03,train,12,risk,risk,approved_on_validation,우선 점검 후보
2022-02-07,AST-4061,A2,10,6.7370731178559575,0.1391087666859846,0.0915933646365855,MRO-80001;MRO-50009;MRO-10047,MRO-80001;MRO-50009;MRO-10047,Screw Compressor,DHR-03,train,12,risk,risk,approved_on_validation,우선 점검 후보
2022-02-07,AST-5003,A2,10,9.052674292489865,0.2933053726031431,0.2201790472183797,MRO-40021;MRO-10046;MRO-50009,MRO-10046;MRO-50009;MRO-80001,EOT Crane,DHR-03,train,12,risk,risk,approved_on_validation,우선 점검 후보
2022-02-07,AST-5007,A2,12,6.455541092694269,0.1233976091628703,0.0783140298930926,MRO-30011;MRO-40022;MRO-50008,MRO-10045;MRO-20031;MRO-50009,EOT Crane,PUN-01,train,12,high_risk,risk,approved_on_validation,우선 점검 후보
2022-02-08,AST-1041,A2,7,7.411231802931197,0.1785443001732271,0.1230562307532014,MRO-30012;MRO-10045;MRO-10046,MRO-10045;MRO-10046;MRO-20031,CNC Lathe,PUN-01,train,12,risk,risk,approved_on_validation,우선 점검 후보
2022-02-08,AST-1042,A2,8,6.3980434785789635,0.122801283936271,0.0786433244086927,MRO-10046;MRO-10045;MRO-50009,MRO-10046;MRO-10045;MRO-50009,CNC Lathe,PUN-01,train,12,risk,risk,approved_on_validation,우선 점검 후보
2022-02-08,AST-2017,A2,19,8.751479339183545,0.276045218835016,0.2024303322082667,MRO-10046;MRO-10045;MRO-20031,MRO-10046;MRO-10045;MRO-20031,Hydraulic Press,PUN-01,train,12,high_risk,risk,approved_on_validation,우선 점검 후보
2022-02-08,AST-2031,A2,14,7.486161644992101,0.1863855504890619,0.1289926504549839,MRO-10045;MRO-80001;MRO-50009,MRO-10045;MRO-80001;MRO-50009,Hydraulic Press,CHN-02,train,12,high_risk,risk,approved_on_validation,우선 점검 후보
2022-02-08,AST-3008,A2,4,6.445201751888322,0.1241670829689056,0.0800916551175025,MRO-10047;MRO-80001;MRO-80002,MRO-10047;MRO-80001;MRO-10046,Belt Conveyor,CHN-02,train,12,caution,risk,approved_on_validation,우선 점검 후보
2022-02-08,AST-3019,A2,2,5.796849662444305,0.0919148387198161,0.0577360365082829,MRO-20031;MRO-10047;MRO-10046,MRO-20031;MRO-10047;MRO-10046,Belt Conveyor,CHN-02,train,12,caution,caution,approved_on_validation,우선 점검 후보
2022-02-08,AST-4055,A2,7,8.10510399969827,0.2269989958572374,0.1627303076514598,MRO-10046;MRO-10045;MRO-10047,MRO-10046;MRO-10045;MRO-10047,Screw Compressor,DHR-03,train,12,risk,risk,approved_on_validation,우선 점검 후보
2022-02-08,AST-4061,A2,8,6.977426590072493,0.1534445520258794,0.10328763014605,MRO-20031;MRO-10045;MRO-50009,MRO-20031;MRO-10045;MRO-50009,Screw Compressor,DHR-03,train,12,risk,risk,approved_on_validation,우선 점검 후보
2022-02-08,AST-5003,A2,7,9.013959631760876,0.2856962438801766,0.2164472779213225,MRO-30012;MRO-20033;MRO-50008,MRO-10045;MRO-10046;MRO-20031,EOT Crane,DHR-03,train,12,risk,risk,approved_on_validation,우선 점검 후보
2022-02-08,AST-5007,A2,2,5.913778103020159,0.0972686336234246,0.0607616639225397,MRO-20031;MRO-10045;MRO-80001,MRO-20031;MRO-10045;MRO-80001,EOT Crane,PUN-01,train,12,caution,risk,approved_on_validation,우선 점검 후보
2022-02-09,AST-1041,A2,10,6.807973278111529,0.1475118698483849,0.0952651383641068,MRO-80001;MRO-10046;MRO-50009,MRO-80001;MRO-10046;MRO-50009,CNC Lathe,PUN-01,train,12,risk,risk,approved_on_validation,우선 점검 후보
2022-02-09,AST-1042,A2,1,6.103799665518126,0.1078423420390389,0.0669267280034062,MRO-10046;MRO-50009;MRO-80001,MRO-10046;MRO-50009;MRO-80001,CNC Lathe,PUN-01,train,12,caution,risk,approved_on_validation,우선 점검 후보
2022-02-09,AST-2017,A2,11,9.554522157947048,0.3302340212570122,0.2545850306605167,MRO-40022;MRO-50009;MRO-10047,MRO-50009;MRO-10047;MRO-80001,Hydraulic Press,PUN-01,train,12,risk,risk,approved_on_validation,우선 점검 후보
2022-02-09,AST-2031,A2,16,8.602158364427202,0.2656070416105894,0.1924854547440984,MRO-10045;MRO-10046;MRO-80001,MRO-10045;MRO-10046;MRO-80001,Hydraulic Press,CHN-02,train,12,high_risk,risk,approved_on_validation,우선 점검 후보
2022-02-09,AST-3008,A2,9,6.997807673248165,0.1526545172994965,0.1052973884809831,MRO-70005;MRO-80001;MRO-10047,MRO-80001;MRO-10047;MRO-20031,Belt Conveyor,CHN-02,train,12,risk,risk,approved_on_validation,우선 점검 후보
2022-02-09,AST-3019,A2,1,5.840378854840361,0.0942785634116852,0.0582758666781014,MRO-20031;MRO-10047;MRO-10046,MRO-20031;MRO-10047;MRO-10046,Belt Conveyor,CHN-02,train,12,caution,risk,approved_on_validation,우선 점검 후보
2022-02-09,AST-4055,A2,12,8.471807747467842,0.2558744427923365,0.1839711548961231,MRO-20031;MRO-80001;MRO-10045,MRO-20031;MRO-80001;MRO-10045,Screw Compressor,DHR-03,train,12,high_risk,risk,approved_on_validation,우선 점검 후보
2022-02-09,AST-4061,A2,10,7.3185805158224495,0.1753407416881702,0.119516723373771,MRO-10045;MRO-10046;MRO-50009,MRO-10045;MRO-10046;MRO-50009,Screw Compressor,DHR-03,train,12,risk,risk,approved_on_validation,우선 점검 후보
2022-02-09,AST-5003,A2,4,7.928879040760622,0.2117267834622251,0.1525648338729121,MRO-10046;MRO-50009;MRO-10045,MRO-10046;MRO-50009;MRO-10045,EOT Crane,DHR-03,train,12,caution,risk,approved_on_validation,우선 점검 후보
2022-02-09,AST-5007,A2,10,6.367147206380419,0.1199223716693795,0.0770824995616399,MRO-20031;MRO-50009;MRO-10046,MRO-20031;MRO-50009;MRO-10046,EOT Crane,PUN-01,train,12,risk,risk,approved_on_validation,우선 점검 후보
2022-02-10,AST-1041,A2,12,7.86198203866991,0.2144942764797895,0.146115649294287,MRO-10045;MRO-10046;MRO-80002,MRO-10045;MRO-10046;MRO-50009,CNC Lathe,PUN-01,train,12,high_risk,risk,approved_on_validation,우선 점검 후보
2022-02-10,AST-1042,A2,12,6.507284213971531,0.1242825062259869,0.0810752006735954,MRO-40022;MRO-40021;MRO-10046,MRO-10046;MRO-50009;MRO-20031,CNC Lathe,PUN-01,train,12,high_risk,risk,approved_on_validation,우선 점검 후보
2022-02-10,AST-2017,A2,8,8.958962253844536,0.2927964463684372,0.216915565979494,MRO-10047;MRO-10046;MRO-10045,MRO-10047;MRO-10046;MRO-10045,Hydraulic Press,PUN-01,train,12,risk,risk,approved_on_validation,우선 점검 후보
2022-02-10,AST-2031,A2,10,7.951678739374464,0.2157595402698625,0.1512691315423175,MRO-60015;MRO-30012;MRO-50008,MRO-10046;MRO-10047;MRO-50009,Hydraulic Press,CHN-02,train,12,risk,risk,approved_on_validation,우선 점검 후보
2022-02-10,AST-3008,A2,6,6.739249134034914,0.1418546251548707,0.0930245927268973,MRO-80001;MRO-10045;MRO-10047,MRO-80001;MRO-10045;MRO-10047,Belt Conveyor,CHN-02,train,12,risk,risk,approved_on_validation,우선 점검 후보
2022-02-10,AST-3019,A2,10,5.633380691051567,0.0853457910274638,0.0521106300508379,MRO-20031;MRO-80001;MRO-10047,MRO-20031;MRO-80001;MRO-10047,Belt Conveyor,CHN-02,train,12,risk,caution,approved_on_validation,우선 점검 후보
2022-02-10,AST-4055,A2,14,8.544785860598948,0.2584654300967933,0.1884075070637919,MRO-80001;MRO-10045;MRO-10047,MRO-80001;MRO-10045;MRO-10047,Screw Compressor,DHR-03,train,12,high_risk,risk,approved_on_validation,우선 점검 후보
2022-02-10,AST-4061,A2,6,8.296870809198381,0.2430930882806205,0.173294026510689,MRO-10046;MRO-10045;MRO-50009,MRO-10046;MRO-10045;MRO-50009,Screw Compressor,DHR-03,train,12,risk,risk,approved_on_validation,우선 점검 후보
2022-02-10,AST-5003,A2,1,6.781241878835999,0.1444371408826603,0.0950331372123271,MRO-10046;MRO-50009;MRO-80001,MRO-10046;MRO-50009;MRO-80001,EOT Crane,DHR-03,train,12,caution,risk,approved_on_validation,우선 점검 후보
2022-02-10,AST-5007,A2,6,6.77724503897263,0.142722883861217,0.0931083772212308,MRO-20031;MRO-60016;MRO-50009,MRO-20031;MRO-50009;MRO-80001,EOT Crane,PUN-01,train,12,risk,risk,approved_on_validation,우선 점검 후보
2022-02-11,AST-1041,A2,14,7.79632710831372,0.2098136643657687,0.1447967781672099,MRO-10047;MRO-20031;MRO-10046,MRO-10047;MRO-20031;MRO-10046,CNC Lathe,PUN-01,train,12,high_risk,risk,approved_on_validation,우선 점검 후보
2022-02-11,AST-1042,A2,5,5.885360651097298,0.0970568663948525,0.0590435444054655,MRO-10046;MRO-40022;MRO-20031,MRO-10046;MRO-20031;MRO-10045,CNC Lathe,PUN-01,train,12,caution,risk,approved_on_validation,우선 점검 후보
2022-02-11,AST-2017,A2,6,7.03966926468839,0.1529614694678047,0.1062087834148516,MRO-90012;MRO-20031;MRO-10045,MRO-20031;MRO-10045;MRO-10046,Hydraulic Press,PUN-01,train,12,risk,risk,approved_on_validation,우선 점검 후보
2022-02-11,AST-2031,A2,13,8.339127750783696,0.2449127644152132,0.1779960002940806,MRO-80001;MRO-50009;MRO-10046,MRO-80001;MRO-50009;MRO-10046,Hydraulic Press,CHN-02,train,12,high_risk,risk,approved_on_validation,우선 점검 후보
2022-02-11,AST-3008,A2,10,6.409068640835346,0.1240683038137712,0.0794160441018193,MRO-80001;MRO-10046;MRO-10045,MRO-80001;MRO-10046;MRO-10045,Belt Conveyor,CHN-02,train,12,risk,risk,approved_on_validation,우선 점검 후보
2022-02-11,AST-3019,A2,4,5.390404149610114,0.0768938426547807,0.045602199633695,MRO-10046;MRO-20031;MRO-80001,MRO-10046;MRO-20031;MRO-80001,Belt Conveyor,CHN-02,train,12,caution,caution,approved_on_validation,우선 점검 후보
2022-02-11,AST-4055,A2,8,8.524598610409091,0.2591841273871919,0.1884841858502235,MRO-10045;MRO-80001;MRO-10047,MRO-10045;MRO-80001;MRO-10047,Screw Compressor,DHR-03,train,12,risk,risk,approved_on_validation,우선 점검 후보
2022-02-11,AST-4061,A2,7,7.766854067425119,0.2068242046479661,0.1438792088680064,MRO-50009;MRO-10045;MRO-20031,MRO-50009;MRO-10045;MRO-20031,Screw Compressor,DHR-03,train,12,risk,risk,approved_on_validation,우선 점검 후보
2022-02-11,AST-5003,A2,14,9.270672893437538,0.3084899369132757,0.2339054979572319,MRO-40021;MRO-10045;MRO-80001,MRO-10045;MRO-80001;MRO-10047,EOT Crane,DHR-03,train,12,high_risk,risk,approved_on_validation,우선 점검 후보
2022-02-11,AST-5007,A2,6,7.160828661170226,0.1584499519434509,0.1069876390441167,MRO-40021;MRO-60016;MRO-10047,MRO-10047;MRO-20031;MRO-80001,EOT Crane,PUN-01,train,12,risk,risk,approved_on_validation,우선 점검 후보
2022-02-12,AST-1041,A2,0,0.0032373526732742,6.713344282489918e-12,6.748376507058326e-15,MRO-70005;MRO-10047;MRO-10046,MRO-10047;MRO-10046;MRO-80001,CNC Lathe,PUN-01,train,12,normal,normal,approved_on_validation,우선 점검 후보
2022-02-12,AST-1042,A2,0,0.0032821396318381,6.607335136487429e-12,6.822371612099543e-15,MRO-20033;MRO-40022;MRO-10045,MRO-10045;MRO-10046;MRO-20031,CNC Lathe,PUN-01,train,12,normal,normal,approved_on_validation,우선 점검 후보
2022-02-12,AST-2017,A2,0,0.0033148148050933,6.5311038226171856e-12,6.925723640771198e-15,MRO-60015;MRO-70005;MRO-20033,MRO-20031;MRO-80001;MRO-10047,Hydraulic Press,PUN-01,train,12,normal,normal,approved_on_validation,우선 점검 후보
2022-02-12,AST-2031,A2,0,0.0036762101378521,1.2715024767336148e-11,1.3128661052983686e-14,MRO-10046;MRO-10045;MRO-20031,MRO-10046;MRO-10045;MRO-20031,Hydraulic Press,CHN-02,train,12,normal,normal,approved_on_validation,우선 점검 후보
2022-02-12,AST-3008,A2,0,0.0033498053408954,6.547133689445003e-12,7.395765129121227e-15,MRO-70005;MRO-90011;MRO-10046,MRO-10046;MRO-10047;MRO-50009,Belt Conveyor,CHN-02,train,12,normal,normal,approved_on_validation,우선 점검 후보
2022-02-12,AST-3019,A2,0,0.0032172961506886,6.399562835444763e-12,6.452838109361778e-15,MRO-10045;MRO-20031;MRO-50009,MRO-10045;MRO-20031;MRO-50009,Belt Conveyor,CHN-02,train,12,normal,normal,approved_on_validation,우선 점검 후보
2022-02-12,AST-4055,A2,0,0.003233436240939,6.464651199466011e-12,6.5560596352589495e-15,MRO-10045;MRO-20031;MRO-40022,MRO-10045;MRO-20031;MRO-10047,Screw Compressor,DHR-03,train,12,normal,normal,approved_on_validation,우선 점검 후보
2022-02-12,AST-4061,A2,0,0.0032591960222441,6.6405911959600155e-12,6.836566196334071e-15,MRO-70005;MRO-10045;MRO-10046,MRO-10045;MRO-10046;MRO-10047,Screw Compressor,DHR-03,train,12,normal,normal,approved_on_validation,우선 점검 후보
2022-02-12,AST-5003,A2,0,0.0030951013678728,5.061630204512101e-12,5.086069664424887e-15,MRO-70005;MRO-50009;MRO-10046,MRO-50009;MRO-10046;MRO-80001,EOT Crane,DHR-03,train,12,normal,normal,approved_on_validation,우선 점검 후보
2022-02-12,AST-5007,A2,0,0.0034530016456958,7.628640778575117e-12,8.630672999801974e-15,MRO-70005;MRO-70004;MRO-50009,MRO-50009;MRO-10045;MRO-10046,EOT Crane,PUN-01,train,12,normal,normal,approved_on_validation,우선 점검 후보
2022-02-13,AST-1041,A2,0,0.003245412236309,6.7549273833049235e-12,6.803944540462301e-15,MRO-10047;MRO-10046;MRO-80001,MRO-10047;MRO-10046;MRO-80001,CNC Lathe,PUN-01,train,12,normal,normal,approved_on_validation,우선 점검 후보
2022-02-13,AST-1042,A2,0,0.0032303072556567,6.6133691543222296e-12,6.645621575861887e-15,MRO-10045;MRO-10046;MRO-20031,MRO-10045;MRO-10046;MRO-20031,CNC Lathe,PUN-01,train,12,normal,normal,approved_on_validation,우선 점검 후보
2022-02-13,AST-2017,A2,0,0.0032866618201383,6.930211593485476e-12,7.165478668352441e-15,MRO-70005;MRO-20031;MRO-20033,MRO-20031;MRO-10046;MRO-10047,Hydraulic Press,PUN-01,train,12,normal,normal,approved_on_validation,우선 점검 후보
2022-02-13,AST-2031,A2,0,0.0033310885683429,7.35666154522117e-12,7.637180024675702e-15,MRO-10046;MRO-80001;MRO-40021,MRO-10046;MRO-80001;MRO-10045,Hydraulic Press,CHN-02,train,12,normal,normal,approved_on_validation,우선 점검 후보
2022-02-13,AST-3008,A2,0,0.0032554645482536,6.575767234618661e-12,6.7293123353172065e-15,MRO-90011;MRO-40021;MRO-50008,MRO-10046;MRO-10047;MRO-50009,Belt Conveyor,CHN-02,train,12,normal,normal,approved_on_validation,우선 점검 후보
2022-02-13,AST-3019,A2,0,0.0030664641542383,6.330508147887188e-12,5.790474353709961e-15,MRO-10045;MRO-10047;MRO-50009,MRO-10045;MRO-10047;MRO-50009,Belt Conveyor,CHN-02,train,12,normal,normal,approved_on_validation,우선 점검 후보
2022-02-13,AST-4055,A2,0,0.0033704327222149,7.593629485037532e-12,7.912188100456634e-15,MRO-10046;MRO-10045;MRO-10047,MRO-10046;MRO-10045;MRO-10047,Screw Compressor,DHR-03,train,12,normal,normal,approved_on_validation,우선 점검 후보
2022-02-13,AST-4061,A2,0,0.0032591984448548,6.628436861818991e-12,6.8263624967335206e-15,MRO-70005;MRO-10045;MRO-10046,MRO-10045;MRO-10046;MRO-10047,Screw Compressor,DHR-03,train,12,normal,normal,approved_on_validation,우선 점검 후보
2022-02-13,AST-5003,A2,0,0.0032680709014726,6.9394402892441236e-12,7.030672090391077e-15,MRO-10047;MRO-20031;MRO-70005,MRO-10047;MRO-20031;MRO-10046,EOT Crane,DHR-03,train,12,normal,normal,approved_on_validation,우선 점검 후보
2022-02-13,AST-5007,A2,0,0.0033968052860508,7.535842584839984e-12,8.249652184396264e-15,MRO-70005;MRO-50009;MRO-10045,MRO-50009;MRO-10045;MRO-10046,EOT Crane,PUN-01,train,12,normal,normal,approved_on_validation,우선 점검 후보
2022-02-14,AST-1041,A2,8,6.584586648984806,0.1330061358198483,0.0846597193507844,MRO-30012;MRO-80001;MRO-10046,MRO-80001;MRO-10046;MRO-50009,CNC Lathe,PUN-01,train,12,risk,risk,approved_on_validation,우선 점검 후보
2022-02-14,AST-1042,A2,5,6.977467463722307,0.1478158672025343,0.0989982046180555,MRO-40021;MRO-60015;MRO-30012,MRO-20031;MRO-10045;MRO-80001,CNC Lathe,PUN-01,train,12,caution,risk,approved_on_validation,우선 점검 후보
2022-02-14,AST-2017,A2,12,8.103940776853904,0.2271279497834621,0.1629675429926631,MRO-80001;MRO-10047;MRO-50009,MRO-80001;MRO-10047;MRO-50009,Hydraulic Press,PUN-01,train,12,high_risk,risk,approved_on_validation,우선 점검 후보
2022-02-14,AST-2031,A2,5,7.913880444432607,0.2119443878549758,0.1526618532981177,MRO-20031;MRO-50009;MRO-10047,MRO-20031;MRO-50009;MRO-10047,Hydraulic Press,CHN-02,train,12,caution,risk,approved_on_validation,우선 점검 후보
2022-02-14,AST-3008,A2,3,6.999410232066866,0.1560497412911224,0.1042267123070278,MRO-50009;MRO-20031;MRO-80001,MRO-50009;MRO-20031;MRO-80001,Belt Conveyor,CHN-02,train,12,caution,risk,approved_on_validation,우선 점검 후보
2022-02-14,AST-3019,A2,7,6.03222961571324,0.1008618557459393,0.0643029879143845,MRO-40022;MRO-30012;MRO-10046,MRO-10046;MRO-10047;MRO-20031,Belt Conveyor,CHN-02,train,12,risk,risk,approved_on_validation,우선 점검 후보
2022-02-14,AST-4055,A2,13,8.89462885099046,0.2830938472330484,0.2118737758128031,MRO-80001;MRO-10046;MRO-50009,MRO-80001;MRO-10046;MRO-50009,Screw Compressor,DHR-03,train,12,high_risk,risk,approved_on_validation,우선 점검 후보
2022-02-14,AST-4061,A2,1,7.7596619972188945,0.2029254024218453,0.1438795026316754,MRO-10046;MRO-10045;MRO-10047,MRO-10046;MRO-10045;MRO-10047,Screw Compressor,DHR-03,train,12,caution,risk,approved_on_validation,우선 점검 후보
2022-02-14,AST-5003,A2,5,7.9726314959414815,0.2157029206881095,0.1541254254894059,MRO-50009;MRO-80001;MRO-10046,MRO-50009;MRO-80001;MRO-10046,EOT Crane,DHR-03,train,12,caution,risk,approved_on_validation,우선 점검 후보
2022-02-14,AST-5007,A2,5,5.918186223208468,0.097870069965758,0.0613428306061125,MRO-10046;MRO-10047;MRO-80001,MRO-10046;MRO-10047;MRO-80001,EOT Crane,PUN-01,train,12,caution,risk,approved_on_validation,우선 점검 후보
2022-02-15,AST-1041,A2,11,7.407615110997005,0.1822755244194972,0.1248453057212865,MRO-10046;MRO-20031;MRO-50009,MRO-10046;MRO-20031;MRO-50009,CNC Lathe,PUN-01,train,12,risk,risk,approved_on_validation,우선 점검 후보
2022-02-15,AST-1042,A2,8,6.6162592924615575,0.1323900113068759,0.0869929274074895,MRO-30012;MRO-20031;MRO-20033,MRO-20031;MRO-10045;MRO-10046,CNC Lathe,PUN-01,train,12,risk,risk,approved_on_validation,우선 점검 후보
2022-02-15,AST-2017,A2,12,8.614715592237527,0.2623296655096706,0.1923186806376262,MRO-10047;MRO-60016;MRO-80001,MRO-10047;MRO-80001;MRO-20031,Hydraulic Press,PUN-01,train,12,high_risk,risk,approved_on_validation,우선 점검 후보
2022-02-15,AST-2031,A2,8,7.510191964078277,0.1870529397825709,0.1290564227980325,MRO-50009;MRO-10045;MRO-80001,MRO-50009;MRO-10045;MRO-80001,Hydraulic Press,CHN-02,train,12,risk,risk,approved_on_validation,우선 점검 후보
2022-02-15,AST-3008,A2,3,6.6655143487419695,0.1374554469200423,0.089004690463768,MRO-10045;MRO-20031;MRO-80001,MRO-10045;MRO-20031;MRO-80001,Belt Conveyor,CHN-02,train,12,caution,risk,approved_on_validation,우선 점검 후보
2022-02-15,AST-3019,A2,3,5.708862584107918,0.0879726365759237,0.0547276036613107,MRO-10046;MRO-10047;MRO-20031,MRO-10046;MRO-10047;MRO-20031,Belt Conveyor,CHN-02,train,12,caution,caution,approved_on_validation,우선 점검 후보
2022-02-15,AST-4055,A2,10,8.25260781317294,0.2392122035304623,0.1702338023970124,MRO-80001;MRO-10046;MRO-50009,MRO-80001;MRO-10046;MRO-50009,Screw Compressor,DHR-03,train,12,risk,risk,approved_on_validation,우선 점검 후보
2022-02-15,AST-4061,A2,15,8.572157891166716,0.2589267828570591,0.1880667371922773,MRO-40022;MRO-10047;MRO-10045,MRO-10047;MRO-10045;MRO-10046,Screw Compressor,DHR-03,train,12,high_risk,risk,approved_on_validation,우선 점검 후보
2022-02-15,AST-5003,A2,9,7.998966286474904,0.2201241801348468,0.1577000645528123,MRO-10047;MRO-20031;MRO-10045,MRO-10047;MRO-20031;MRO-10045,EOT Crane,DHR-03,train,12,risk,risk,approved_on_validation,우선 점검 후보
2022-02-15,AST-5007,A2,2,4.7516696861197385,0.0484045533375381,0.027428403434312,MRO-40022;MRO-50009;MRO-30012,MRO-50009;MRO-10047;MRO-80001,EOT Crane,PUN-01,train,12,caution,caution,approved_on_validation,우선 점검 후보
2022-02-16,AST-1041,A2,12,8.38903927829023,0.246699982061784,0.1776525165411617,MRO-10045;MRO-50009;MRO-30012,MRO-10045;MRO-50009;MRO-10046,CNC Lathe,PUN-01,train,12,high_risk,risk,approved_on_validation,우선 점검 후보
2022-02-16,AST-1042,A2,8,6.598905734062651,0.1320611950081728,0.0853082556303034,MRO-20033;MRO-80002;MRO-10047,MRO-10047;MRO-10045;MRO-10046,CNC Lathe,PUN-01,train,12,risk,risk,approved_on_validation,우선 점검 후보
2022-02-16,AST-2017,A2,8,7.593634962887665,0.1891619352193865,0.1319631768008547,MRO-50008;MRO-10047;MRO-60016,MRO-10047;MRO-80001;MRO-10045,Hydraulic Press,PUN-01,train,12,risk,risk,approved_on_validation,우선 점검 후보
2022-02-16,AST-2031,A2,16,9.096996598160064,0.3008448676618775,0.225452094053846,MRO-10046;MRO-20031;MRO-10047,MRO-10046;MRO-20031;MRO-10047,Hydraulic Press,CHN-02,train,12,high_risk,risk,approved_on_validation,우선 점검 후보
2022-02-16,AST-3008,A2,2,7.303730335644881,0.1728066846764822,0.1193603281128942,MRO-10045;MRO-10046;MRO-20031,MRO-10045;MRO-10046;MRO-20031,Belt Conveyor,CHN-02,train,12,caution,risk,approved_on_validation,우선 점검 후보
2022-02-16,AST-3019,A2,11,5.7669960421011215,0.0913621508280244,0.0572470412163654,MRO-10046;MRO-10047;MRO-10045,MRO-10046;MRO-10047;MRO-10045,Belt Conveyor,CHN-02,train,12,risk,caution,approved_on_validation,우선 점검 후보
2022-02-16,AST-4055,A2,7,8.60212832332934,0.2634930884752779,0.1925627214823213,MRO-50009;MRO-10046;MRO-10047,MRO-50009;MRO-10046;MRO-10047,Screw Compressor,DHR-03,train,12,risk,risk,approved_on_validation,우선 점검 후보
2022-02-16,AST-4061,A2,15,7.391457027076401,0.180327786727236,0.1240032203738329,MRO-10045;MRO-10046;MRO-10047,MRO-10045;MRO-10046;MRO-10047,Screw Compressor,DHR-03,train,12,high_risk,risk,approved_on_validation,우선 점검 후보
2022-02-16,AST-5003,A2,20,10.545076838999073,0.4084735985305009,0.3269147198346424,MRO-10046;MRO-50008;MRO-10045,MRO-10046;MRO-10045;MRO-80001,EOT Crane,DHR-03,train,12,high_risk,risk,approved_on_validation,우선 점검 후보
2022-02-16,AST-5007,A2,11,6.300404679656086,0.1165957069511178,0.0749404112823962,MRO-50009;MRO-10047;MRO-80001,MRO-50009;MRO-10047;MRO-80001,EOT Crane,PUN-01,train,12,risk,risk,approved_on_validation,우선 점검 후보
2022-02-17,AST-1041,A2,9,7.044917179865022,0.1576412737328843,0.1071591344769732,MRO-10046;MRO-50009;MRO-80001,MRO-10046;MRO-50009;MRO-80001,CNC Lathe,PUN-01,train,12,risk,risk,approved_on_validation,우선 점검 후보
2022-02-17,AST-1042,A2,3,6.323445398296459,0.1174134664072156,0.0760403670513034,MRO-10047;MRO-10045;MRO-20031,MRO-10047;MRO-10045;MRO-20031,CNC Lathe,PUN-01,train,12,caution,risk,approved_on_validation,우선 점검 후보
2022-02-17,AST-2017,A2,6,8.74543284318337,0.2729101697759952,0.202995922854445,MRO-10047;MRO-10046;MRO-80001,MRO-10047;MRO-10046;MRO-80001,Hydraulic Press,PUN-01,train,12,risk,risk,approved_on_validation,우선 점검 후보
2022-02-17,AST-2031,A2,9,8.198197867299118,0.233759191474297,0.1675872409691775,MRO-50009;MRO-10047;MRO-80001,MRO-50009;MRO-10047;MRO-80001,Hydraulic Press,CHN-02,train,12,risk,risk,approved_on_validation,우선 점검 후보
2022-02-17,AST-3008,A2,13,7.37653177145802,0.1773419579798601,0.1234231268390791,MRO-10046;MRO-10045;MRO-20031,MRO-10046;MRO-10045;MRO-20031,Belt Conveyor,CHN-02,train,12,high_risk,risk,approved_on_validation,우선 점검 후보
2022-02-17,AST-3019,A2,5,5.677564267665553,0.0883042880541798,0.05368457040678,MRO-10046;MRO-50009;MRO-10045,MRO-10046;MRO-50009;MRO-10045,Belt Conveyor,CHN-02,train,12,caution,caution,approved_on_validation,우선 점검 후보
2022-02-17,AST-4055,A2,5,8.142256099880013,0.2288714519940918,0.1650011089060826,MRO-80001;MRO-10047;MRO-50009,MRO-80001;MRO-10047;MRO-50009,Screw Compressor,DHR-03,train,12,caution,risk,approved_on_validation,우선 점검 후보
2022-02-17,AST-4061,A2,10,7.371081632211013,0.1769273043858066,0.121503653201647,MRO-40022;MRO-60016;MRO-10046,MRO-10046;MRO-80001;MRO-50009,Screw Compressor,DHR-03,train,12,risk,risk,approved_on_validation,우선 점검 후보
2022-02-17,AST-5003,A2,14,8.106472574821236,0.2248959623198099,0.1615853401368984,MRO-10045;MRO-10046;MRO-10047,MRO-10045;MRO-10046;MRO-10047,EOT Crane,DHR-03,train,12,high_risk,risk,approved_on_validation,우선 점검 후보
2022-02-17,AST-5007,A2,8,6.019717642580837,0.0966504797937557,0.06387987639287,MRO-20032;MRO-10047;MRO-10046,MRO-10047;MRO-10046;MRO-80001,EOT Crane,PUN-01,train,12,risk,caution,approved_on_validation,우선 점검 후보
2022-02-18,AST-1041,A2,10,7.306625316893655,0.1767432724817778,0.119411527804505,MRO-10045;MRO-10046;MRO-50009,MRO-10045;MRO-10046;MRO-50009,CNC Lathe,PUN-01,train,12,risk,risk,approved_on_validation,우선 점검 후보
2022-02-18,AST-1042,A2,4,6.324752640572381,0.1157375612022148,0.0763379689350773,MRO-70005;MRO-50009;MRO-80001,MRO-50009;MRO-80001;MRO-10046,CNC Lathe,PUN-01,train,12,caution,risk,approved_on_validation,우선 점검 후보
2022-02-18,AST-2017,A2,8,8.085859543333514,0.227176558839562,0.1619185425597799,MRO-20031;MRO-80001;MRO-50009,MRO-20031;MRO-80001;MRO-50009,Hydraulic Press,PUN-01,train,12,risk,risk,approved_on_validation,우선 점검 후보
2022-02-18,AST-2031,A2,11,7.768299551506059,0.2056802250247698,0.1439830192364153,MRO-80001;MRO-20031;MRO-10047,MRO-80001;MRO-20031;MRO-10047,Hydraulic Press,CHN-02,train,12,risk,risk,approved_on_validation,우선 점검 후보
2022-02-18,AST-3008,A2,10,7.310083525676629,0.174266278250999,0.1195435481123518,MRO-10045;MRO-10046;MRO-20031,MRO-10045;MRO-10046;MRO-20031,Belt Conveyor,CHN-02,train,12,risk,risk,approved_on_validation,우선 점검 후보
2022-02-18,AST-3019,A2,2,6.147449824474262,0.106407642892391,0.068893800869729,MRO-40022;MRO-10045;MRO-10046,MRO-10045;MRO-10046;MRO-10047,Belt Conveyor,CHN-02,train,12,caution,risk,approved_on_validation,우선 점검 후보
2022-02-18,AST-4055,A2,6,8.622747137429592,0.26283499344677,0.1940551080574537,MRO-80001;MRO-50009;MRO-10047,MRO-80001;MRO-50009;MRO-10047,Screw Compressor,DHR-03,train,12,risk,risk,approved_on_validation,우선 점검 후보
2022-02-18,AST-4061,A2,7,6.841419300155961,0.1473748913095671,0.0979147366307882,MRO-50009;MRO-20031;MRO-10045,MRO-50009;MRO-20031;MRO-10045,Screw Compressor,DHR-03,train,12,risk,risk,approved_on_validation,우선 점검 후보
2022-02-18,AST-5003,A2,1,7.653951334223294,0.1932715499568747,0.1357429946901834,MRO-50008;MRO-10046;MRO-80001,MRO-10046;MRO-80001;MRO-10045,EOT Crane,DHR-03,train,12,caution,risk,approved_on_validation,우선 점검 후보
2022-02-18,AST-5007,A2,1,5.562803155477469,0.0798942352861625,0.049288441857497,MRO-80001;MRO-20031;MRO-50009,MRO-80001;MRO-20031;MRO-50009,EOT Crane,PUN-01,train,12,caution,caution,approved_on_validation,우선 점검 후보
2022-02-19,AST-1041,A2,0,0.0033479636602348,6.6533949425832016e-12,7.47272154749946e-15,MRO-70005;MRO-10047;MRO-20031,MRO-10047;MRO-20031;MRO-50009,CNC Lathe,PUN-01,train,12,normal,normal,approved_on_validation,우선 점검 후보
2022-02-19,AST-1042,A2,0,0.0033131031839651,6.7131153496654035e-12,6.997271024505877e-15,MRO-40022;MRO-10047;MRO-10045,MRO-10047;MRO-10045;MRO-10046,CNC Lathe,PUN-01,train,12,normal,normal,approved_on_validation,우선 점검 후보
2022-02-19,AST-2017,A2,0,0.0032630676504525,6.9338412771105366e-12,6.9935626834612135e-15,MRO-50009;MRO-20031;MRO-10045,MRO-50009;MRO-20031;MRO-10045,Hydraulic Press,PUN-01,train,12,normal,normal,approved_on_validation,우선 점검 후보
2022-02-19,AST-2031,A2,0,0.0031707608593504,6.332037959392986e-12,6.2281312268722985e-15,MRO-20031;MRO-50009;MRO-30011,MRO-20031;MRO-50009;MRO-10047,Hydraulic Press,CHN-02,train,12,normal,normal,approved_on_validation,우선 점검 후보
2022-02-19,AST-3008,A2,0,0.0032642849065258,6.700683414369174e-12,6.8484141337315216e-15,MRO-40021;MRO-50008;MRO-80001,MRO-80001;MRO-20031;MRO-50009,Belt Conveyor,CHN-02,train,12,normal,normal,approved_on_validation,우선 점검 후보
2022-02-19,AST-3019,A2,0,0.0032412309751912,6.6202042311368065e-12,6.721080008998174e-15,MRO-70005;MRO-90012;MRO-10045,MRO-10045;MRO-10046;MRO-10047,Belt Conveyor,CHN-02,train,12,normal,normal,approved_on_validation,우선 점검 후보
2022-02-19,AST-4055,A2,0,0.0032369114828813,6.683230689814282e-12,6.7318763557523815e-15,MRO-10046;MRO-10047;MRO-20031,MRO-10046;MRO-10047;MRO-20031,Screw Compressor,DHR-03,train,12,normal,normal,approved_on_validation,우선 점검 후보
2022-02-19,AST-4061,A2,0,0.0031978482748467,5.978332164166687e-12,6.075540067107587e-15,MRO-80001;MRO-30011;MRO-70005,MRO-80001;MRO-10045;MRO-10046,Screw Compressor,DHR-03,train,12,normal,normal,approved_on_validation,우선 점검 후보
2022-02-19,AST-5003,A2,0,0.003158189605498,5.743000632607914e-12,5.758039134123753e-15,MRO-10046;MRO-80001;MRO-20033,MRO-10046;MRO-80001;MRO-20031,EOT Crane,DHR-03,train,12,normal,normal,approved_on_validation,우선 점검 후보
2022-02-19,AST-5007,A2,0,0.0032874910479849,6.786843205923541e-12,7.077598672907717e-15,MRO-70004;MRO-70005;MRO-10045,MRO-10045;MRO-10046;MRO-10047,EOT Crane,PUN-01,train,12,normal,normal,approved_on_validation,우선 점검 후보
2022-02-20,AST-1041,A2,0,0.0032469836557438,6.6751908462279846e-12,6.76841497396139e-15,MRO-70005;MRO-10047;MRO-20031,MRO-10047;MRO-20031;MRO-50009,CNC Lathe,PUN-01,train,12,normal,normal,approved_on_validation,우선 점검 후보
2022-02-20,AST-1042,A2,0,0.0032388135868842,6.7116647600517235e-12,6.7470776540972706e-15,MRO-10047;MRO-10045;MRO-10046,MRO-10047;MRO-10045;MRO-10046,CNC Lathe,PUN-01,train,12,normal,normal,approved_on_validation,우선 점검 후보
2022-02-20,AST-2017,A2,0,0.0032330391223938,6.855903296076145e-12,6.828256049353667e-15,MRO-20031;MRO-10045;MRO-10046,MRO-20031;MRO-10045;MRO-10046,Hydraulic Press,PUN-01,train,12,normal,normal,approved_on_validation,우선 점검 후보
2022-02-20,AST-2031,A2,0,0.0032265787941291,6.210477893062286e-12,6.370805345598753e-15,MRO-20031;MRO-50009;MRO-30011,MRO-20031;MRO-50009;MRO-80001,Hydraulic Press,CHN-02,train,12,normal,normal,approved_on_validation,우선 점검 후보
2022-02-20,AST-3008,A2,0,0.0032768470187855,6.6301044011171546e-12,6.936096935116214e-15,MRO-20032;MRO-70005;MRO-10046,MRO-10046;MRO-20031;MRO-50009,Belt Conveyor,CHN-02,train,12,normal,normal,approved_on_validation,우선 점검 후보
2022-02-20,AST-3019,A2,0,0.0032349313541762,6.6202156538543544e-12,6.677481064537306e-15,MRO-70005;MRO-10045;MRO-10046,MRO-10045;MRO-10046;MRO-10047,Belt Conveyor,CHN-02,train,12,normal,normal,approved_on_validation,우선 점검 후보
2022-02-20,AST-4055,A2,0,0.0034955464325863,8.722377512540855e-12,9.298313625484135e-15,MRO-80002;MRO-10046;MRO-80001,MRO-10046;MRO-80001;MRO-10047,Screw Compressor,DHR-03,train,12,normal,normal,approved_on_validation,우선 점검 후보
2022-02-20,AST-4061,A2,0,0.0032639080745242,6.725783582300374e-12,6.871896515399622e-15,MRO-70005;MRO-10045;MRO-10046,MRO-10045;MRO-10046;MRO-10047,Screw Compressor,DHR-03,train,12,normal,normal,approved_on_validation,우선 점검 후보
2022-02-20,AST-5003,A2,0,0.003888678191299,1.6847164810091717e-11,1.706988290079205e-14,MRO-10045;MRO-10047;MRO-20031,MRO-10045;MRO-10047;MRO-20031,EOT Crane,DHR-03,train,12,normal,normal,approved_on_validation,우선 점검 후보
2022-02-20,AST-5007,A2,0,0.0033345079347527,6.794029448646893e-12,7.399355195059626e-15,MRO-70005;MRO-10045;MRO-10046,MRO-10045;MRO-10046;MRO-10047,EOT Crane,PUN-01,train,12,normal,normal,approved_on_validation,우선 점검 후보
2022-02-21,AST-1041,A2,16,8.838421628368899,0.2718315913907649,0.2053516495374702,MRO-40022;MRO-10045;MRO-20033,MRO-10045;MRO-10047;MRO-50009,CNC Lathe,PUN-01,train,12,high_risk,risk,approved_on_validation,우선 점검 후보
2022-02-21,AST-1042,A2,3,7.011182725180383,0.1553492923725014,0.1034112260034098,MRO-40021;MRO-10047;MRO-30012,MRO-10047;MRO-50009;MRO-80001,CNC Lathe,PUN-01,train,12,caution,risk,approved_on_validation,우선 점검 후보
2022-02-21,AST-2017,A2,2,8.429047939659442,0.2496393478180725,0.1800917113620816,MRO-20031;MRO-80001;MRO-10046,MRO-20031;MRO-80001;MRO-10046,Hydraulic Press,PUN-01,train,12,caution,risk,approved_on_validation,우선 점검 후보
2022-02-21,AST-2031,A2,14,7.565357004673797,0.1893782195186194,0.131564037724669,MRO-20031;MRO-50009;MRO-10047,MRO-20031;MRO-50009;MRO-10047,Hydraulic Press,CHN-02,train,12,high_risk,risk,approved_on_validation,우선 점검 후보
2022-02-21,AST-3008,A2,1,6.926067332827043,0.1485424748728355,0.101179860756816,MRO-10046;MRO-10047;MRO-10045,MRO-10046;MRO-10047;MRO-10045,Belt Conveyor,CHN-02,train,12,caution,risk,approved_on_validation,우선 점검 후보
2022-02-21,AST-3019,A2,14,6.029247030134074,0.1000578167921685,0.0651310762335005,MRO-10046;MRO-10047;MRO-20031,MRO-10046;MRO-10047;MRO-20031,Belt Conveyor,CHN-02,train,12,high_risk,risk,approved_on_validation,우선 점검 후보
2022-02-21,AST-4055,A2,15,9.167112456791674,0.2994795965567745,0.2302498179436105,MRO-20032;MRO-10045;MRO-50009,MRO-10045;MRO-50009;MRO-80001,Screw Compressor,DHR-03,train,12,high_risk,risk,approved_on_validation,우선 점검 후보
2022-02-21,AST-4061,A2,15,8.02191236795488,0.2183194481435933,0.1572514382495782,MRO-10045;MRO-10046;MRO-20031,MRO-10045;MRO-10046;MRO-20031,Screw Compressor,DHR-03,train,12,high_risk,risk,approved_on_validation,우선 점검 후보
2022-02-21,AST-5003,A2,11,7.906879739255131,0.2121772890437899,0.1511142830775481,MRO-10045;MRO-10046;MRO-20031,MRO-10045;MRO-10046;MRO-20031,EOT Crane,DHR-03,train,12,risk,risk,approved_on_validation,우선 점검 후보
2022-02-21,AST-5007,A2,0,6.01036960776475,0.1006165579760561,0.0637721326975789,MRO-80001;MRO-10046;MRO-20031,MRO-80001;MRO-10046;MRO-20031,EOT Crane,PUN-01,train,12,normal,risk,approved_on_validation,우선 점검 후보
2022-02-22,AST-1041,A2,9,7.173115432474905,0.1661325290373284,0.1132076775759883,MRO-10045;MRO-10046;MRO-80001,MRO-10045;MRO-10046;MRO-80001,CNC Lathe,PUN-01,train,12,risk,risk,approved_on_validation,우선 점검 후보
2022-02-22,AST-1042,A2,2,6.375006182648719,0.1231296597562325,0.0779951143301082,MRO-80001;MRO-50009;MRO-10046,MRO-80001;MRO-50009;MRO-10046,CNC Lathe,PUN-01,train,12,caution,risk,approved_on_validation,우선 점검 후보
2022-02-22,AST-2017,A2,4,8.557740698492733,0.2602714843502142,0.190013286967236,MRO-10047;MRO-80001;MRO-20031,MRO-10047;MRO-80001;MRO-20031,Hydraulic Press,PUN-01,train,12,caution,risk,approved_on_validation,우선 점검 후보
2022-02-22,AST-2031,A2,17,8.839539242174093,0.2773335284474696,0.2050837741157449,MRO-60015;MRO-50008;MRO-20031,MRO-20031;MRO-80001;MRO-50009,Hydraulic Press,CHN-02,train,12,high_risk,risk,approved_on_validation,우선 점검 후보
2022-02-22,AST-3008,A2,6,6.865573067761388,0.1465684877702157,0.0975930737488706,MRO-10046;MRO-10045;MRO-60015,MRO-10046;MRO-10045;MRO-10047,Belt Conveyor,CHN-02,train,12,risk,risk,approved_on_validation,우선 점검 후보
2022-02-22,AST-3019,A2,4,5.5573241895343255,0.0839692523061658,0.0504698483975184,MRO-50009;MRO-10047;MRO-10046,MRO-50009;MRO-10047;MRO-10046,Belt Conveyor,CHN-02,train,12,caution,caution,approved_on_validation,우선 점검 후보
2022-02-22,AST-4055,A2,19,8.348214296625173,0.2429530226556134,0.1778548259503913,MRO-80001;MRO-10045;MRO-50009,MRO-80001;MRO-10045;MRO-50009,Screw Compressor,DHR-03,train,12,high_risk,risk,approved_on_validation,우선 점검 후보
2022-02-22,AST-4061,A2,10,7.909806930583246,0.2140537629196509,0.1509562861067473,MRO-10045;MRO-10046;MRO-20031,MRO-10045;MRO-10046;MRO-20031,Screw Compressor,DHR-03,train,12,risk,risk,approved_on_validation,우선 점검 후보
2022-02-22,AST-5003,A2,8,8.157187527178138,0.2299134109267666,0.1641970687374098,MRO-10046;MRO-60015;MRO-20031,MRO-10046;MRO-20031;MRO-10047,EOT Crane,DHR-03,train,12,risk,risk,approved_on_validation,우선 점검 후보
2022-02-22,AST-5007,A2,13,5.4785072388631715,0.0751999725338947,0.0465036957462064,MRO-20032;MRO-80001;MRO-20031,MRO-80001;MRO-20031;MRO-50009,EOT Crane,PUN-01,train,12,high_risk,caution,approved_on_validation,우선 점검 후보
2022-02-23,AST-1041,A2,10,8.226631137968047,0.2325477097363702,0.1696951686769152,MRO-50009;MRO-10045;MRO-10046,MRO-50009;MRO-10045;MRO-10046,CNC Lathe,PUN-01,train,12,risk,risk,approved_on_validation,우선 점검 후보
2022-02-23,AST-1042,A2,2,6.428471356461201,0.1242012151786293,0.0799630092313758,MRO-50009;MRO-10046;MRO-10045,MRO-50009;MRO-10046;MRO-10045,CNC Lathe,PUN-01,train,12,caution,risk,approved_on_validation,우선 점검 후보
2022-02-23,AST-2017,A2,2,8.020313420263921,0.2223520939370217,0.1574075966853191,MRO-20031;MRO-80001;MRO-10045,MRO-20031;MRO-80001;MRO-10045,Hydraulic Press,PUN-01,train,12,caution,risk,approved_on_validation,우선 점검 후보
2022-02-23,AST-2031,A2,2,7.212143171880827,0.1692597119663597,0.1148151489081618,MRO-50009;MRO-80001;MRO-20031,MRO-50009;MRO-80001;MRO-20031,Hydraulic Press,CHN-02,train,12,caution,risk,approved_on_validation,우선 점검 후보
2022-02-23,AST-3008,A2,6,7.282894972243357,0.1718769264500052,0.1179028297796891,MRO-40022;MRO-10046;MRO-20031,MRO-10046;MRO-20031;MRO-10047,Belt Conveyor,CHN-02,train,12,risk,risk,approved_on_validation,우선 점검 후보
2022-02-23,AST-3019,A2,12,6.044856174786308,0.1048414862921354,0.0655426315407127,MRO-10046;MRO-20031;MRO-10045,MRO-10046;MRO-20031;MRO-10045,Belt Conveyor,CHN-02,train,12,high_risk,risk,approved_on_validation,우선 점검 후보
2022-02-23,AST-4055,A2,10,8.315607547624955,0.2476795741427883,0.1750769234415782,MRO-80001;MRO-10046;MRO-20031,MRO-80001;MRO-10046;MRO-20031,Screw Compressor,DHR-03,train,12,risk,risk,approved_on_validation,우선 점검 후보
2022-02-23,AST-4061,A2,6,7.226030951905624,0.1701241542717267,0.1150823547540057,MRO-20031;MRO-50009;MRO-10047,MRO-20031;MRO-50009;MRO-10047,Screw Compressor,DHR-03,train,12,risk,risk,approved_on_validation,우선 점검 후보
2022-02-23,AST-5003,A2,10,6.7501534997450525,0.1359834178886089,0.0891408238116776,MRO-20033;MRO-50008;MRO-40021,MRO-10046;MRO-50009;MRO-20031,EOT Crane,DHR-03,train,12,risk,risk,approved_on_validation,우선 점검 후보
2022-02-23,AST-5007,A2,0,5.789540817604914,0.0896277265373797,0.0561762432700932,MRO-10045;MRO-20031;MRO-50009,MRO-10045;MRO-20031;MRO-50009,EOT Crane,PUN-01,train,12,normal,caution,approved_on_validation,우선 점검 후보
2022-02-24,AST-1041,A2,2,6.7210154185695705,0.1368677318241659,0.0917480275520531,MRO-50009;MRO-10046;MRO-80001,MRO-50009;MRO-10046;MRO-80001,CNC Lathe,PUN-01,train,12,caution,risk,approved_on_validation,우선 점검 후보
2022-02-24,AST-1042,A2,0,6.078830178796854,0.1082692775618048,0.0670199590884858,MRO-10045;MRO-10046;MRO-80001,MRO-10045;MRO-10046;MRO-80001,CNC Lathe,PUN-01,train,12,normal,risk,approved_on_validation,우선 점검 후보
2022-02-24,AST-2017,A2,14,8.863279614902225,0.2827219787201225,0.2086783272248803,MRO-50009;MRO-80001;MRO-20031,MRO-50009;MRO-80001;MRO-20031,Hydraulic Press,PUN-01,train,12,high_risk,risk,approved_on_validation,우선 점검 후보
2022-02-24,AST-2031,A2,4,7.976499785851496,0.2215799490184845,0.1564563987636457,MRO-10046;MRO-50009;MRO-10045,MRO-10046;MRO-50009;MRO-10045,Hydraulic Press,CHN-02,train,12,caution,risk,approved_on_validation,우선 점검 후보
2022-02-24,AST-3008,A2,11,7.240429394901437,0.1674022645562111,0.1157516645057459,MRO-90011;MRO-40022;MRO-10046,MRO-10046;MRO-10045;MRO-50009,Belt Conveyor,CHN-02,train,12,risk,risk,approved_on_validation,우선 점검 후보
2022-02-24,AST-3019,A2,13,6.303584527195825,0.1172521072832907,0.0753193710585225,MRO-80001;MRO-50009;MRO-10046,MRO-80001;MRO-50009;MRO-10046,Belt Conveyor,CHN-02,train,12,high_risk,risk,approved_on_validation,우선 점검 후보
2022-02-24,AST-4055,A2,7,8.403924858596994,0.2464064514567659,0.1808542583691466,MRO-50009;MRO-10047;MRO-10045,MRO-50009;MRO-10047;MRO-10045,Screw Compressor,DHR-03,train,12,risk,risk,approved_on_validation,우선 점검 후보
2022-02-24,AST-4061,A2,4,7.036551674544739,0.1576990560338544,0.1066318250105247,MRO-10046;MRO-20031;MRO-80001,MRO-10046;MRO-20031;MRO-80001,Screw Compressor,DHR-03,train,12,caution,risk,approved_on_validation,우선 점검 후보
2022-02-24,AST-5003,A2,12,7.732936058312515,0.2049708620493457,0.1405366713567171,MRO-10046;MRO-50009;MRO-80001,MRO-10046;MRO-50009;MRO-80001,EOT Crane,DHR-03,train,12,high_risk,risk,approved_on_validation,우선 점검 후보
2022-02-24,AST-5007,A2,2,4.9158684622705655,0.0533043863362361,0.0307168473648217,MRO-10045;MRO-30012;MRO-60015,MRO-10045;MRO-80001;MRO-20031,EOT Crane,PUN-01,train,12,caution,caution,approved_on_validation,우선 점검 후보
2022-02-25,AST-1041,A2,8,7.455275583382577,0.1831722057121349,0.1268998028260163,MRO-50009;MRO-10047;MRO-80001,MRO-50009;MRO-10047;MRO-80001,CNC Lathe,PUN-01,train,12,risk,risk,approved_on_validation,우선 점검 후보
2022-02-25,AST-1042,A2,7,6.556149966406019,0.1303054189747477,0.0850885716375367,MRO-10045;MRO-20031;MRO-80002,MRO-10045;MRO-20031;MRO-10046,CNC Lathe,PUN-01,train,12,risk,risk,approved_on_validation,우선 점검 후보
2022-02-25,AST-2017,A2,9,8.763461172784691,0.2763091441543071,0.203538237274502,MRO-20031;MRO-50009;MRO-10046,MRO-20031;MRO-50009;MRO-10046,Hydraulic Press,PUN-01,train,12,risk,risk,approved_on_validation,우선 점검 후보
2022-02-25,AST-2031,A2,7,8.244036993706713,0.2356426079587326,0.1723895964327194,MRO-80001;MRO-10047;MRO-50009,MRO-80001;MRO-10047;MRO-50009,Hydraulic Press,CHN-02,train,12,risk,risk,approved_on_validation,우선 점검 후보
2022-02-25,AST-3008,A2,14,7.136992503438994,0.1644315666432767,0.1108189232426917,MRO-50009;MRO-10046;MRO-20031,MRO-50009;MRO-10046;MRO-20031,Belt Conveyor,CHN-02,train,12,high_risk,risk,approved_on_validation,우선 점검 후보
2022-02-25,AST-3019,A2,1,5.631077970730761,0.0874333872284469,0.0522589924083604,MRO-10045;MRO-10047;MRO-20031,MRO-10045;MRO-10047;MRO-20031,Belt Conveyor,CHN-02,train,12,caution,caution,approved_on_validation,우선 점검 후보
2022-02-25,AST-4055,A2,13,8.895012980560502,0.2825346451436162,0.2127972927275977,MRO-10045;MRO-50009;MRO-10047,MRO-10045;MRO-50009;MRO-10047,Screw Compressor,DHR-03,train,12,high_risk,risk,approved_on_validation,우선 점검 후보
2022-02-25,AST-4061,A2,6,6.590384627795307,0.13273557725162,0.0865601582409516,MRO-80001;MRO-40022;MRO-10045,MRO-80001;MRO-10045;MRO-10047,Screw Compressor,DHR-03,train,12,risk,risk,approved_on_validation,우선 점검 후보
2022-02-25,AST-5003,A2,4,6.8496476561533175,0.1425814870643905,0.0940009212842625,MRO-30012;MRO-40022;MRO-10046,MRO-10046;MRO-10045;MRO-50009,EOT Crane,DHR-03,train,12,caution,risk,approved_on_validation,우선 점검 후보
2022-02-25,AST-5007,A2,15,9.539257326624874,0.3260955355688873,0.2499370790733416,MRO-60015;MRO-30012;MRO-40022,MRO-10045;MRO-20031;MRO-10046,EOT Crane,PUN-01,train,12,high_risk,risk,approved_on_validation,우선 점검 후보
2022-02-26,AST-1041,A2,0,0.0032488056492774,6.6859578895127945e-12,6.760622363449154e-15,MRO-70005;MRO-10045;MRO-10046,MRO-10045;MRO-10046;MRO-10047,CNC Lathe,PUN-01,train,12,normal,normal,approved_on_validation,우선 점검 후보
2022-02-26,AST-1042,A2,0,0.003326236104651,6.919684707784158e-12,7.27075640232756e-15,MRO-10047;MRO-30012;MRO-40021,MRO-10047;MRO-10045;MRO-10046,CNC Lathe,PUN-01,train,12,normal,normal,approved_on_validation,우선 점검 후보
2022-02-26,AST-2017,A2,0,0.003180828185722,5.754395835365218e-12,5.8467500489793755e-15,MRO-20033;MRO-30012;MRO-90012,MRO-10045;MRO-10046;MRO-20031,Hydraulic Press,PUN-01,train,12,normal,normal,approved_on_validation,우선 점검 후보
2022-02-26,AST-2031,A2,0,0.0034978759105076,9.398902368526606e-12,9.73624614082086e-15,MRO-10045;MRO-10046;MRO-50008,MRO-10045;MRO-10046;MRO-10047,Hydraulic Press,CHN-02,train,12,normal,normal,approved_on_validation,우선 점검 후보
2022-02-26,AST-3008,A2,0,0.0033209448949134,6.308307309823562e-12,7.059111632664834e-15,MRO-70005;MRO-10046;MRO-10047,MRO-10046;MRO-10047;MRO-10045,Belt Conveyor,CHN-02,train,12,normal,normal,approved_on_validation,우선 점검 후보
2022-02-26,AST-3019,A2,0,0.0032359114616113,6.606229548693071e-12,6.670855991379259e-15,MRO-70005;MRO-10046;MRO-20031,MRO-10046;MRO-20031;MRO-50009,Belt Conveyor,CHN-02,train,12,normal,normal,approved_on_validation,우선 점검 후보
2022-02-26,AST-4055,A2,0,0.0032592331736754,5.914625177011912e-12,6.179810842622981e-15,MRO-60016;MRO-20031;MRO-10045,MRO-20031;MRO-10045;MRO-10046,Screw Compressor,DHR-03,train,12,normal,normal,approved_on_validation,우선 점검 후보
2022-02-26,AST-4061,A2,0,0.0032316625267803,6.751842245138305e-12,6.735745979531034e-15,MRO-20031;MRO-80002;MRO-10045,MRO-20031;MRO-10045;MRO-10046,Screw Compressor,DHR-03,train,12,normal,normal,approved_on_validation,우선 점검 후보
2022-02-26,AST-5003,A2,0,0.0033919057502358,8.699584639877801e-12,8.733663538097617e-15,MRO-10045;MRO-70005;MRO-10047,MRO-10045;MRO-10047;MRO-20031,EOT Crane,DHR-03,train,12,normal,normal,approved_on_validation,우선 점검 후보
2022-02-26,AST-5007,A2,0,0.0032313069706912,6.584843911406165e-12,6.627388329566638e-15,MRO-10046;MRO-10047;MRO-50009,MRO-10046;MRO-10047;MRO-50009,EOT Crane,PUN-01,train,12,normal,normal,approved_on_validation,우선 점검 후보
2022-02-27,AST-1041,A2,0,0.0032552759065015,6.689618472492453e-12,6.8050963846073365e-15,MRO-70005;MRO-10045;MRO-10046,MRO-10045;MRO-10046;MRO-10047,CNC Lathe,PUN-01,train,12,normal,normal,approved_on_validation,우선 점검 후보
2022-02-27,AST-1042,A2,0,0.0032352221479919,6.704512312571265e-12,6.729744767763336e-15,MRO-10047;MRO-10045;MRO-10046,MRO-10047;MRO-10045;MRO-10046,CNC Lathe,PUN-01,train,12,normal,normal,approved_on_validation,우선 점검 후보
2022-02-27,AST-2017,A2,0,0.0031986139465234,6.4391822909102986e-12,6.400971318067982e-15,MRO-20031;MRO-10045;MRO-10046,MRO-20031;MRO-10045;MRO-10046,Hydraulic Press,PUN-01,train,12,normal,normal,approved_on_validation,우선 점검 후보
2022-02-27,AST-2031,A2,0,0.0034391612908899,9.385873468929327e-12,9.425196026669436e-15,MRO-10045;MRO-10046;MRO-10047,MRO-10045;MRO-10046;MRO-10047,Hydraulic Press,CHN-02,train,12,normal,normal,approved_on_validation,우선 점검 후보
2022-02-27,AST-3008,A2,0,0.0033153060758716,6.163625160245936e-12,6.9025806620605955e-15,MRO-70005;MRO-50008;MRO-10045,MRO-10045;MRO-10046;MRO-10047,Belt Conveyor,CHN-02,train,12,normal,normal,approved_on_validation,우선 점검 후보
2022-02-27,AST-3019,A2,0,0.0032313748366423,6.620142665177675e-12,6.666198455652893e-15,MRO-70005;MRO-10045;MRO-10046,MRO-10045;MRO-10046;MRO-10047,Belt Conveyor,CHN-02,train,12,normal,normal,approved_on_validation,우선 점검 후보
2022-02-27,AST-4055,A2,0,0.0031759341143517,5.942216696672924e-12,5.974140367467449e-15,MRO-10045;MRO-10046;MRO-20031,MRO-10045;MRO-10046;MRO-20031,Screw Compressor,DHR-03,train,12,normal,normal,approved_on_validation,우선 점검 후보
2022-02-27,AST-4061,A2,0,0.0032208499568536,6.673231218040127e-12,6.648953264684822e-15,MRO-10045;MRO-10046;MRO-10047,MRO-10045;MRO-10046;MRO-10047,Screw Compressor,DHR-03,train,12,normal,normal,approved_on_validation,우선 점검 후보
2022-02-27,AST-5003,A2,0,0.0032041046752512,6.1894418913998656e-12,6.249575020948458e-15,MRO-70005;MRO-10046;MRO-10047,MRO-10046;MRO-10047;MRO-20031,EOT Crane,DHR-03,train,12,normal,normal,approved_on_validation,우선 점검 후보
2022-02-27,AST-5007,A2,0,0.0033838945911102,7.412480953473697e-12,8.087306231976825e-15,MRO-70005;MRO-50009;MRO-10046,MRO-50009;MRO-10046;MRO-10047,EOT Crane,PUN-01,train,12,normal,normal,approved_on_validation,우선 점검 후보
2022-02-28,AST-1041,A2,6,7.1681845143774146,0.166615738000059,0.1118268004977285,MRO-80001;MRO-20031;MRO-10046,MRO-80001;MRO-20031;MRO-10046,CNC Lathe,PUN-01,train,12,risk,risk,approved_on_validation,우선 점검 후보
2022-02-28,AST-1042,A2,11,6.668824228196666,0.1353325737433827,0.0884510119421793,MRO-40021;MRO-30012;MRO-10047,MRO-10047;MRO-20031;MRO-10046,CNC Lathe,PUN-01,train,12,risk,risk,approved_on_validation,우선 점검 후보
2022-02-28,AST-2017,A2,12,8.676359535448745,0.268585476515221,0.1973140851167145,MRO-50009;MRO-80001;MRO-10046,MRO-50009;MRO-80001;MRO-10046,Hydraulic Press,PUN-01,train,12,high_risk,risk,approved_on_validation,우선 점검 후보
2022-02-28,AST-2031,A2,0,7.426014866997552,0.1812556363576779,0.1254063790272881,MRO-10047;MRO-50009;MRO-80001,MRO-10047;MRO-50009;MRO-80001,Hydraulic Press,CHN-02,train,12,normal,risk,approved_on_validation,우선 점검 후보
2022-02-28,AST-3008,A2,6,7.185039426531419,0.1655103654407021,0.11317879824267,MRO-50009;MRO-20031;MRO-80001,MRO-50009;MRO-20031;MRO-80001,Belt Conveyor,CHN-02,train,12,risk,risk,approved_on_validation,우선 점검 후보
2022-02-28,AST-3019,A2,6,5.625160816581403,0.086263642345994,0.0519300442027581,MRO-10045;MRO-10047;MRO-20031,MRO-10045;MRO-10047;MRO-20031,Belt Conveyor,CHN-02,train,12,risk,caution,approved_on_validation,우선 점검 후보
2022-02-28,AST-4055,A2,0,7.517670383684325,0.1877927394138539,0.1301890888591715,MRO-10046;MRO-10047;MRO-10045,MRO-10046;MRO-10047;MRO-10045,Screw Compressor,DHR-03,train,12,normal,risk,approved_on_validation,우선 점검 후보
2022-02-28,AST-4061,A2,0,5.683367622616805,0.0866010118066327,0.0520766669339136,MRO-50009;MRO-10047;MRO-80001,MRO-50009;MRO-10047;MRO-80001,Screw Compressor,DHR-03,train,12,normal,caution,approved_on_validation,우선 점검 후보
2022-02-28,AST-5003,A2,5,7.847978552738671,0.2100122881393178,0.1475225834534978,MRO-10045;MRO-50009;MRO-10046,MRO-10045;MRO-50009;MRO-10046,EOT Crane,DHR-03,train,12,caution,risk,approved_on_validation,우선 점검 후보
2022-02-28,AST-5007,A2,10,6.365961526431411,0.1214675015944028,0.07755959598552,MRO-20031;MRO-50009;MRO-10045,MRO-20031;MRO-50009;MRO-10045,EOT Crane,PUN-01,train,12,risk,risk,approved_on_validation,우선 점검 후보
2022-03-01,AST-1041,A2,5,6.605431408500089,0.1278268430684847,0.0855700611957685,MRO-30012;MRO-40022;MRO-80001,MRO-80001;MRO-50009;MRO-20031,CNC Lathe,PUN-01,train,12,caution,risk,approved_on_validation,우선 점검 후보
2022-03-01,AST-1042,A2,4,5.563582369751558,0.0809562696548814,0.0485805367408428,MRO-10046;MRO-10045;MRO-50009,MRO-10046;MRO-10045;MRO-50009,CNC Lathe,PUN-01,train,12,caution,caution,approved_on_validation,우선 점검 후보
2022-03-01,AST-2017,A2,4,7.439692397344537,0.1830230964088391,0.1258433042014454,MRO-10046;MRO-10047;MRO-10045,MRO-10046;MRO-10047;MRO-10045,Hydraulic Press,PUN-01,train,12,caution,risk,approved_on_validation,우선 점검 후보
2022-03-01,AST-2031,A2,5,7.344252624159416,0.175889172926321,0.1223233636044498,MRO-20031;MRO-10045;MRO-10047,MRO-20031;MRO-10045;MRO-10047,Hydraulic Press,CHN-02,train,12,caution,risk,approved_on_validation,우선 점검 후보
2022-03-01,AST-3008,A2,0,6.53482549391824,0.1284394694031051,0.0840653033185733,MRO-10045;MRO-80001;MRO-50009,MRO-10045;MRO-80001;MRO-50009,Belt Conveyor,CHN-02,train,12,normal,risk,approved_on_validation,우선 점검 후보
2022-03-01,AST-3019,A2,0,5.535970597256362,0.0813897213258269,0.0491807714166649,MRO-20031;MRO-10045;MRO-10047,MRO-20031;MRO-10045;MRO-10047,Belt Conveyor,CHN-02,train,12,normal,caution,approved_on_validation,우선 점검 후보
2022-03-01,AST-4055,A2,4,7.658978858017921,0.1951740725667765,0.1377991159223564,MRO-10046;MRO-10045;MRO-20031,MRO-10046;MRO-10045;MRO-20031,Screw Compressor,DHR-03,train,12,caution,risk,approved_on_validation,우선 점검 후보
2022-03-01,AST-4061,A2,7,7.35853473833998,0.1744750315292643,0.1224679774907283,MRO-10046;MRO-20032;MRO-40021,MRO-10046;MRO-10045;MRO-20031,Screw Compressor,DHR-03,train,12,risk,risk,approved_on_validation,우선 점검 후보
2022-03-01,AST-5003,A2,10,8.063874386242157,0.224314346061445,0.1582582527781657,MRO-40022;MRO-10045;MRO-10046,MRO-10045;MRO-10046;MRO-50009,EOT Crane,DHR-03,train,12,risk,risk,approved_on_validation,우선 점검 후보
2022-03-01,AST-5007,A2,0,4.511347641771057,0.0414828729872852,0.0229222171111938,MRO-40021;MRO-20031;MRO-20033,MRO-20031;MRO-10045;MRO-50009,EOT Crane,PUN-01,train,12,normal,caution,approved_on_validation,우선 점검 후보
2022-03-02,AST-1041,A2,10,7.189401355865889,0.1677491781386192,0.1109782002079477,MRO-80001;MRO-30011;MRO-20031,MRO-80001;MRO-20031;MRO-50009,CNC Lathe,PUN-01,train,12,risk,risk,approved_on_validation,우선 점검 후보
2022-03-02,AST-1042,A2,6,5.872634966409433,0.0952746459990973,0.0592361218240267,MRO-10046;MRO-80001;MRO-20031,MRO-10046;MRO-80001;MRO-20031,CNC Lathe,PUN-01,train,12,risk,risk,approved_on_validation,우선 점검 후보
2022-03-02,AST-2017,A2,11,8.706800360657793,0.2705261059996903,0.2005301098462274,MRO-20031;MRO-80001;MRO-10046,MRO-20031;MRO-80001;MRO-10046,Hydraulic Press,PUN-01,train,12,risk,risk,approved_on_validation,우선 점검 후보
2022-03-02,AST-2031,A2,12,8.937715404276364,0.2855063409863091,0.2172896682878572,MRO-10046;MRO-80001;MRO-20031,MRO-10046;MRO-80001;MRO-20031,Hydraulic Press,CHN-02,train,12,high_risk,risk,approved_on_validation,우선 점검 후보
2022-03-02,AST-3008,A2,4,6.672707319343676,0.1338687201843214,0.0897840085792983,MRO-20031;MRO-80001;MRO-50009,MRO-20031;MRO-80001;MRO-50009,Belt Conveyor,CHN-02,train,12,caution,risk,approved_on_validation,우선 점검 후보
2022-03-02,AST-3019,A2,12,5.5952051542077665,0.0840370208858765,0.0504284004344388,MRO-50009;MRO-80002;MRO-10045,MRO-50009;MRO-10045;MRO-20031,Belt Conveyor,CHN-02,train,12,high_risk,caution,approved_on_validation,우선 점검 후보
2022-03-02,AST-4055,A2,14,8.366829174940973,0.245333092777706,0.1781772108084052,MRO-40022;MRO-50009;MRO-20031,MRO-50009;MRO-20031;MRO-10047,Screw Compressor,DHR-03,train,12,high_risk,risk,approved_on_validation,우선 점검 후보
2022-03-02,AST-4061,A2,2,6.65923838357054,0.1358856212585284,0.0895570542856239,MRO-40021;MRO-10047;MRO-20031,MRO-10047;MRO-20031;MRO-10045,Screw Compressor,DHR-03,train,12,caution,risk,approved_on_validation,우선 점검 후보
2022-03-02,AST-5003,A2,9,8.144600719928086,0.2308238239110878,0.1649236490983132,MRO-10045;MRO-10046;MRO-50009,MRO-10045;MRO-10046;MRO-50009,EOT Crane,DHR-03,train,12,risk,risk,approved_on_validation,우선 점검 후보
2022-03-02,AST-5007,A2,12,5.036493136249547,0.0580901379299641,0.0340109020496861,MRO-20031;MRO-50009;MRO-40022,MRO-20031;MRO-50009;MRO-10045,EOT Crane,PUN-01,train,12,high_risk,caution,approved_on_validation,우선 점검 후보
2022-03-03,AST-1041,A2,4,5.918609684490567,0.0976405066162959,0.0593699274442076,MRO-20033;MRO-50008;MRO-60016,MRO-10045;MRO-80001;MRO-20031,CNC Lathe,PUN-01,train,12,caution,risk,approved_on_validation,우선 점검 후보
2022-03-03,AST-1042,A2,4,5.855989503283376,0.0952764849799662,0.0584321442435686,MRO-20031;MRO-10045;MRO-50009,MRO-20031;MRO-10045;MRO-50009,CNC Lathe,PUN-01,train,12,caution,risk,approved_on_validation,우선 점검 후보
2022-03-03,AST-2017,A2,14,8.986273557045564,0.2914621993807368,0.2177146508761649,MRO-80001;MRO-10047;MRO-20031,MRO-80001;MRO-10047;MRO-20031,Hydraulic Press,PUN-01,train,12,high_risk,risk,approved_on_validation,우선 점검 후보
2022-03-03,AST-2031,A2,6,7.631898896307584,0.1962170802984389,0.1380578754951105,MRO-80001;MRO-10046;MRO-50009,MRO-80001;MRO-10046;MRO-50009,Hydraulic Press,CHN-02,train,12,risk,risk,approved_on_validation,우선 점검 후보
2022-03-03,AST-3008,A2,10,6.779740682846146,0.1431683526016614,0.094926296950677,MRO-10045;MRO-20031;MRO-80001,MRO-10045;MRO-20031;MRO-80001,Belt Conveyor,CHN-02,train,12,risk,risk,approved_on_validation,우선 점검 후보
2022-03-03,AST-3019,A2,4,5.188241970765726,0.0676376162903114,0.039421338734656,MRO-50009;MRO-20031;MRO-80001,MRO-50009;MRO-20031;MRO-80001,Belt Conveyor,CHN-02,train,12,caution,caution,approved_on_validation,우선 점검 후보
2022-03-03,AST-4055,A2,6,8.57083566278388,0.2570311851128222,0.19135903329161,MRO-10046;MRO-20031;MRO-10045,MRO-10046;MRO-20031;MRO-10045,Screw Compressor,DHR-03,train,12,risk,risk,approved_on_validation,우선 점검 후보
2022-03-03,AST-4061,A2,6,6.860122911175192,0.1468864335173514,0.0982428684864636,MRO-10046;MRO-10047;MRO-20031,MRO-10046;MRO-10047;MRO-20031,Screw Compressor,DHR-03,train,12,risk,risk,approved_on_validation,우선 점검 후보
2022-03-03,AST-5003,A2,6,7.575822523102595,0.1958928685286749,0.1319543502327245,MRO-10046;MRO-50009;MRO-80001,MRO-10046;MRO-50009;MRO-80001,EOT Crane,DHR-03,train,12,risk,risk,approved_on_validation,우선 점검 후보
2022-03-03,AST-5007,A2,2,5.83517284750173,0.0932951177070739,0.0582331645918422,MRO-10045;MRO-20031;MRO-10047,MRO-10045;MRO-20031;MRO-10047,EOT Crane,PUN-01,train,12,caution,caution,approved_on_validation,우선 점검 후보
2022-03-04,AST-1041,A2,7,6.69552411991065,0.1359369806821706,0.0909622208092959,MRO-10045;MRO-50009;MRO-80001,MRO-10045;MRO-50009;MRO-80001,CNC Lathe,PUN-01,train,12,risk,risk,approved_on_validation,우선 점검 후보
2022-03-04,AST-1042,A2,5,5.975397356329662,0.0995556577105045,0.0625949954618097,MRO-30012;MRO-10046;MRO-80001,MRO-10046;MRO-80001;MRO-20031,CNC Lathe,PUN-01,train,12,caution,risk,approved_on_validation,우선 점검 후보
2022-03-04,AST-2017,A2,14,9.133319534899202,0.3062423597824682,0.227875659731652,MRO-10047;MRO-50009;MRO-20031,MRO-10047;MRO-50009;MRO-20031,Hydraulic Press,PUN-01,train,12,high_risk,risk,approved_on_validation,우선 점검 후보
2022-03-04,AST-2031,A2,3,7.471859055210636,0.184433778277479,0.1278996596944298,MRO-80001;MRO-10047;MRO-10045,MRO-80001;MRO-10047;MRO-10045,Hydraulic Press,CHN-02,train,12,caution,risk,approved_on_validation,우선 점검 후보
2022-03-04,AST-3008,A2,11,6.6249977391668855,0.1336934073969167,0.0887758855185065,MRO-10047;MRO-10045;MRO-20031,MRO-10047;MRO-10045;MRO-20031,Belt Conveyor,CHN-02,train,12,risk,risk,approved_on_validation,우선 점검 후보
2022-03-04,AST-3019,A2,4,5.0644996742592285,0.0630712056522385,0.0359003475233117,MRO-10046;MRO-80001;MRO-20031,MRO-10046;MRO-80001;MRO-20031,Belt Conveyor,CHN-02,train,12,caution,caution,approved_on_validation,우선 점검 후보
2022-03-04,AST-4055,A2,3,7.534579214745226,0.1871969500380876,0.1308952697290187,MRO-10047;MRO-20031;MRO-10046,MRO-10047;MRO-20031;MRO-10046,Screw Compressor,DHR-03,train,12,caution,risk,approved_on_validation,우선 점검 후보
2022-03-04,AST-4061,A2,4,6.7989942232843985,0.1433355602399756,0.0952289806769282,MRO-40022;MRO-10047;MRO-20031,MRO-10047;MRO-20031;MRO-10045,Screw Compressor,DHR-03,train,12,caution,risk,approved_on_validation,우선 점검 후보
2022-03-04,AST-5003,A2,2,6.773148882517146,0.1414302962951978,0.0930839324220356,MRO-10046;MRO-10047;MRO-20031,MRO-10046;MRO-10047;MRO-20031,EOT Crane,DHR-03,train,12,caution,risk,approved_on_validation,우선 점검 후보
2022-03-04,AST-5007,A2,10,5.399288180490514,0.0749752083651106,0.0449308331873641,MRO-10047;MRO-20031;MRO-50009,MRO-10047;MRO-20031;MRO-50009,EOT Crane,PUN-01,train,12,risk,caution,approved_on_validation,우선 점검 후보
2022-03-05,AST-1041,A2,0,0.0032915480409759,7.004719168667251e-12,7.079441762204206e-15,MRO-80001;MRO-30011;MRO-90011,MRO-80001;MRO-10046;MRO-10047,CNC Lathe,PUN-01,train,12,normal,normal,approved_on_validation,우선 점검 후보
2022-03-05,AST-1042,A2,0,0.0031904926860683,6.286012670130956e-12,6.252844258894527e-15,MRO-10046;MRO-20031;MRO-50009,MRO-10046;MRO-20031;MRO-50009,CNC Lathe,PUN-01,train,12,normal,normal,approved_on_validation,우선 점검 후보
2022-03-05,AST-2017,A2,0,0.0034627464958148,7.325902328928944e-12,8.30098178418313e-15,MRO-20032;MRO-70004;MRO-90012,MRO-10047;MRO-10045;MRO-50009,Hydraulic Press,PUN-01,train,12,normal,normal,approved_on_validation,우선 점검 후보
2022-03-05,AST-2031,A2,0,0.0033312480237372,8.020922172797897e-12,8.030971686078513e-15,MRO-10046;MRO-20031;MRO-10045,MRO-10046;MRO-20031;MRO-10045,Hydraulic Press,CHN-02,train,12,normal,normal,approved_on_validation,우선 점검 후보
2022-03-05,AST-3008,A2,0,0.0030652843853267,5.369925958197874e-12,5.161736279396621e-15,MRO-10046;MRO-20031;MRO-50009,MRO-10046;MRO-20031;MRO-50009,Belt Conveyor,CHN-02,train,12,normal,normal,approved_on_validation,우선 점검 후보
2022-03-05,AST-3019,A2,0,0.0033008357725415,6.615221555781684e-12,7.129320519265007e-15,MRO-20032;MRO-20031;MRO-10045,MRO-20031;MRO-10045;MRO-10046,Belt Conveyor,CHN-02,train,12,normal,normal,approved_on_validation,우선 점검 후보
2022-03-05,AST-4055,A2,0,0.0031380895221269,5.7482214533278255e-12,5.744434596888908e-15,MRO-70005;MRO-10046;MRO-10047,MRO-10046;MRO-10047;MRO-20031,Screw Compressor,DHR-03,train,12,normal,normal,approved_on_validation,우선 점검 후보
2022-03-05,AST-4061,A2,0,0.0032702224057066,6.77262752044156e-12,6.992496496279465e-15,MRO-20032;MRO-20031;MRO-10045,MRO-20031;MRO-10045;MRO-10046,Screw Compressor,DHR-03,train,12,normal,normal,approved_on_validation,우선 점검 후보
2022-03-05,AST-5003,A2,0,0.0034694212069891,7.002413119203654e-12,7.803782065311144e-15,MRO-40022;MRO-90011;MRO-10045,MRO-10045;MRO-40022;MRO-10047,EOT Crane,DHR-03,train,12,normal,normal,approved_on_validation,우선 점검 후보
2022-03-05,AST-5007,A2,0,0.0032825513501168,6.9722769202630635e-12,7.114033115059223e-15,MRO-10047;MRO-80001;MRO-50008,MRO-10047;MRO-80001;MRO-10045,EOT Crane,PUN-01,train,12,normal,normal,approved_on_validation,우선 점검 후보
2022-03-06,AST-1041,A2,0,0.0031833498092066,6.257760064811721e-12,6.108485600554909e-15,MRO-30011;MRO-80001;MRO-90011,MRO-80001;MRO-10046;MRO-10047,CNC Lathe,PUN-01,train,12,normal,normal,approved_on_validation,우선 점검 후보
2022-03-06,AST-1042,A2,0,0.0033002827980104,6.561737336020573e-12,6.857416791811793e-15,MRO-30012;MRO-90011;MRO-10046,MRO-10046;MRO-20031;MRO-50009,CNC Lathe,PUN-01,train,12,normal,normal,approved_on_validation,우선 점검 후보
2022-03-06,AST-2017,A2,0,0.0032248206152465,6.5279286594300905e-12,6.552832569045049e-15,MRO-50009;MRO-10045;MRO-10046,MRO-50009;MRO-10045;MRO-10046,Hydraulic Press,PUN-01,train,12,normal,normal,approved_on_validation,우선 점검 후보
2022-03-06,AST-2031,A2,0,0.0033230233707823,7.926007177713834e-12,7.912863043239645e-15,MRO-10046;MRO-10045;MRO-10047,MRO-10046;MRO-10045;MRO-10047,Hydraulic Press,CHN-02,train,12,normal,normal,approved_on_validation,우선 점검 후보
2022-03-06,AST-3008,A2,0,0.003210237421126,6.495812916993036e-12,6.454134706740674e-15,MRO-50008;MRO-10046;MRO-20031,MRO-10046;MRO-20031;MRO-50009,Belt Conveyor,CHN-02,train,12,normal,normal,approved_on_validation,우선 점검 후보
2022-03-06,AST-3019,A2,0,0.0032150475252574,6.526185915407076e-12,6.537492064388914e-15,MRO-10045;MRO-10046;MRO-10047,MRO-10045;MRO-10046;MRO-10047,Belt Conveyor,CHN-02,train,12,normal,normal,approved_on_validation,우선 점검 후보
2022-03-06,AST-4055,A2,0,0.0032117288959968,5.952607119087469e-12,6.156605404258404e-15,MRO-70005;MRO-10045;MRO-10047,MRO-10045;MRO-10047;MRO-20031,Screw Compressor,DHR-03,train,12,normal,normal,approved_on_validation,우선 점검 후보
2022-03-06,AST-4061,A2,0,0.003256431794803,6.627017201887625e-12,6.829924845760422e-15,MRO-20032;MRO-90011;MRO-10045,MRO-10045;MRO-10046;MRO-10047,Screw Compressor,DHR-03,train,12,normal,normal,approved_on_validation,우선 점검 후보
2022-03-06,AST-5003,A2,0,0.003193234889016,6.428219304275401e-12,6.379528710612574e-15,MRO-20031;MRO-10046;MRO-10047,MRO-20031;MRO-10046;MRO-10047,EOT Crane,DHR-03,train,12,normal,normal,approved_on_validation,우선 점검 후보
2022-03-06,AST-5007,A2,0,0.0032704439927811,6.640717988968139e-12,6.8940443129292065e-15,MRO-70004;MRO-10045;MRO-10046,MRO-10045;MRO-10046;MRO-20031,EOT Crane,PUN-01,train,12,normal,normal,approved_on_validation,우선 점검 후보
2022-03-07,AST-1041,A2,10,6.639666799918539,0.1340471461576897,0.0876460163901223,MRO-30012;MRO-10045;MRO-80001,MRO-10045;MRO-80001;MRO-10047,CNC Lathe,PUN-01,train,12,risk,risk,approved_on_validation,우선 점검 후보
2022-03-07,AST-1042,A2,6,7.873776053990184,0.2037814664420552,0.1482669523455378,MRO-30012;MRO-50009;MRO-70005,MRO-50009;MRO-10045;MRO-10046,CNC Lathe,PUN-01,train,12,risk,risk,approved_on_validation,우선 점검 후보
2022-03-07,AST-2017,A2,5,8.421340631837058,0.2476241453440145,0.1803699565634022,MRO-80001;MRO-10045;MRO-10046,MRO-80001;MRO-10045;MRO-10046,Hydraulic Press,PUN-01,train,12,caution,risk,approved_on_validation,우선 점검 후보
2022-03-07,AST-2031,A2,5,7.264118545372063,0.1708657766581659,0.1177487782485164,MRO-60015;MRO-50009;MRO-80001,MRO-50009;MRO-80001;MRO-10045,Hydraulic Press,CHN-02,train,12,caution,risk,approved_on_validation,우선 점검 후보
2022-03-07,AST-3008,A2,8,6.27515701418244,0.1152577843145098,0.0742285005693714,MRO-10045;MRO-10047;MRO-50009,MRO-10045;MRO-10047;MRO-50009,Belt Conveyor,CHN-02,train,12,risk,risk,approved_on_validation,우선 점검 후보
2022-03-07,AST-3019,A2,6,5.374287172197752,0.0741653584734047,0.0443795477829997,MRO-10046;MRO-50009;MRO-30011,MRO-10046;MRO-50009;MRO-80001,Belt Conveyor,CHN-02,train,12,risk,caution,approved_on_validation,우선 점검 후보
2022-03-07,AST-4055,A2,8,7.789621999370847,0.205387549483319,0.1444877183211889,MRO-40021;MRO-10045;MRO-20031,MRO-10045;MRO-20031;MRO-10047,Screw Compressor,DHR-03,train,12,risk,risk,approved_on_validation,우선 점검 후보
2022-03-07,AST-4061,A2,11,6.740317335294692,0.1406805015560014,0.0929444147273917,MRO-10047;MRO-20031;MRO-10045,MRO-10047;MRO-20031;MRO-10045,Screw Compressor,DHR-03,train,12,risk,risk,approved_on_validation,우선 점검 후보
2022-03-07,AST-5003,A2,12,8.056457015217282,0.2237587842656106,0.1590116485324468,MRO-20031;MRO-10045;MRO-60016,MRO-20031;MRO-10045;MRO-10047,EOT Crane,DHR-03,train,12,high_risk,risk,approved_on_validation,우선 점검 후보
2022-03-07,AST-5007,A2,5,5.133594471916763,0.0630739300617756,0.0373121522769094,MRO-20031;MRO-10045;MRO-10046,MRO-20031;MRO-10045;MRO-10046,EOT Crane,PUN-01,train,12,caution,caution,approved_on_validation,우선 점검 후보
2022-03-08,AST-1041,A2,8,6.132952629985932,0.1087108274241754,0.0683195701264272,MRO-10046;MRO-20031;MRO-10045,MRO-10046;MRO-20031;MRO-10045,CNC Lathe,PUN-01,train,12,risk,risk,approved_on_validation,우선 점검 후보
2022-03-08,AST-1042,A2,18,6.154480287145785,0.1086526076687796,0.0691353110152604,MRO-80001;MRO-10046;MRO-10045,MRO-80001;MRO-10046;MRO-10045,CNC Lathe,PUN-01,train,12,high_risk,risk,approved_on_validation,우선 점검 후보
2022-03-08,AST-2017,A2,2,7.810877131942058,0.2087310681039922,0.1455364344517543,MRO-80001;MRO-50009;MRO-10045,MRO-80001;MRO-50009;MRO-10045,Hydraulic Press,PUN-01,train,12,caution,risk,approved_on_validation,우선 점검 후보
2022-03-08,AST-2031,A2,6,7.6384106795751565,0.193638189897746,0.1346208541598247,MRO-60015;MRO-10047;MRO-50009,MRO-10047;MRO-50009;MRO-20031,Hydraulic Press,CHN-02,train,12,risk,risk,approved_on_validation,우선 점검 후보
2022-03-08,AST-3008,A2,8,6.7364156335708865,0.1392812758421047,0.0937902719596758,MRO-10046;MRO-10047;MRO-10045,MRO-10046;MRO-10047;MRO-10045,Belt Conveyor,CHN-02,train,12,risk,risk,approved_on_validation,우선 점검 후보
2022-03-08,AST-3019,A2,2,5.551170855741973,0.0823571585594691,0.0494500613330732,MRO-50009;MRO-20031;MRO-10045,MRO-50009;MRO-20031;MRO-10045,Belt Conveyor,CHN-02,train,12,caution,caution,approved_on_validation,우선 점검 후보
2022-03-08,AST-4055,A2,6,7.957735503765525,0.2151577878567889,0.1545083466574444,MRO-10045;MRO-10047;MRO-10046,MRO-10045;MRO-10047;MRO-10046,Screw Compressor,DHR-03,train,12,risk,risk,approved_on_validation,우선 점검 후보
2022-03-08,AST-4061,A2,13,6.633834700120806,0.1350480526434313,0.0884889423213656,MRO-10047;MRO-20031;MRO-10045,MRO-10047;MRO-20031;MRO-10045,Screw Compressor,DHR-03,train,12,high_risk,risk,approved_on_validation,우선 점검 후보
2022-03-08,AST-5003,A2,18,8.078269495826492,0.2262053734695417,0.1606722392418241,MRO-20031;MRO-10045;MRO-60016,MRO-20031;MRO-10045;MRO-10046,EOT Crane,DHR-03,train,12,high_risk,risk,approved_on_validation,우선 점검 후보
2022-03-08,AST-5007,A2,0,5.021947280579247,0.0586158385047128,0.0342695660218267,MRO-10047;MRO-10046;MRO-50009,MRO-10047;MRO-10046;MRO-50009,EOT Crane,PUN-01,train,12,normal,caution,approved_on_validation,우선 점검 후보
2022-03-09,AST-1041,A2,0,6.5837902264222965,0.1310063119184812,0.0857802607100921,MRO-10046;MRO-50009;MRO-10045,MRO-10046;MRO-50009;MRO-10045,CNC Lathe,PUN-01,train,12,normal,risk,approved_on_validation,우선 점검 후보
2022-03-09,AST-1042,A2,4,5.870709023678391,0.0927907079359153,0.0582254416433819,MRO-30012;MRO-90012;MRO-20031,MRO-20031;MRO-80001;MRO-50009,CNC Lathe,PUN-01,train,12,caution,risk,approved_on_validation,우선 점검 후보
2022-03-09,AST-2017,A2,3,8.58378146182634,0.2620117695342477,0.1931280576795757,MRO-20031;MRO-50009;MRO-10045,MRO-20031;MRO-50009;MRO-10045,Hydraulic Press,PUN-01,train,12,caution,risk,approved_on_validation,우선 점검 후보
2022-03-09,AST-2031,A2,12,8.568448835560785,0.2552491744988295,0.193160729932227,MRO-10047;MRO-10046;MRO-50009,MRO-10047;MRO-10046;MRO-50009,Hydraulic Press,CHN-02,train,12,high_risk,risk,approved_on_validation,우선 점검 후보
2022-03-09,AST-3008,A2,9,6.742490831858485,0.1420287554782734,0.0934957210529523,MRO-10047;MRO-10046;MRO-10045,MRO-10047;MRO-10046;MRO-10045,Belt Conveyor,CHN-02,train,12,risk,risk,approved_on_validation,우선 점검 후보
2022-03-09,AST-3019,A2,6,5.55747879041044,0.0821741326137562,0.0495574646769465,MRO-50009;MRO-20031;MRO-10045,MRO-50009;MRO-20031;MRO-10045,Belt Conveyor,CHN-02,train,12,risk,caution,approved_on_validation,우선 점검 후보
2022-03-09,AST-4055,A2,2,7.752091149444778,0.2015545392722145,0.1419453308000197,MRO-10046;MRO-10045;MRO-10047,MRO-10046;MRO-10045;MRO-10047,Screw Compressor,DHR-03,train,12,caution,risk,approved_on_validation,우선 점검 후보
2022-03-09,AST-4061,A2,4,6.905120682890693,0.1496530942652572,0.0999636783421509,MRO-80001;MRO-10046;MRO-40021,MRO-80001;MRO-10046;MRO-50009,Screw Compressor,DHR-03,train,12,caution,risk,approved_on_validation,우선 점검 후보
2022-03-09,AST-5003,A2,4,7.149046407445962,0.164672469680097,0.1123442135213556,MRO-10045;MRO-10046;MRO-10047,MRO-10045;MRO-10046;MRO-10047,EOT Crane,DHR-03,train,12,caution,risk,approved_on_validation,우선 점검 후보
2022-03-09,AST-5007,A2,4,5.327090454745167,0.0700955468600375,0.0411643890269067,MRO-20033;MRO-60016;MRO-80001,MRO-80001;MRO-20031;MRO-10047,EOT Crane,PUN-01,train,12,caution,caution,approved_on_validation,우선 점검 후보
2022-03-10,AST-1041,A2,10,6.677611290853084,0.1359299557845157,0.090815561626497,MRO-20031;MRO-10046;MRO-10047,MRO-20031;MRO-10046;MRO-10047,CNC Lathe,PUN-01,train,12,risk,risk,approved_on_validation,우선 점검 후보
2022-03-10,AST-1042,A2,4,6.091130188853364,0.107187431364396,0.066983907547618,MRO-50009;MRO-10047;MRO-10045,MRO-50009;MRO-10047;MRO-10045,CNC Lathe,PUN-01,train,12,caution,risk,approved_on_validation,우선 점검 후보
2022-03-10,AST-2017,A2,12,8.10725006727191,0.2285799709313918,0.1637866578974222,MRO-80001;MRO-10045;MRO-10047,MRO-80001;MRO-10045;MRO-10047,Hydraulic Press,PUN-01,train,12,high_risk,risk,approved_on_validation,우선 점검 후보
2022-03-10,AST-2031,A2,10,7.249001226245748,0.1718444885297469,0.1172148889211314,MRO-10047;MRO-10046;MRO-80001,MRO-10047;MRO-10046;MRO-80001,Hydraulic Press,CHN-02,train,12,risk,risk,approved_on_validation,우선 점검 후보
2022-03-10,AST-3008,A2,10,7.365948198107978,0.1794902665257178,0.1236693133731112,MRO-50009;MRO-10046;MRO-10045,MRO-50009;MRO-10046;MRO-10045,Belt Conveyor,CHN-02,train,12,risk,risk,approved_on_validation,우선 점검 후보
2022-03-10,AST-3019,A2,0,5.540286142208982,0.0810753827968326,0.048783279537638,MRO-10046;MRO-50009;MRO-20031,MRO-10046;MRO-50009;MRO-20031,Belt Conveyor,CHN-02,train,12,normal,caution,approved_on_validation,우선 점검 후보
2022-03-10,AST-4055,A2,11,7.324937118239794,0.1742522118363222,0.1202413218070729,MRO-10045;MRO-10047;MRO-20031,MRO-10045;MRO-10047;MRO-20031,Screw Compressor,DHR-03,train,12,risk,risk,approved_on_validation,우선 점검 후보
2022-03-10,AST-4061,A2,12,7.049235535801642,0.1571951833947164,0.1063651162774535,MRO-40021;MRO-10045;MRO-10046,MRO-10045;MRO-10046;MRO-50009,Screw Compressor,DHR-03,train,12,high_risk,risk,approved_on_validation,우선 점검 후보
2022-03-10,AST-5003,A2,2,7.849649856909697,0.2086392780082415,0.1472580020811599,MRO-10046;MRO-10047;MRO-50009,MRO-10046;MRO-10047;MRO-50009,EOT Crane,DHR-03,train,12,caution,risk,approved_on_validation,우선 점검 후보
2022-03-10,AST-5007,A2,4,5.178298233565803,0.0648757602946897,0.0382704999977973,MRO-40022;MRO-10046;MRO-10045,MRO-10046;MRO-10045;MRO-10047,EOT Crane,PUN-01,train,12,caution,caution,approved_on_validation,우선 점검 후보
2022-03-11,AST-1041,A2,7,6.549204940398972,0.1285878198247366,0.08528423836572,MRO-10046;MRO-10045;MRO-80001,MRO-10046;MRO-10045;MRO-80001,CNC Lathe,PUN-01,train,12,risk,risk,approved_on_validation,우선 점검 후보
2022-03-11,AST-1042,A2,10,6.026466926963153,0.1030800591266327,0.0645557731846456,MRO-20031;MRO-10046;MRO-10045,MRO-20031;MRO-10046;MRO-10045,CNC Lathe,PUN-01,train,12,risk,risk,approved_on_validation,우선 점검 후보
2022-03-11,AST-2017,A2,16,9.379309169593803,0.3215134111637996,0.2456217189333944,MRO-20031;MRO-50009;MRO-80001,MRO-20031;MRO-50009;MRO-80001,Hydraulic Press,PUN-01,train,12,high_risk,risk,approved_on_validation,우선 점검 후보
2022-03-11,AST-2031,A2,6,7.370933821661485,0.1796399106693121,0.1233868391357547,MRO-10047;MRO-80001;MRO-50009,MRO-10047;MRO-80001;MRO-50009,Hydraulic Press,CHN-02,train,12,risk,risk,approved_on_validation,우선 점검 후보
2022-03-11,AST-3008,A2,2,6.609044360565749,0.132780114314437,0.0870433841562097,MRO-10046;MRO-50009;MRO-10047,MRO-10046;MRO-50009;MRO-10047,Belt Conveyor,CHN-02,train,12,caution,risk,approved_on_validation,우선 점검 후보
2022-03-11,AST-3019,A2,11,5.733346124260322,0.0881813620382249,0.0548981659905049,MRO-10046;MRO-50009;MRO-20031,MRO-10046;MRO-50009;MRO-20031,Belt Conveyor,CHN-02,train,12,risk,caution,approved_on_validation,우선 점검 후보
2022-03-11,AST-4055,A2,13,8.424278594990726,0.2500579766241385,0.181822540349105,MRO-10046;MRO-20031;MRO-10047,MRO-10046;MRO-20031;MRO-10047,Screw Compressor,DHR-03,train,12,high_risk,risk,approved_on_validation,우선 점검 후보
2022-03-11,AST-4061,A2,12,6.944982008006985,0.1524716856261626,0.102233574037416,MRO-10046;MRO-10045;MRO-80001,MRO-10046;MRO-10045;MRO-80001,Screw Compressor,DHR-03,train,12,high_risk,risk,approved_on_validation,우선 점검 후보
2022-03-11,AST-5003,A2,4,8.004679467961145,0.2188189931819734,0.1571159191828408,MRO-10045;MRO-10046;MRO-10047,MRO-10045;MRO-10046;MRO-10047,EOT Crane,DHR-03,train,12,caution,risk,approved_on_validation,우선 점검 후보
2022-03-11,AST-5007,A2,3,5.133785691590808,0.0628265280124111,0.037435467816297,MRO-10047;MRO-40022;MRO-10045,MRO-10047;MRO-10045;MRO-50009,EOT Crane,PUN-01,train,12,caution,caution,approved_on_validation,우선 점검 후보
2022-03-12,AST-1041,A2,0,0.0032311729027572,4.801017195527671e-12,5.421189832864201e-15,MRO-20033;MRO-30011;MRO-20032,MRO-10047;MRO-20031;MRO-80001,CNC Lathe,PUN-01,train,12,normal,normal,approved_on_validation,우선 점검 후보
2022-03-12,AST-1042,A2,0,0.0032755694995368,6.286563443877308e-12,6.662883880524592e-15,MRO-60015;MRO-90012;MRO-90011,MRO-10045;MRO-10047;MRO-50009,CNC Lathe,PUN-01,train,12,normal,normal,approved_on_validation,우선 점검 후보
2022-03-12,AST-2017,A2,0,0.0033362697998398,7.725612755689802e-12,7.938536229066756e-15,MRO-70004;MRO-20031;MRO-10046,MRO-20031;MRO-10046;MRO-50009,Hydraulic Press,PUN-01,train,12,normal,normal,approved_on_validation,우선 점검 후보
2022-03-12,AST-2031,A2,0,0.0032163506829577,6.492426764336134e-12,6.514453208313034e-15,MRO-10045;MRO-10046;MRO-10047,MRO-10045;MRO-10046;MRO-10047,Hydraulic Press,CHN-02,train,12,normal,normal,approved_on_validation,우선 점검 후보
2022-03-12,AST-3008,A2,0,0.0032116398232664,6.08185441417819e-12,6.2639398501192385e-15,MRO-70004;MRO-50008;MRO-10046,MRO-10046;MRO-10047;MRO-20031,Belt Conveyor,CHN-02,train,12,normal,normal,approved_on_validation,우선 점검 후보
2022-03-12,AST-3019,A2,0,0.0033271101499996,6.538011870032025e-12,7.129972324336858e-15,MRO-70004;MRO-40021;MRO-10046,MRO-10046;MRO-20031;MRO-10045,Belt Conveyor,CHN-02,train,12,normal,normal,approved_on_validation,우선 점검 후보
2022-03-12,AST-4055,A2,0,0.0032018947284462,6.233734175115303e-12,6.263859070380653e-15,MRO-50009;MRO-10047;MRO-30012,MRO-50009;MRO-10047;MRO-10046,Screw Compressor,DHR-03,train,12,normal,normal,approved_on_validation,우선 점검 후보
2022-03-12,AST-4061,A2,0,0.0038401678557428,1.1699109077492483e-11,1.3698394513158206e-14,MRO-20032;MRO-10045;MRO-30011,MRO-10045;MRO-50009;MRO-80001,Screw Compressor,DHR-03,train,12,normal,normal,approved_on_validation,우선 점검 후보
2022-03-12,AST-5003,A2,0,0.0035090572095599,6.920727420483228e-12,7.742379947048161e-15,MRO-30012;MRO-10045;MRO-60016,MRO-10045;MRO-30012;MRO-10046,EOT Crane,DHR-03,train,12,normal,normal,approved_on_validation,우선 점검 후보
2022-03-12,AST-5007,A2,0,0.0032978111623878,6.574950304619653e-12,6.939256895201525e-15,MRO-90011;MRO-30011;MRO-30012,MRO-10045;MRO-10046;MRO-10047,EOT Crane,PUN-01,train,12,normal,normal,approved_on_validation,우선 점검 후보
2022-03-13,AST-1041,A2,0,0.0030862524816298,4.364056241198703e-12,4.709534433901531e-15,MRO-30011;MRO-20032;MRO-90012,MRO-10045;MRO-10047;MRO-20031,CNC Lathe,PUN-01,train,12,normal,normal,approved_on_validation,우선 점검 후보
2022-03-13,AST-1042,A2,0,0.0033436026544591,6.568678621564524e-12,7.119627222356701e-15,MRO-60015;MRO-90012;MRO-90011,MRO-10045;MRO-10047;MRO-20031,CNC Lathe,PUN-01,train,12,normal,normal,approved_on_validation,우선 점검 후보
2022-03-13,AST-2017,A2,0,0.0033458400391323,6.443895036317438e-12,7.294083654478314e-15,MRO-20032;MRO-70004;MRO-10045,MRO-10045;MRO-80001;MRO-10046,Hydraulic Press,PUN-01,train,12,normal,normal,approved_on_validation,우선 점검 후보
2022-03-13,AST-2031,A2,0,0.0032707772233235,7.2180341915024855e-12,7.238250680386604e-15,MRO-50009;MRO-10045;MRO-10046,MRO-50009;MRO-10045;MRO-10046,Hydraulic Press,CHN-02,train,12,normal,normal,approved_on_validation,우선 점검 후보
2022-03-13,AST-3008,A2,0,0.0032088714270063,6.509597346661097e-12,6.452565619780029e-15,MRO-50008;MRO-10045;MRO-10046,MRO-10045;MRO-10046;MRO-10047,Belt Conveyor,CHN-02,train,12,normal,normal,approved_on_validation,우선 점검 후보
2022-03-13,AST-3019,A2,0,0.0031965324093951,6.876486829719146e-12,6.879440732807333e-15,MRO-70004;MRO-80001;MRO-90012,MRO-80001;MRO-50009;MRO-10045,Belt Conveyor,CHN-02,train,12,normal,normal,approved_on_validation,우선 점검 후보
2022-03-13,AST-4055,A2,0,0.0031594012026772,5.743102929342583e-12,5.7666109059927474e-15,MRO-10046;MRO-10047;MRO-20031,MRO-10046;MRO-10047;MRO-20031,Screw Compressor,DHR-03,train,12,normal,normal,approved_on_validation,우선 점검 후보
2022-03-13,AST-4061,A2,0,0.0032696649374013,6.597321747901313e-12,6.870986308118495e-15,MRO-90011;MRO-70004;MRO-10047,MRO-10047;MRO-20031;MRO-50009,Screw Compressor,DHR-03,train,12,normal,normal,approved_on_validation,우선 점검 후보
2022-03-13,AST-5003,A2,0,0.0040966560069543,9.812773720525291e-12,1.2389862711494515e-14,MRO-30012;MRO-10045;MRO-40022,MRO-10045;MRO-30012;MRO-40022,EOT Crane,DHR-03,train,12,normal,normal,approved_on_validation,우선 점검 후보
2022-03-13,AST-5007,A2,0,0.0033236995813325,6.6557529943311886e-12,7.099890993693957e-15,MRO-90011;MRO-30011;MRO-30012,MRO-10045;MRO-10046;MRO-10047,EOT Crane,PUN-01,train,12,normal,normal,approved_on_validation,우선 점검 후보
2022-03-14,AST-1041,A2,4,6.13746208005284,0.107578970879013,0.0671672601033638,MRO-10046;MRO-30011;MRO-20033,MRO-10046;MRO-50009;MRO-10045,CNC Lathe,PUN-01,train,12,caution,risk,approved_on_validation,우선 점검 후보
2022-03-14,AST-1042,A2,2,5.891105460672165,0.0939787293902916,0.0593242280018957,MRO-60015;MRO-90012;MRO-10045,MRO-10045;MRO-80001;MRO-20031,CNC Lathe,PUN-01,train,12,caution,risk,approved_on_validation,우선 점검 후보
2022-03-14,AST-2017,A2,4,7.355084713677112,0.174930799181664,0.1195391835964285,MRO-50008;MRO-60015;MRO-60016,MRO-10046;MRO-10045;MRO-10047,Hydraulic Press,PUN-01,train,12,caution,risk,approved_on_validation,우선 점검 후보
2022-03-14,AST-2031,A2,8,7.428773092683616,0.1820253858166097,0.1248360302692097,MRO-60015;MRO-50009;MRO-10046,MRO-50009;MRO-10046;MRO-10047,Hydraulic Press,CHN-02,train,12,risk,risk,approved_on_validation,우선 점검 후보
2022-03-14,AST-3008,A2,9,6.691048066786489,0.1335503474773353,0.092066086420206,MRO-20032;MRO-20031;MRO-10045,MRO-20031;MRO-10045;MRO-50009,Belt Conveyor,CHN-02,train,12,risk,risk,approved_on_validation,우선 점검 후보
2022-03-14,AST-3019,A2,11,5.914004862639691,0.0945682943085733,0.0597533565516131,MRO-60016;MRO-60015;MRO-10046,MRO-10046;MRO-20031;MRO-50009,Belt Conveyor,CHN-02,train,12,risk,risk,approved_on_validation,우선 점검 후보
2022-03-14,AST-4055,A2,0,7.911917072055723,0.2182437945132562,0.1512002510348744,MRO-50009;MRO-10046;MRO-10045,MRO-50009;MRO-10046;MRO-10045,Screw Compressor,DHR-03,train,12,normal,risk,approved_on_validation,우선 점검 후보
2022-03-14,AST-4061,A2,7,7.088179254350332,0.1618318121827767,0.1096824190740836,MRO-10046;MRO-20031;MRO-80001,MRO-10046;MRO-20031;MRO-80001,Screw Compressor,DHR-03,train,12,risk,risk,approved_on_validation,우선 점검 후보
2022-03-14,AST-5003,A2,7,7.986471374099833,0.2177264287189916,0.1538286046147441,MRO-60016;MRO-80001;MRO-10046,MRO-80001;MRO-10046;MRO-10047,EOT Crane,DHR-03,train,12,risk,risk,approved_on_validation,우선 점검 후보
2022-03-14,AST-5007,A2,6,5.483876483753669,0.075305196036883,0.0461864115860805,MRO-30012;MRO-30011;MRO-10047,MRO-10047;MRO-10046;MRO-10045,EOT Crane,PUN-01,train,12,risk,caution,approved_on_validation,우선 점검 후보
2022-03-15,AST-1041,A2,13,6.591177903864696,0.1301197796686311,0.0866726157252044,MRO-70005;MRO-50009;MRO-10046,MRO-50009;MRO-10046;MRO-10045,CNC Lathe,PUN-01,train,12,high_risk,risk,approved_on_validation,우선 점검 후보
2022-03-15,AST-1042,A2,6,6.1271539899102825,0.1081524754622063,0.0680325263881927,MRO-10045;MRO-80001;MRO-20031,MRO-10045;MRO-80001;MRO-20031,CNC Lathe,PUN-01,train,12,risk,risk,approved_on_validation,우선 점검 후보
2022-03-15,AST-2017,A2,8,8.518190249101227,0.2557220382151612,0.1879048410326161,MRO-80001;MRO-10046;MRO-20031,MRO-80001;MRO-10046;MRO-20031,Hydraulic Press,PUN-01,train,12,risk,risk,approved_on_validation,우선 점검 후보
2022-03-15,AST-2031,A2,10,7.388302287645272,0.180013752225711,0.1241440544119318,MRO-40021;MRO-80001;MRO-10045,MRO-80001;MRO-10045;MRO-50009,Hydraulic Press,CHN-02,train,12,risk,risk,approved_on_validation,우선 점검 후보
2022-03-15,AST-3008,A2,5,5.853109982632541,0.0925504221552993,0.0580561971233239,MRO-80001;MRO-50009;MRO-10046,MRO-80001;MRO-50009;MRO-10046,Belt Conveyor,CHN-02,train,12,caution,caution,approved_on_validation,우선 점검 후보
2022-03-15,AST-3019,A2,4,5.269877390829872,0.0705300563960316,0.0413784318615941,MRO-50009;MRO-10045;MRO-10047,MRO-50009;MRO-10045;MRO-10047,Belt Conveyor,CHN-02,train,12,caution,caution,approved_on_validation,우선 점검 후보
2022-03-15,AST-4055,A2,8,8.592067387196076,0.2562667919435771,0.1930230635697941,MRO-70004;MRO-10046;MRO-10045,MRO-10046;MRO-10045;MRO-20031,Screw Compressor,DHR-03,train,12,risk,risk,approved_on_validation,우선 점검 후보
2022-03-15,AST-4061,A2,6,6.6924858534492815,0.1371035497407967,0.090487506536346,MRO-80001;MRO-10045;MRO-50009,MRO-80001;MRO-10045;MRO-50009,Screw Compressor,DHR-03,train,12,risk,risk,approved_on_validation,우선 점검 후보
2022-03-15,AST-5003,A2,6,7.199990172816458,0.1685080385774383,0.1133049385561601,MRO-50009;MRO-10046;MRO-10047,MRO-50009;MRO-10046;MRO-10047,EOT Crane,DHR-03,train,12,risk,risk,approved_on_validation,우선 점검 후보
2022-03-15,AST-5007,A2,10,5.338684913290739,0.0700894980587218,0.0421378234970233,MRO-30011;MRO-40022;MRO-10047,MRO-10047;MRO-10046;MRO-10045,EOT Crane,PUN-01,train,12,risk,caution,approved_on_validation,우선 점검 후보
2022-03-16,AST-1041,A2,8,6.8030686774401286,0.1431990890710394,0.0948622947319483,MRO-30011;MRO-10045;MRO-50009,MRO-10045;MRO-50009;MRO-20031,CNC Lathe,PUN-01,train,12,risk,risk,approved_on_validation,우선 점검 후보
2022-03-16,AST-1042,A2,8,6.434299488362221,0.1225685467810155,0.0783115013313517,MRO-40022;MRO-10047;MRO-60015,MRO-10047;MRO-50009;MRO-10046,CNC Lathe,PUN-01,train,12,risk,risk,approved_on_validation,우선 점검 후보
2022-03-16,AST-2017,A2,5,8.115735052885249,0.2255041288258265,0.1629695001406068,MRO-10046;MRO-60015;MRO-10045,MRO-10046;MRO-10045;MRO-10047,Hydraulic Press,PUN-01,train,12,caution,risk,approved_on_validation,우선 점검 후보
2022-03-16,AST-2031,A2,4,8.164133149176488,0.2333267374666698,0.1675316351417941,MRO-10047;MRO-50009;MRO-10045,MRO-10047;MRO-50009;MRO-10045,Hydraulic Press,CHN-02,train,12,caution,risk,approved_on_validation,우선 점검 후보
2022-03-16,AST-3008,A2,7,6.626429831897399,0.1333186168776318,0.0880498003822203,MRO-10045;MRO-30012;MRO-20031,MRO-10045;MRO-20031;MRO-50009,Belt Conveyor,CHN-02,train,12,risk,risk,approved_on_validation,우선 점검 후보
2022-03-16,AST-3019,A2,12,5.806182869770594,0.095465392001647,0.0576405548519209,MRO-50009;MRO-10047;MRO-10046,MRO-50009;MRO-10047;MRO-10046,Belt Conveyor,CHN-02,train,12,high_risk,risk,approved_on_validation,우선 점검 후보
2022-03-16,AST-4055,A2,8,8.38422338499191,0.2461086173050085,0.1800662877107227,MRO-20031;MRO-40021;MRO-10046,MRO-20031;MRO-10046;MRO-10045,Screw Compressor,DHR-03,train,12,risk,risk,approved_on_validation,우선 점검 후보
2022-03-16,AST-4061,A2,7,6.812477917722064,0.1454141389670437,0.0960794261957392,MRO-10045;MRO-80001;MRO-10047,MRO-10045;MRO-80001;MRO-10047,Screw Compressor,DHR-03,train,12,risk,risk,approved_on_validation,우선 점검 후보
2022-03-16,AST-5003,A2,4,7.20687704076838,0.16739437515671,0.1139186862548447,MRO-10046;MRO-10047;MRO-50009,MRO-10046;MRO-10047;MRO-50009,EOT Crane,DHR-03,train,12,caution,risk,approved_on_validation,우선 점검 후보
2022-03-16,AST-5007,A2,4,6.409548381064238,0.1190768484174266,0.0788478494158949,MRO-80001;MRO-10047;MRO-10045,MRO-80001;MRO-10047;MRO-10045,EOT Crane,PUN-01,train,12,caution,risk,approved_on_validation,우선 점검 후보
2022-03-17,AST-1041,A2,2,6.6990177980978665,0.1386664352054093,0.089700116275822,MRO-10045;MRO-40022;MRO-20031,MRO-10045;MRO-20031;MRO-10046,CNC Lathe,PUN-01,train,12,caution,risk,approved_on_validation,우선 점검 후보
2022-03-17,AST-1042,A2,5,5.946779975581779,0.0996155591056394,0.0616370582567082,MRO-20031;MRO-80001;MRO-10045,MRO-20031;MRO-80001;MRO-10045,CNC Lathe,PUN-01,train,12,caution,risk,approved_on_validation,우선 점검 후보
2022-03-17,AST-2017,A2,14,9.408814223590923,0.325014041899036,0.2478408911108184,MRO-10046;MRO-10045;MRO-10047,MRO-10046;MRO-10045;MRO-10047,Hydraulic Press,PUN-01,train,12,high_risk,risk,approved_on_validation,우선 점검 후보
2022-03-17,AST-2031,A2,2,7.679215444374609,0.1987806131133105,0.1384350362631141,MRO-10046;MRO-50009;MRO-20031,MRO-10046;MRO-50009;MRO-20031,Hydraulic Press,CHN-02,train,12,caution,risk,approved_on_validation,우선 점검 후보
2022-03-17,AST-3008,A2,6,5.890362809747676,0.0959688233963113,0.0598547208624508,MRO-10045;MRO-20031;MRO-10047,MRO-10045;MRO-20031;MRO-10047,Belt Conveyor,CHN-02,train,12,risk,risk,approved_on_validation,우선 점검 후보
2022-03-17,AST-3019,A2,4,5.765736698210885,0.092625244757827,0.0558998485882293,MRO-50009;MRO-80001;MRO-10047,MRO-50009;MRO-80001;MRO-10047,Belt Conveyor,CHN-02,train,12,caution,risk,approved_on_validation,우선 점검 후보
2022-03-17,AST-4055,A2,7,8.809908876897154,0.2734333249165988,0.2048808198022369,MRO-40021;MRO-60015;MRO-10046,MRO-10046;MRO-20031;MRO-80001,Screw Compressor,DHR-03,train,12,risk,risk,approved_on_validation,우선 점검 후보
2022-03-17,AST-4061,A2,1,6.456819572229776,0.1246373259991705,0.081132575710122,MRO-10046;MRO-80001;MRO-50009,MRO-10046;MRO-80001;MRO-50009,Screw Compressor,DHR-03,train,12,caution,risk,approved_on_validation,우선 점검 후보
2022-03-17,AST-5003,A2,6,7.159069137537631,0.1609181146925371,0.1119901811716845,MRO-10045;MRO-40021;MRO-80002,MRO-10045;MRO-20031;MRO-80001,EOT Crane,DHR-03,train,12,risk,risk,approved_on_validation,우선 점검 후보
2022-03-17,AST-5007,A2,7,6.22927471056965,0.1117751206496619,0.0711994992601846,MRO-40022;MRO-80001;MRO-50009,MRO-80001;MRO-50009;MRO-20031,EOT Crane,PUN-01,train,12,risk,risk,approved_on_validation,우선 점검 후보
2022-03-18,AST-1041,A2,9,6.882726048615917,0.1483958389983628,0.0988842101407925,MRO-30011;MRO-80001;MRO-10045,MRO-80001;MRO-10045;MRO-20031,CNC Lathe,PUN-01,train,12,risk,risk,approved_on_validation,우선 점검 후보
2022-03-18,AST-1042,A2,4,5.867316651250491,0.0953203348746342,0.0580578971598342,MRO-80001;MRO-60015;MRO-60016,MRO-80001;MRO-20031;MRO-10045,CNC Lathe,PUN-01,train,12,caution,risk,approved_on_validation,우선 점검 후보
2022-03-18,AST-2017,A2,6,8.072971848797419,0.2266918227101328,0.1616637817701301,MRO-20031;MRO-10045;MRO-10046,MRO-20031;MRO-10045;MRO-10046,Hydraulic Press,PUN-01,train,12,risk,risk,approved_on_validation,우선 점검 후보
2022-03-18,AST-2031,A2,10,7.625501714466473,0.1959041403580216,0.1362870411793051,MRO-80001;MRO-10046;MRO-10047,MRO-80001;MRO-10046;MRO-10047,Hydraulic Press,CHN-02,train,12,risk,risk,approved_on_validation,우선 점검 후보
2022-03-18,AST-3008,A2,2,6.351740282307157,0.1192545772914112,0.0764956710598829,MRO-10045;MRO-20031;MRO-80001,MRO-10045;MRO-20031;MRO-80001,Belt Conveyor,CHN-02,train,12,caution,risk,approved_on_validation,우선 점검 후보
2022-03-18,AST-3019,A2,4,6.120298261909175,0.1070133685173093,0.0672606608624857,MRO-20031;MRO-20033;MRO-40021,MRO-20031;MRO-10047;MRO-80001,Belt Conveyor,CHN-02,train,12,caution,risk,approved_on_validation,우선 점검 후보
2022-03-18,AST-4055,A2,8,8.03531093597845,0.2257739743743049,0.1587117496142897,MRO-10046;MRO-50009;MRO-20031,MRO-10046;MRO-50009;MRO-20031,Screw Compressor,DHR-03,train,12,risk,risk,approved_on_validation,우선 점검 후보
2022-03-18,AST-4061,A2,11,7.1612314637728565,0.1658116811513878,0.1123386880667453,MRO-10046;MRO-10045;MRO-50009,MRO-10046;MRO-10045;MRO-50009,Screw Compressor,DHR-03,train,12,risk,risk,approved_on_validation,우선 점검 후보
2022-03-18,AST-5003,A2,2,7.267571008757028,0.1758950821515035,0.1162396512487169,MRO-80002;MRO-80001;MRO-50009,MRO-80001;MRO-50009;MRO-10046,EOT Crane,DHR-03,train,12,caution,risk,approved_on_validation,우선 점검 후보
2022-03-18,AST-5007,A2,9,5.9222929897072545,0.0959485141374318,0.0604118388864165,MRO-10047;MRO-50009;MRO-10046,MRO-10047;MRO-50009;MRO-10046,EOT Crane,PUN-01,train,12,risk,risk,approved_on_validation,우선 점검 후보
2022-03-19,AST-1041,A2,0,0.0032511814882533,6.639335304152154e-12,6.774784380018908e-15,MRO-90012;MRO-10045;MRO-10047,MRO-10045;MRO-10047;MRO-20031,CNC Lathe,PUN-01,train,12,normal,normal,approved_on_validation,우선 점검 후보
2022-03-19,AST-1042,A2,0,0.0032933507877559,6.56088207884211e-12,6.955294720142077e-15,MRO-90012;MRO-80002;MRO-90011,MRO-10045;MRO-10046;MRO-20031,CNC Lathe,PUN-01,train,12,normal,normal,approved_on_validation,우선 점검 후보
2022-03-19,AST-2017,A2,0,0.0032693144600025,6.823440712922492e-12,6.9283130678860344e-15,MRO-20031;MRO-20033;MRO-30011,MRO-20031;MRO-10045;MRO-10046,Hydraulic Press,PUN-01,train,12,normal,normal,approved_on_validation,우선 점검 후보
2022-03-19,AST-2031,A2,0,0.0032145302010711,6.521533400138983e-12,6.5656224188060605e-15,MRO-70005;MRO-10045;MRO-10046,MRO-10045;MRO-10046;MRO-10047,Hydraulic Press,CHN-02,train,12,normal,normal,approved_on_validation,우선 점검 후보
2022-03-19,AST-3008,A2,0,0.0031498619668379,6.0812582541571505e-12,5.986501800034333e-15,MRO-10046;MRO-10047;MRO-50009,MRO-10046;MRO-10047;MRO-50009,Belt Conveyor,CHN-02,train,12,normal,normal,approved_on_validation,우선 점검 후보
2022-03-19,AST-3019,A2,0,0.003388537003605,7.710130369085323e-12,7.992880938617658e-15,MRO-50009;MRO-20033;MRO-30012,MRO-50009;MRO-10045;MRO-10046,Belt Conveyor,CHN-02,train,12,normal,normal,approved_on_validation,우선 점검 후보
2022-03-19,AST-4055,A2,0,0.0032527170937205,6.619184394586857e-12,6.769037426678273e-15,MRO-70004;MRO-10045;MRO-20031,MRO-10045;MRO-20031;MRO-50009,Screw Compressor,DHR-03,train,12,normal,normal,approved_on_validation,우선 점검 후보
2022-03-19,AST-4061,A2,0,0.0032835739363228,6.722119160217153e-12,7.003928197159232e-15,MRO-20032;MRO-10046;MRO-10045,MRO-10046;MRO-10045;MRO-10047,Screw Compressor,DHR-03,train,12,normal,normal,approved_on_validation,우선 점검 후보
2022-03-19,AST-5003,A2,0,0.0032171619272509,6.555883434859569e-12,6.625201200100277e-15,MRO-20032;MRO-90012;MRO-10045,MRO-10045;MRO-10046;MRO-10047,EOT Crane,DHR-03,train,12,normal,normal,approved_on_validation,우선 점검 후보
2022-03-19,AST-5007,A2,0,0.0032622558482871,6.8405818263095616e-12,6.935286855708546e-15,MRO-10046;MRO-10047;MRO-90011,MRO-10046;MRO-10047;MRO-20031,EOT Crane,PUN-01,train,12,normal,normal,approved_on_validation,우선 점검 후보
2022-03-20,AST-1041,A2,0,0.0032595683283366,6.544500004762254e-12,6.811600433582924e-15,MRO-20032;MRO-90011;MRO-70004,MRO-10045;MRO-10047;MRO-20031,CNC Lathe,PUN-01,train,12,normal,normal,approved_on_validation,우선 점검 후보
2022-03-20,AST-1042,A2,0,0.0032453407681842,6.567461529777796e-12,6.7079628459916665e-15,MRO-90011;MRO-90012;MRO-10045,MRO-10045;MRO-10046;MRO-20031,CNC Lathe,PUN-01,train,12,normal,normal,approved_on_validation,우선 점검 후보
2022-03-20,AST-2017,A2,0,0.0032375175407114,6.5479564416125266e-12,6.644028264022466e-15,MRO-70004;MRO-20031;MRO-10045,MRO-20031;MRO-10045;MRO-10046,Hydraulic Press,PUN-01,train,12,normal,normal,approved_on_validation,우선 점검 후보
2022-03-20,AST-2031,A2,0,0.0032286614817735,6.329226131101655e-12,6.4295363143456855e-15,MRO-40021;MRO-10045;MRO-10046,MRO-10045;MRO-10046;MRO-10047,Hydraulic Press,CHN-02,train,12,normal,normal,approved_on_validation,우선 점검 후보
2022-03-20,AST-3008,A2,0,0.0031784913827768,6.094895822907765e-12,6.091084065414926e-15,MRO-10046;MRO-10047;MRO-20031,MRO-10046;MRO-10047;MRO-20031,Belt Conveyor,CHN-02,train,12,normal,normal,approved_on_validation,우선 점검 후보
2022-03-20,AST-3019,A2,0,0.003396397321338,8.626238402036587e-12,8.695489587424034e-15,MRO-50009;MRO-10045;MRO-10046,MRO-50009;MRO-10045;MRO-10046,Belt Conveyor,CHN-02,train,12,normal,normal,approved_on_validation,우선 점검 후보
2022-03-20,AST-4055,A2,0,0.0032566167355755,6.6407345294156055e-12,6.7995198552808255e-15,MRO-70004;MRO-10045;MRO-20031,MRO-10045;MRO-20031;MRO-50009,Screw Compressor,DHR-03,train,12,normal,normal,approved_on_validation,우선 점검 후보
2022-03-20,AST-4061,A2,0,0.0032650375551865,6.616373120465437e-12,6.845922766944614e-15,MRO-20032;MRO-10045;MRO-10047,MRO-10045;MRO-10047;MRO-20031,Screw Compressor,DHR-03,train,12,normal,normal,approved_on_validation,우선 점검 후보
2022-03-20,AST-5003,A2,0,0.0032655432930415,6.556514597084229e-12,6.836720145770995e-15,MRO-70004;MRO-20032;MRO-90012,MRO-10045;MRO-10046;MRO-10047,EOT Crane,DHR-03,train,12,normal,normal,approved_on_validation,우선 점검 후보
2022-03-20,AST-5007,A2,0,0.0029468698114643,4.810345868955603e-12,4.512910446779525e-15,MRO-70004;MRO-20031;MRO-50009,MRO-20031;MRO-50009;MRO-80001,EOT Crane,PUN-01,train,12,normal,normal,approved_on_validation,우선 점검 후보
2022-03-21,AST-1041,A2,10,6.910412506462706,0.1520824968578375,0.1005393481072579,MRO-30011;MRO-80001;MRO-10046,MRO-80001;MRO-10046;MRO-10045,CNC Lathe,PUN-01,train,12,risk,risk,approved_on_validation,우선 점검 후보
2022-03-21,AST-1042,A2,7,6.062497991033414,0.1035126723144063,0.0659456291718139,MRO-10046;MRO-50009;MRO-10045,MRO-10046;MRO-50009;MRO-10045,CNC Lathe,PUN-01,train,12,risk,risk,approved_on_validation,우선 점검 후보
2022-03-21,AST-2017,A2,2,8.26720758695881,0.2397365329791091,0.1723867871208109,MRO-10045;MRO-10046;MRO-10047,MRO-10045;MRO-10046;MRO-10047,Hydraulic Press,PUN-01,train,12,caution,risk,approved_on_validation,우선 점검 후보
2022-03-21,AST-2031,A2,2,7.163718033801326,0.1660902944438024,0.1116115638993474,MRO-60015;MRO-80001;MRO-10047,MRO-80001;MRO-10047;MRO-50009,Hydraulic Press,CHN-02,train,12,caution,risk,approved_on_validation,우선 점검 후보
2022-03-21,AST-3008,A2,3,6.968426519915496,0.1477192346934721,0.1022712858082501,MRO-70004;MRO-40022;MRO-60015,MRO-10046;MRO-10045;MRO-20031,Belt Conveyor,CHN-02,train,12,caution,risk,approved_on_validation,우선 점검 후보
2022-03-21,AST-3019,A2,10,5.602143357865717,0.0841125209448659,0.0510949596603638,MRO-10045;MRO-50009;MRO-10047,MRO-10045;MRO-50009;MRO-10047,Belt Conveyor,CHN-02,train,12,risk,caution,approved_on_validation,우선 점검 후보
2022-03-21,AST-4055,A2,7,8.225551432974182,0.233630312816749,0.1703161380268141,MRO-50009;MRO-10047;MRO-80001,MRO-50009;MRO-10047;MRO-80001,Screw Compressor,DHR-03,train,12,risk,risk,approved_on_validation,우선 점검 후보
2022-03-21,AST-4061,A2,7,6.304269902211174,0.115460097221059,0.0747850495098648,MRO-50009;MRO-10045;MRO-10047,MRO-50009;MRO-10045;MRO-10047,Screw Compressor,DHR-03,train,12,risk,risk,approved_on_validation,우선 점검 후보
2022-03-21,AST-5003,A2,1,7.237034247375809,0.1699580936684066,0.1158561710008171,MRO-60016;MRO-80001;MRO-10047,MRO-80001;MRO-10047;MRO-50009,EOT Crane,DHR-03,train,12,caution,risk,approved_on_validation,우선 점검 후보
2022-03-21,AST-5007,A2,7,5.514124513461448,0.078976549561586,0.0475007769828715,MRO-10047;MRO-10046;MRO-50009,MRO-10047;MRO-10046;MRO-50009,EOT Crane,PUN-01,train,12,risk,caution,approved_on_validation,우선 점검 후보
2022-03-22,AST-1041,A2,0,6.341304578954195,0.1192780501762639,0.0762451412736099,MRO-10045;MRO-20031;MRO-10046,MRO-10045;MRO-20031;MRO-10046,CNC Lathe,PUN-01,train,12,normal,risk,approved_on_validation,우선 점검 후보
2022-03-22,AST-1042,A2,4,6.044586646045771,0.1025072148762342,0.0642367914978093,MRO-40022;MRO-20031;MRO-80002,MRO-20031;MRO-50009;MRO-10046,CNC Lathe,PUN-01,train,12,caution,risk,approved_on_validation,우선 점검 후보
2022-03-22,AST-2017,A2,18,9.318034801610432,0.3169119550090783,0.2377142830372378,MRO-20031;MRO-60016;MRO-50009,MRO-20031;MRO-50009;MRO-10046,Hydraulic Press,PUN-01,train,12,high_risk,risk,approved_on_validation,우선 점검 후보
2022-03-22,AST-2031,A2,7,7.369266255243752,0.1783522067454181,0.1232848960316155,MRO-80001;MRO-20031;MRO-10047,MRO-80001;MRO-20031;MRO-10047,Hydraulic Press,CHN-02,train,12,risk,risk,approved_on_validation,우선 점검 후보
2022-03-22,AST-3008,A2,4,5.713420057008403,0.0859752022414763,0.0532830916605919,MRO-10045;MRO-50008;MRO-40022,MRO-10045;MRO-80001;MRO-50009,Belt Conveyor,CHN-02,train,12,caution,caution,approved_on_validation,우선 점검 후보
2022-03-22,AST-3019,A2,4,5.598112725969539,0.0825279483834233,0.050310341731312,MRO-10045;MRO-10047;MRO-10046,MRO-10045;MRO-10047;MRO-10046,Belt Conveyor,CHN-02,train,12,caution,caution,approved_on_validation,우선 점검 후보
2022-03-22,AST-4055,A2,4,8.286233201632111,0.2411734596574721,0.1729166809796095,MRO-20031;MRO-50009;MRO-10047,MRO-20031;MRO-50009;MRO-10047,Screw Compressor,DHR-03,train,12,caution,risk,approved_on_validation,우선 점검 후보
2022-03-22,AST-4061,A2,4,6.894817078286132,0.148287908759431,0.0998034399898594,MRO-10046;MRO-40022;MRO-10045,MRO-10046;MRO-10045;MRO-20031,Screw Compressor,DHR-03,train,12,caution,risk,approved_on_validation,우선 점검 후보
2022-03-22,AST-5003,A2,19,11.456615231573307,0.4810518670520086,0.3998304810711603,MRO-20031;MRO-10047;MRO-50009,MRO-20031;MRO-10047;MRO-50009,EOT Crane,DHR-03,train,12,high_risk,high_risk,approved_on_validation,우선 점검 후보
2022-03-22,AST-5007,A2,2,6.303156158615696,0.1177363031994605,0.0745340177326453,MRO-80001;MRO-10047;MRO-60016,MRO-80001;MRO-10047;MRO-20031,EOT Crane,PUN-01,train,12,caution,risk,approved_on_validation,우선 점검 후보
2022-03-23,AST-1041,A2,0,6.512719931228974,0.1281620710418078,0.0825270445559123,MRO-10045;MRO-20031;MRO-30011,MRO-10045;MRO-20031;MRO-10046,CNC Lathe,PUN-01,train,12,normal,risk,approved_on_validation,우선 점검 후보
2022-03-23,AST-1042,A2,4,5.8065695138656634,0.0920525906462196,0.0571071423691012,MRO-10046;MRO-80001;MRO-10045,MRO-10046;MRO-80001;MRO-10045,CNC Lathe,PUN-01,train,12,caution,caution,approved_on_validation,우선 점검 후보
2022-03-23,AST-2017,A2,6,8.979648458083481,0.291719442170914,0.216280940160523,MRO-80001;MRO-10046;MRO-50009,MRO-80001;MRO-10046;MRO-50009,Hydraulic Press,PUN-01,train,12,risk,risk,approved_on_validation,우선 점검 후보
2022-03-23,AST-2031,A2,9,7.081377242466134,0.1618548262281761,0.1097938065297108,MRO-80001;MRO-20031;MRO-10047,MRO-80001;MRO-20031;MRO-10047,Hydraulic Press,CHN-02,train,12,risk,risk,approved_on_validation,우선 점검 후보
2022-03-23,AST-3008,A2,0,5.997129274922162,0.0998235684975958,0.0629052677148914,MRO-50008;MRO-50009;MRO-80001,MRO-50009;MRO-80001;MRO-10045,Belt Conveyor,CHN-02,train,12,normal,risk,approved_on_validation,우선 점검 후보
2022-03-23,AST-3019,A2,3,5.517836118894427,0.080061098685059,0.0482501140661482,MRO-80001;MRO-10045;MRO-10047,MRO-80001;MRO-10045;MRO-10047,Belt Conveyor,CHN-02,train,12,caution,caution,approved_on_validation,우선 점검 후보
2022-03-23,AST-4055,A2,15,8.791565816103176,0.2783429686791944,0.2041104407142059,MRO-20031;MRO-10047;MRO-10045,MRO-20031;MRO-10047;MRO-10045,Screw Compressor,DHR-03,train,12,high_risk,risk,approved_on_validation,우선 점검 후보
2022-03-23,AST-4061,A2,7,6.972999119769239,0.1525947497939865,0.1033778196975394,MRO-10046;MRO-10047;MRO-80001,MRO-10046;MRO-10047;MRO-80001,Screw Compressor,DHR-03,train,12,risk,risk,approved_on_validation,우선 점검 후보
2022-03-23,AST-5003,A2,5,7.151391293153885,0.168972850626213,0.1120838904696652,MRO-50009;MRO-80001;MRO-20031,MRO-50009;MRO-80001;MRO-20031,EOT Crane,DHR-03,train,12,caution,risk,approved_on_validation,우선 점검 후보
2022-03-23,AST-5007,A2,4,5.625817332278491,0.0825821947666096,0.0504885574285319,MRO-40022;MRO-10046;MRO-50009,MRO-10046;MRO-50009;MRO-10047,EOT Crane,PUN-01,train,12,caution,caution,approved_on_validation,우선 점검 후보
2022-03-24,AST-1041,A2,0,5.841976962576716,0.0939240674542868,0.0582052515012441,MRO-10045;MRO-20031;MRO-50009,MRO-10045;MRO-20031;MRO-50009,CNC Lathe,PUN-01,train,12,normal,risk,approved_on_validation,우선 점검 후보
2022-03-24,AST-1042,A2,4,5.6375169054542615,0.0842223011601384,0.0509731527333524,MRO-50009;MRO-80001;MRO-20031,MRO-50009;MRO-80001;MRO-20031,CNC Lathe,PUN-01,train,12,caution,caution,approved_on_validation,우선 점검 후보
2022-03-24,AST-2017,A2,2,8.623776061970236,0.2654215996505932,0.1938607873475269,MRO-80001;MRO-10046;MRO-10045,MRO-80001;MRO-10046;MRO-10045,Hydraulic Press,PUN-01,train,12,caution,risk,approved_on_validation,우선 점검 후보
2022-03-24,AST-2031,A2,11,7.775989278273435,0.2076696401910752,0.1450894595257824,MRO-50009;MRO-10046;MRO-10047,MRO-50009;MRO-10046;MRO-10047,Hydraulic Press,CHN-02,train,12,risk,risk,approved_on_validation,우선 점검 후보
2022-03-24,AST-3008,A2,7,5.944833891604589,0.0967234115733674,0.0605785857417721,MRO-10045;MRO-40022;MRO-50008,MRO-10045;MRO-50009;MRO-80001,Belt Conveyor,CHN-02,train,12,risk,risk,approved_on_validation,우선 점검 후보
2022-03-24,AST-3019,A2,8,5.330397726145912,0.0718565097558994,0.0418741568942164,MRO-40021;MRO-20033;MRO-10046,MRO-10046;MRO-20031;MRO-50009,Belt Conveyor,CHN-02,train,12,risk,caution,approved_on_validation,우선 점검 후보
2022-03-24,AST-4055,A2,9,8.316405877680552,0.244295873143316,0.1743923355225718,MRO-10045;MRO-50009;MRO-20031,MRO-10045;MRO-50009;MRO-20031,Screw Compressor,DHR-03,train,12,risk,risk,approved_on_validation,우선 점검 후보
2022-03-24,AST-4061,A2,7,7.323559521783736,0.1761878434196182,0.1201189097692261,MRO-10046;MRO-80001;MRO-50009,MRO-10046;MRO-80001;MRO-50009,Screw Compressor,DHR-03,train,12,risk,risk,approved_on_validation,우선 점검 후보
2022-03-24,AST-5003,A2,11,8.500546192072965,0.2538736303660208,0.1862505338063623,MRO-20031;MRO-10047;MRO-50009,MRO-20031;MRO-10047;MRO-50009,EOT Crane,DHR-03,train,12,risk,risk,approved_on_validation,우선 점검 후보
2022-03-24,AST-5007,A2,0,4.8795902915432965,0.0542034219669151,0.0307282973143728,MRO-10047;MRO-10046;MRO-50009,MRO-10047;MRO-10046;MRO-50009,EOT Crane,PUN-01,train,12,normal,caution,approved_on_validation,우선 점검 후보
2022-03-25,AST-1041,A2,0,6.450082556653455,0.125804323205122,0.0807949878687024,MRO-10047;MRO-10045;MRO-20031,MRO-10047;MRO-10045;MRO-20031,CNC Lathe,PUN-01,train,12,normal,risk,approved_on_validation,우선 점검 후보
2022-03-25,AST-1042,A2,4,5.828761437387721,0.0954810653901374,0.0581943595402409,MRO-20031;MRO-10046;MRO-10045,MRO-20031;MRO-10046;MRO-10045,CNC Lathe,PUN-01,train,12,caution,risk,approved_on_validation,우선 점검 후보
2022-03-25,AST-2017,A2,14,8.637793421853916,0.2673216902043084,0.1949856295961931,MRO-80001;MRO-10046;MRO-50009,MRO-80001;MRO-10046;MRO-50009,Hydraulic Press,PUN-01,train,12,high_risk,risk,approved_on_validation,우선 점검 후보
2022-03-25,AST-2031,A2,7,7.507581316518499,0.1883725292425088,0.1300744648790638,MRO-80001;MRO-10047;MRO-50009,MRO-80001;MRO-10047;MRO-50009,Hydraulic Press,CHN-02,train,12,risk,risk,approved_on_validation,우선 점검 후보
2022-03-25,AST-3008,A2,17,6.7202949256323254,0.138695620575327,0.0908748330203387,MRO-10046;MRO-10045;MRO-40022,MRO-10046;MRO-10045;MRO-10047,Belt Conveyor,CHN-02,train,12,high_risk,risk,approved_on_validation,우선 점검 후보
2022-03-25,AST-3019,A2,2,5.635821870243369,0.0855834763039566,0.0520162901743116,MRO-10046;MRO-80001;MRO-10045,MRO-10046;MRO-80001;MRO-10045,Belt Conveyor,CHN-02,train,12,caution,caution,approved_on_validation,우선 점검 후보
2022-03-25,AST-4055,A2,6,8.279684813647634,0.2392614557165491,0.1731110635229463,MRO-20031;MRO-10045;MRO-80001,MRO-20031;MRO-10045;MRO-80001,Screw Compressor,DHR-03,train,12,risk,risk,approved_on_validation,우선 점검 후보
2022-03-25,AST-4061,A2,12,6.779930676545704,0.1426838796686666,0.0943265738251465,MRO-10046;MRO-20031;MRO-80001,MRO-10046;MRO-20031;MRO-80001,Screw Compressor,DHR-03,train,12,high_risk,risk,approved_on_validation,우선 점검 후보
2022-03-25,AST-5003,A2,12,7.612385361499176,0.1990890058576284,0.1346274946050434,MRO-50009;MRO-20031;MRO-10047,MRO-50009;MRO-20031;MRO-10047,EOT Crane,DHR-03,train,12,high_risk,risk,approved_on_validation,우선 점검 후보
2022-03-25,AST-5007,A2,8,5.660143113271967,0.0840179060880886,0.0520905875634967,MRO-10047;MRO-10046;MRO-50009,MRO-10047;MRO-10046;MRO-50009,EOT Crane,PUN-01,train,12,risk,caution,approved_on_validation,우선 점검 후보
2022-03-26,AST-1041,A2,0,0.0032229586375849,6.5742657801086166e-12,6.561414348778515e-15,MRO-10045;MRO-10046;MRO-10047,MRO-10045;MRO-10046;MRO-10047,CNC Lathe,PUN-01,train,12,normal,normal,approved_on_validation,우선 점검 후보
2022-03-26,AST-1042,A2,0,0.0032154508101625,6.349786950580856e-12,6.4060951886157706e-15,MRO-10046;MRO-20031;MRO-50009,MRO-10046;MRO-20031;MRO-50009,CNC Lathe,PUN-01,train,12,normal,normal,approved_on_validation,우선 점검 후보
2022-03-26,AST-2017,A2,0,0.003372022119284,7.090013956946451e-12,7.48338319328528e-15,MRO-60015;MRO-60016;MRO-30011,MRO-80001;MRO-10045;MRO-10047,Hydraulic Press,PUN-01,train,12,normal,normal,approved_on_validation,우선 점검 후보
2022-03-26,AST-2031,A2,0,0.00317339087983,6.106833413025289e-12,6.0824623640533466e-15,MRO-10046;MRO-10047;MRO-20031,MRO-10046;MRO-10047;MRO-20031,Hydraulic Press,CHN-02,train,12,normal,normal,approved_on_validation,우선 점검 후보
2022-03-26,AST-3008,A2,0,0.0032547706681511,6.47344736873043e-12,6.5960138056616506e-15,MRO-50008;MRO-60015;MRO-50009,MRO-50009;MRO-10045;MRO-10046,Belt Conveyor,CHN-02,train,12,normal,normal,approved_on_validation,우선 점검 후보
2022-03-26,AST-3019,A2,0,0.0032260663872215,6.526402140492532e-12,6.573011391661647e-15,MRO-40021;MRO-10045;MRO-10047,MRO-10045;MRO-10047;MRO-20031,Belt Conveyor,CHN-02,train,12,normal,normal,approved_on_validation,우선 점검 후보
2022-03-26,AST-4055,A2,0,0.0032332693593246,6.536059955474534e-12,6.651884356268763e-15,MRO-70005;MRO-10045;MRO-10046,MRO-10045;MRO-10046;MRO-10047,Screw Compressor,DHR-03,train,12,normal,normal,approved_on_validation,우선 점검 후보
2022-03-26,AST-4061,A2,0,0.0033335573962217,6.801460356784233e-12,7.156446769436618e-15,MRO-60015;MRO-10045;MRO-30011,MRO-10045;MRO-10047;MRO-20031,Screw Compressor,DHR-03,train,12,normal,normal,approved_on_validation,우선 점검 후보
2022-03-26,AST-5003,A2,0,0.0031834358524947,6.004650400635571e-12,6.047618716219662e-15,MRO-40022;MRO-20032;MRO-10045,MRO-10045;MRO-10046;MRO-10047,EOT Crane,DHR-03,train,12,normal,normal,approved_on_validation,우선 점검 후보
2022-03-26,AST-5007,A2,0,0.0033254973250623,6.568881904553938e-12,7.000281107036619e-15,MRO-60015;MRO-70004;MRO-40021,MRO-10046;MRO-10047;MRO-20031,EOT Crane,PUN-01,train,12,normal,normal,approved_on_validation,우선 점검 후보
2022-03-27,AST-1041,A2,0,0.0030921107332146,4.856249821102025e-12,4.9894231629233e-15,MRO-30011;MRO-20032;MRO-90011,MRO-10045;MRO-10046;MRO-10047,CNC Lathe,PUN-01,train,12,normal,normal,approved_on_validation,우선 점검 후보
2022-03-27,AST-1042,A2,0,0.0032484036322697,6.73697246856897e-12,6.8057623703575275e-15,MRO-10046;MRO-20031;MRO-50009,MRO-10046;MRO-20031;MRO-50009,CNC Lathe,PUN-01,train,12,normal,normal,approved_on_validation,우선 점검 후보
2022-03-27,AST-2017,A2,0,0.0031792805791103,6.061242937656498e-12,6.0571086832947365e-15,MRO-10046;MRO-10047;MRO-20031,MRO-10046;MRO-10047;MRO-20031,Hydraulic Press,PUN-01,train,12,normal,normal,approved_on_validation,우선 점검 후보
2022-03-27,AST-2031,A2,0,0.0032150777577261,6.6203689813853596e-12,6.594171063708283e-15,MRO-80001;MRO-10045;MRO-10046,MRO-80001;MRO-10045;MRO-10046,Hydraulic Press,CHN-02,train,12,normal,normal,approved_on_validation,우선 점검 후보
2022-03-27,AST-3008,A2,0,0.003210531534487,6.467898399597273e-12,6.463363455408371e-15,MRO-10045;MRO-10047;MRO-50009,MRO-10045;MRO-10047;MRO-50009,Belt Conveyor,CHN-02,train,12,normal,normal,approved_on_validation,우선 점검 후보
2022-03-27,AST-3019,A2,0,0.0031175951082986,5.9499994107779145e-12,5.7542759256203216e-15,MRO-10045;MRO-10046;MRO-10047,MRO-10045;MRO-10046;MRO-10047,Belt Conveyor,CHN-02,train,12,normal,normal,approved_on_validation,우선 점검 후보
2022-03-27,AST-4055,A2,0,0.003346384881203,5.87105310807521e-12,6.461795368959885e-15,MRO-60016;MRO-90011;MRO-70005,MRO-60016;MRO-20031;MRO-50009,Screw Compressor,DHR-03,train,12,normal,normal,approved_on_validation,우선 점검 후보
2022-03-27,AST-4061,A2,0,0.0032476498293271,6.643000768157316e-12,6.747509888783334e-15,MRO-10046;MRO-10047;MRO-20031,MRO-10046;MRO-10047;MRO-20031,Screw Compressor,DHR-03,train,12,normal,normal,approved_on_validation,우선 점검 후보
2022-03-27,AST-5003,A2,0,0.0032988414292225,7.000198298306782e-12,7.323704033876705e-15,MRO-70004;MRO-20031;MRO-20032,MRO-20031;MRO-10045;MRO-10046,EOT Crane,DHR-03,train,12,normal,normal,approved_on_validation,우선 점검 후보
2022-03-27,AST-5007,A2,0,0.0032462767520354,6.567444508215122e-12,6.7169496667834036e-15,MRO-70004;MRO-10046;MRO-10047,MRO-10046;MRO-10047;MRO-20031,EOT Crane,PUN-01,train,12,normal,normal,approved_on_validation,우선 점검 후보
2022-03-28,AST-1041,A2,11,6.615959280071054,0.1332061365906563,0.0875788220745514,MRO-20031;MRO-30011;MRO-10045,MRO-20031;MRO-10045;MRO-10046,CNC Lathe,PUN-01,train,12,risk,risk,approved_on_validation,우선 점검 후보
2022-03-28,AST-1042,A2,15,6.3429032380889145,0.118658005507245,0.075084425157167,MRO-30011;MRO-10046;MRO-10045,MRO-10046;MRO-10045;MRO-20031,CNC Lathe,PUN-01,train,12,high_risk,risk,approved_on_validation,우선 점검 후보
2022-03-28,AST-2017,A2,14,8.603510703951619,0.2633716415263343,0.1946791530161546,MRO-10045;MRO-10046;MRO-10047,MRO-10045;MRO-10046;MRO-10047,Hydraulic Press,PUN-01,train,12,high_risk,risk,approved_on_validation,우선 점검 후보
2022-03-28,AST-2031,A2,12,8.122609759776141,0.2292496089798466,0.1626329272392155,MRO-10045;MRO-50009;MRO-80001,MRO-10045;MRO-50009;MRO-80001,Hydraulic Press,CHN-02,train,12,high_risk,risk,approved_on_validation,우선 점검 후보
2022-03-28,AST-3008,A2,5,6.719626416503196,0.1384500387190637,0.0923503087376015,MRO-80001;MRO-10046;MRO-50009,MRO-80001;MRO-10046;MRO-50009,Belt Conveyor,CHN-02,train,12,caution,risk,approved_on_validation,우선 점검 후보
2022-03-28,AST-3019,A2,7,5.583700116140041,0.0831948934990273,0.0503150067054784,MRO-10046;MRO-10045;MRO-80001,MRO-10046;MRO-10045;MRO-80001,Belt Conveyor,CHN-02,train,12,risk,caution,approved_on_validation,우선 점검 후보
2022-03-28,AST-4055,A2,5,8.071707278025803,0.2247370574229724,0.1609520332221158,MRO-10046;MRO-80001;MRO-10047,MRO-10046;MRO-80001;MRO-10047,Screw Compressor,DHR-03,train,12,caution,risk,approved_on_validation,우선 점검 후보
2022-03-28,AST-4061,A2,8,6.684545250972216,0.1371745974253509,0.0903066571202493,MRO-80001;MRO-10047;MRO-50009,MRO-80001;MRO-10047;MRO-50009,Screw Compressor,DHR-03,train,12,risk,risk,approved_on_validation,우선 점검 후보
2022-03-28,AST-5003,A2,6,7.3666365235350275,0.1767753481398245,0.1224045776731959,MRO-20031;MRO-50009;MRO-80001,MRO-20031;MRO-50009;MRO-80001,EOT Crane,DHR-03,train,12,risk,risk,approved_on_validation,우선 점검 후보
2022-03-28,AST-5007,A2,10,5.672971886728463,0.0851635724258879,0.0524955274584645,MRO-10047;MRO-10046;MRO-50009,MRO-10047;MRO-10046;MRO-50009,EOT Crane,PUN-01,train,12,risk,caution,approved_on_validation,우선 점검 후보
2022-03-29,AST-1041,A2,4,6.631484120412389,0.1354657140302385,0.0884317876691955,MRO-10046;MRO-20031;MRO-10045,MRO-10046;MRO-20031;MRO-10045,CNC Lathe,PUN-01,train,12,caution,risk,approved_on_validation,우선 점검 후보
2022-03-29,AST-1042,A2,4,6.887191784464122,0.1444461310788008,0.0980685688987329,MRO-50008;MRO-20031;MRO-80001,MRO-20031;MRO-80001;MRO-50009,CNC Lathe,PUN-01,train,12,caution,risk,approved_on_validation,우선 점검 후보
2022-03-29,AST-2017,A2,12,7.944298085505893,0.2214035732412895,0.1528845720573313,MRO-80001;MRO-20031;MRO-10047,MRO-80001;MRO-20031;MRO-10047,Hydraulic Press,PUN-01,train,12,high_risk,risk,approved_on_validation,우선 점검 후보
2022-03-29,AST-2031,A2,6,6.929876066591773,0.1512419829152207,0.1017903385656638,MRO-10047;MRO-50009;MRO-20031,MRO-10047;MRO-50009;MRO-20031,Hydraulic Press,CHN-02,train,12,risk,risk,approved_on_validation,우선 점검 후보
2022-03-29,AST-3008,A2,6,6.502928553435938,0.1287528122408417,0.0810732696684062,MRO-10045;MRO-80001;MRO-10046,MRO-10045;MRO-80001;MRO-10046,Belt Conveyor,CHN-02,train,12,risk,risk,approved_on_validation,우선 점검 후보
2022-03-29,AST-3019,A2,5,5.914317608224305,0.097731186724461,0.0611034798651132,MRO-20031;MRO-80001;MRO-10045,MRO-20031;MRO-80001;MRO-10045,Belt Conveyor,CHN-02,train,12,caution,risk,approved_on_validation,우선 점검 후보
2022-03-29,AST-4055,A2,8,8.052550311859077,0.2196083286665162,0.1531139828603208,MRO-60016;MRO-30011;MRO-40022,MRO-10046;MRO-20031;MRO-10047,Screw Compressor,DHR-03,train,12,risk,risk,approved_on_validation,우선 점검 후보
2022-03-29,AST-4061,A2,2,6.824373901008203,0.1453654462264679,0.0964587316871057,MRO-10045;MRO-80001;MRO-10047,MRO-10045;MRO-80001;MRO-10047,Screw Compressor,DHR-03,train,12,caution,risk,approved_on_validation,우선 점검 후보
2022-03-29,AST-5003,A2,21,13.564483186096652,0.6362750243398816,0.5605832346612031,MRO-10045;MRO-10047;MRO-40021,MRO-10045;MRO-10047;MRO-80001,EOT Crane,DHR-03,train,12,high_risk,high_risk,approved_on_validation,우선 점검 후보
2022-03-29,AST-5007,A2,4,6.386904154822925,0.1223667551708309,0.0786830367951684,MRO-10047;MRO-10045;MRO-10046,MRO-10047;MRO-10045;MRO-10046,EOT Crane,PUN-01,train,12,caution,risk,approved_on_validation,우선 점검 후보
2022-03-30,AST-1041,A2,7,6.894609638314987,0.1466293990670049,0.1008474486930953,MRO-20032;MRO-20031;MRO-10045,MRO-20031;MRO-10045;MRO-80001,CNC Lathe,PUN-01,train,12,risk,risk,approved_on_validation,우선 점검 후보
2022-03-30,AST-1042,A2,12,6.738921612925319,0.1375792707109554,0.0921339527224488,MRO-80001;MRO-20031;MRO-50009,MRO-80001;MRO-20031;MRO-50009,CNC Lathe,PUN-01,train,12,high_risk,risk,approved_on_validation,우선 점검 후보
2022-03-30,AST-2017,A2,6,7.0209830241060205,0.1575598676288729,0.1022232782481428,MRO-80001;MRO-60016;MRO-50008,MRO-80001;MRO-20031;MRO-50009,Hydraulic Press,PUN-01,train,12,risk,risk,approved_on_validation,우선 점검 후보
2022-03-30,AST-2031,A2,5,7.558543729902963,0.192116163245497,0.1318825204820476,MRO-50009;MRO-80001;MRO-10047,MRO-50009;MRO-80001;MRO-10047,Hydraulic Press,CHN-02,train,12,caution,risk,approved_on_validation,우선 점검 후보
2022-03-30,AST-3008,A2,6,7.522213027839619,0.1904080392064007,0.1265903521507146,MRO-80001;MRO-10045;MRO-40022,MRO-80001;MRO-10045;MRO-20031,Belt Conveyor,CHN-02,train,12,risk,risk,approved_on_validation,우선 점검 후보
2022-03-30,AST-3019,A2,0,4.351811986063248,0.0406633267066516,0.0210990475376576,MRO-20031;MRO-10046;MRO-10045,MRO-20031;MRO-10046;MRO-10045,Belt Conveyor,CHN-02,train,12,normal,caution,approved_on_validation,우선 점검 후보
2022-03-30,AST-4055,A2,15,8.23461152861491,0.2335625954475597,0.1654198278203699,MRO-40022;MRO-40021;MRO-60015,MRO-10046;MRO-20031;MRO-80001,Screw Compressor,DHR-03,train,12,high_risk,risk,approved_on_validation,우선 점검 후보
2022-03-30,AST-4061,A2,6,8.20972822647844,0.2301749879988005,0.1673785373571184,MRO-50009;MRO-60015;MRO-10045,MRO-50009;MRO-10045;MRO-20031,Screw Compressor,DHR-03,train,12,risk,risk,approved_on_validation,우선 점검 후보
2022-03-30,AST-5003,A2,0,5.5600300890775065,0.0849439226135555,0.0494360410210808,MRO-20031;MRO-50009;MRO-80001,MRO-20031;MRO-50009;MRO-80001,EOT Crane,DHR-03,train,12,normal,caution,approved_on_validation,우선 점검 후보
2022-03-30,AST-5007,A2,12,7.71029111074311,0.2025605377794572,0.1418874681365248,MRO-10047;MRO-80001;MRO-20031,MRO-10047;MRO-80001;MRO-20031,EOT Crane,PUN-01,train,12,high_risk,risk,approved_on_validation,우선 점검 후보
2022-03-31,AST-1041,A2,4,6.357152261861995,0.1206639186404157,0.0772024515851732,MRO-80001;MRO-10045;MRO-20031,MRO-80001;MRO-10045;MRO-20031,CNC Lathe,PUN-01,train,12,caution,risk,approved_on_validation,우선 점검 후보
2022-03-31,AST-1042,A2,6,6.386353930538067,0.1199466837163055,0.0782779366443166,MRO-50009;MRO-10045;MRO-10047,MRO-50009;MRO-10045;MRO-10047,CNC Lathe,PUN-01,train,12,risk,risk,approved_on_validation,우선 점검 후보
2022-03-31,AST-2017,A2,9,8.153092425997626,0.2349180294683717,0.1667167518690172,MRO-80001;MRO-20031;MRO-10047,MRO-80001;MRO-20031;MRO-10047,Hydraulic Press,PUN-01,train,12,risk,risk,approved_on_validation,우선 점검 후보
2022-03-31,AST-2031,A2,10,7.849480704525558,0.2120062174884346,0.14791610517997,MRO-10047;MRO-20033;MRO-50009,MRO-10047;MRO-50009;MRO-80001,Hydraulic Press,CHN-02,train,12,risk,risk,approved_on_validation,우선 점검 후보
2022-03-31,AST-3008,A2,14,8.054823682381931,0.2230518634690872,0.156452906168365,MRO-80001;MRO-10045;MRO-10046,MRO-80001;MRO-10045;MRO-10046,Belt Conveyor,CHN-02,train,12,high_risk,risk,approved_on_validation,우선 점검 후보
2022-03-31,AST-3019,A2,2,4.5867702975095295,0.0462206538722883,0.024983714070489,MRO-40022;MRO-20031;MRO-30011,MRO-20031;MRO-10047;MRO-10045,Belt Conveyor,CHN-02,train,12,caution,caution,approved_on_validation,우선 점검 후보
2022-03-31,AST-4055,A2,10,7.804067570711748,0.2048690419583777,0.1415852391070157,MRO-60015;MRO-20031;MRO-80002,MRO-20031;MRO-50009;MRO-10047,Screw Compressor,DHR-03,train,12,risk,risk,approved_on_validation,우선 점검 후보
2022-03-31,AST-4061,A2,4,6.516367487043027,0.1293718730913577,0.0845040015690222,MRO-80001;MRO-10046;MRO-50009,MRO-80001;MRO-10046;MRO-50009,Screw Compressor,DHR-03,train,12,caution,risk,approved_on_validation,우선 점검 후보
2022-03-31,AST-5003,A2,9,7.095309585535159,0.159835571867596,0.1088700502587538,MRO-20033;MRO-20031;MRO-20032,MRO-20031;MRO-10046;MRO-80001,EOT Crane,DHR-03,train,12,risk,risk,approved_on_validation,우선 점검 후보
2022-03-31,AST-5007,A2,6,6.635335627513642,0.1318425389253463,0.0874877675709836,MRO-50008;MRO-80001;MRO-40022,MRO-80001;MRO-20031;MRO-10045,EOT Crane,PUN-01,train,12,risk,risk,approved_on_validation,우선 점검 후보
2022-04-01,AST-1041,A2,11,6.348840457053672,0.1195571063664525,0.0776409481572877,MRO-80001;MRO-20031;MRO-10045,MRO-80001;MRO-20031;MRO-10045,CNC Lathe,PUN-01,train,12,risk,risk,approved_on_validation,우선 점검 후보
2022-04-01,AST-1042,A2,2,5.859198233103203,0.0958939751500994,0.0583622124959481,MRO-60016;MRO-20031;MRO-80001,MRO-20031;MRO-80001;MRO-10046,CNC Lathe,PUN-01,train,12,caution,risk,approved_on_validation,우선 점검 후보
2022-04-01,AST-2017,A2,9,8.562850077656272,0.2588865096189647,0.191215349502196,MRO-10046;MRO-10045;MRO-10047,MRO-10046;MRO-10045;MRO-10047,Hydraulic Press,PUN-01,train,12,risk,risk,approved_on_validation,우선 점검 후보
2022-04-01,AST-2031,A2,7,7.641614558478611,0.1970242202543931,0.1365817442165022,MRO-10047;MRO-80001;MRO-50009,MRO-10047;MRO-80001;MRO-50009,Hydraulic Press,CHN-02,train,12,risk,risk,approved_on_validation,우선 점검 후보
2022-04-01,AST-3008,A2,4,6.317042857219605,0.118133634047777,0.0758015761920416,MRO-80001;MRO-10046;MRO-10045,MRO-80001;MRO-10046;MRO-10045,Belt Conveyor,CHN-02,train,12,caution,risk,approved_on_validation,우선 점검 후보
2022-04-01,AST-3019,A2,0,5.281371837577836,0.0709569088283183,0.0426075678799,MRO-80001;MRO-10046;MRO-10047,MRO-80001;MRO-10046;MRO-10047,Belt Conveyor,CHN-02,train,12,normal,caution,approved_on_validation,우선 점검 후보
2022-04-01,AST-4055,A2,6,7.364561518009324,0.1803828046352797,0.1225420047899463,MRO-10046;MRO-50009;MRO-10045,MRO-10046;MRO-50009;MRO-10045,Screw Compressor,DHR-03,train,12,risk,risk,approved_on_validation,우선 점검 후보
2022-04-01,AST-4061,A2,1,6.259999724648953,0.1144496660137496,0.0734410220616137,MRO-80001;MRO-50009;MRO-10045,MRO-80001;MRO-50009;MRO-10045,Screw Compressor,DHR-03,train,12,caution,risk,approved_on_validation,우선 점검 후보
2022-04-01,AST-5003,A2,5,6.256651835585144,0.1151750614438512,0.0731728810990988,MRO-10046;MRO-10047;MRO-10045,MRO-10046;MRO-10047;MRO-10045,EOT Crane,DHR-03,train,12,caution,risk,approved_on_validation,우선 점검 후보
2022-04-01,AST-5007,A2,1,5.3838992264665,0.072089436515729,0.0439327314197872,MRO-50009;MRO-10047;MRO-80001,MRO-50009;MRO-10047;MRO-80001,EOT Crane,PUN-01,train,12,caution,caution,approved_on_validation,우선 점검 후보
2022-04-02,AST-1041,A2,0,0.0032346770016355,6.539021148002794e-12,6.632074492163156e-15,MRO-90011;MRO-10045;MRO-10047,MRO-10045;MRO-10047;MRO-20031,CNC Lathe,PUN-01,train,12,normal,normal,approved_on_validation,우선 점검 후보
2022-04-02,AST-1042,A2,0,0.0033017712231937,6.567784497320537e-12,6.994467293053518e-15,MRO-90012;MRO-60016;MRO-90011,MRO-10045;MRO-10046;MRO-20031,CNC Lathe,PUN-01,train,12,normal,normal,approved_on_validation,우선 점검 후보
2022-04-02,AST-2017,A2,0,0.0033319926656746,6.1258370540795255e-12,6.8195818118143256e-15,MRO-70004;MRO-20033;MRO-80002,MRO-10045;MRO-10047;MRO-10046,Hydraulic Press,PUN-01,train,12,normal,normal,approved_on_validation,우선 점검 후보
2022-04-02,AST-2031,A2,0,0.0031755229423369,6.106832753535075e-12,6.0957083783676394e-15,MRO-10045;MRO-10046;MRO-20031,MRO-10045;MRO-10046;MRO-20031,Hydraulic Press,CHN-02,train,12,normal,normal,approved_on_validation,우선 점검 후보
2022-04-02,AST-3008,A2,0,0.0032065190093538,6.507537931404053e-12,6.462118572915241e-15,MRO-10045;MRO-10047;MRO-20031,MRO-10045;MRO-10047;MRO-20031,Belt Conveyor,CHN-02,train,12,normal,normal,approved_on_validation,우선 점검 후보
2022-04-02,AST-3019,A2,0,0.0032936028378319,6.533200219004717e-12,7.0382826266170875e-15,MRO-20032;MRO-10045;MRO-10046,MRO-10045;MRO-10046;MRO-10047,Belt Conveyor,CHN-02,train,12,normal,normal,approved_on_validation,우선 점검 후보
2022-04-02,AST-4055,A2,0,0.003244312973356,6.636980157155581e-12,6.720530636698717e-15,MRO-10045;MRO-10046;MRO-10047,MRO-10045;MRO-10046;MRO-10047,Screw Compressor,DHR-03,train,12,normal,normal,approved_on_validation,우선 점검 후보
2022-04-02,AST-4061,A2,0,0.0032496419981925,6.6430476542561915e-12,6.75290682582466e-15,MRO-10045;MRO-10046;MRO-10047,MRO-10045;MRO-10046;MRO-10047,Screw Compressor,DHR-03,train,12,normal,normal,approved_on_validation,우선 점검 후보
2022-04-02,AST-5003,A2,0,0.0032600062642382,6.911855632301793e-12,6.875235950385951e-15,MRO-10046;MRO-20033;MRO-20032,MRO-10046;MRO-10045;MRO-10047,EOT Crane,DHR-03,train,12,normal,normal,approved_on_validation,우선 점검 후보
2022-04-02,AST-5007,A2,0,0.0032379419252305,6.573997753191533e-12,6.704752965768063e-15,MRO-70004;MRO-20032;MRO-10045,MRO-10045;MRO-10046;MRO-10047,EOT Crane,PUN-01,train,12,normal,normal,approved_on_validation,우선 점검 후보
2022-04-03,AST-1041,A2,0,0.0031542759009563,6.899810682195924e-12,6.469013204030487e-15,MRO-10046;MRO-90011;MRO-70004,MRO-10046;MRO-10045;MRO-10047,CNC Lathe,PUN-01,train,12,normal,normal,approved_on_validation,우선 점검 후보
2022-04-03,AST-1042,A2,0,0.0032328787300543,6.574260160958518e-12,6.627528271613424e-15,MRO-10045;MRO-10046;MRO-10047,MRO-10045;MRO-10046;MRO-10047,CNC Lathe,PUN-01,train,12,normal,normal,approved_on_validation,우선 점검 후보
2022-04-03,AST-2017,A2,0,0.0032878272252108,6.5716240984246436e-12,6.837374234220111e-15,MRO-20031;MRO-20033;MRO-80002,MRO-20031;MRO-10045;MRO-10046,Hydraulic Press,PUN-01,train,12,normal,normal,approved_on_validation,우선 점검 후보
2022-04-03,AST-2031,A2,0,0.0032538484967288,6.755502110771698e-12,6.8494640379369236e-15,MRO-80001;MRO-90012;MRO-30011,MRO-80001;MRO-10045;MRO-10046,Hydraulic Press,CHN-02,train,12,normal,normal,approved_on_validation,우선 점검 후보
2022-04-03,AST-3008,A2,0,0.0032294302137919,6.615689895464162e-12,6.63689913593828e-15,MRO-10045;MRO-10046;MRO-10047,MRO-10045;MRO-10046;MRO-10047,Belt Conveyor,CHN-02,train,12,normal,normal,approved_on_validation,우선 점검 후보
2022-04-03,AST-3019,A2,0,0.0032271305111487,6.613272963026042e-12,6.624830253870491e-15,MRO-10045;MRO-10046;MRO-10047,MRO-10045;MRO-10046;MRO-10047,Belt Conveyor,CHN-02,train,12,normal,normal,approved_on_validation,우선 점검 후보
2022-04-03,AST-4055,A2,0,0.0032465385282153,6.6477801547827945e-12,6.736047045792944e-15,MRO-10045;MRO-10046;MRO-10047,MRO-10045;MRO-10046;MRO-10047,Screw Compressor,DHR-03,train,12,normal,normal,approved_on_validation,우선 점검 후보
2022-04-03,AST-4061,A2,0,0.003233416712639,6.5503563990233985e-12,6.623657722624285e-15,MRO-10045;MRO-10046;MRO-10047,MRO-10045;MRO-10046;MRO-10047,Screw Compressor,DHR-03,train,12,normal,normal,approved_on_validation,우선 점검 후보
2022-04-03,AST-5003,A2,0,0.0032945688008792,6.549681048527986e-12,7.004114307082413e-15,MRO-70004;MRO-20032;MRO-20033,MRO-10045;MRO-10047;MRO-20031,EOT Crane,DHR-03,train,12,normal,normal,approved_on_validation,우선 점검 후보
2022-04-03,AST-5007,A2,0,0.0034442362503432,6.57651659406202e-12,7.648951992617051e-15,MRO-70004;MRO-30011;MRO-80002,MRO-10045;MRO-10046;MRO-10047,EOT Crane,PUN-01,train,12,normal,normal,approved_on_validation,우선 점검 후보
2022-04-04,AST-1041,A2,4,5.689556132503986,0.0878285209112959,0.0540470419536768,MRO-10046;MRO-20031;MRO-80001,MRO-10046;MRO-20031;MRO-80001,CNC Lathe,PUN-01,train,12,caution,caution,approved_on_validation,우선 점검 후보
2022-04-04,AST-1042,A2,6,5.934726037137967,0.0989841261341341,0.0607621523759045,MRO-10047;MRO-20031;MRO-80001,MRO-10047;MRO-20031;MRO-80001,CNC Lathe,PUN-01,train,12,risk,risk,approved_on_validation,우선 점검 후보
2022-04-04,AST-2017,A2,3,8.450899107729336,0.2505010558557844,0.1841871779987641,MRO-10046;MRO-20031;MRO-80001,MRO-10046;MRO-20031;MRO-80001,Hydraulic Press,PUN-01,train,12,caution,risk,approved_on_validation,우선 점검 후보
2022-04-04,AST-2031,A2,6,7.107934332653599,0.1619102325418996,0.1103308523888475,MRO-10047;MRO-50009;MRO-20031,MRO-10047;MRO-50009;MRO-20031,Hydraulic Press,CHN-02,train,12,risk,risk,approved_on_validation,우선 점검 후보
2022-04-04,AST-3008,A2,10,6.993973596246636,0.1574683778558532,0.1032262681701482,MRO-10045;MRO-80001;MRO-10046,MRO-10045;MRO-80001;MRO-10046,Belt Conveyor,CHN-02,train,12,risk,risk,approved_on_validation,우선 점검 후보
2022-04-04,AST-3019,A2,0,5.3739605460469875,0.0729807108213143,0.0442530485389336,MRO-10046;MRO-80001;MRO-50009,MRO-10046;MRO-80001;MRO-50009,Belt Conveyor,CHN-02,train,12,normal,caution,approved_on_validation,우선 점검 후보
2022-04-04,AST-4055,A2,12,8.411028253913043,0.2466864550651056,0.1798220570313442,MRO-80001;MRO-10045;MRO-10046,MRO-80001;MRO-10045;MRO-10046,Screw Compressor,DHR-03,train,12,high_risk,risk,approved_on_validation,우선 점검 후보
2022-04-04,AST-4061,A2,12,6.611141169014007,0.134087946128003,0.0882112266147272,MRO-80001;MRO-50009;MRO-10045,MRO-80001;MRO-50009;MRO-10045,Screw Compressor,DHR-03,train,12,high_risk,risk,approved_on_validation,우선 점검 후보
2022-04-04,AST-5003,A2,4,7.345374481656287,0.1774669853881766,0.1219369834621945,MRO-10046;MRO-50009;MRO-10047,MRO-10046;MRO-50009;MRO-10047,EOT Crane,DHR-03,train,12,caution,risk,approved_on_validation,우선 점검 후보
2022-04-04,AST-5007,A2,10,5.937028457022436,0.0983066645586346,0.0609716880191858,MRO-80001;MRO-10047;MRO-50009,MRO-80001;MRO-10047;MRO-50009,EOT Crane,PUN-01,train,12,risk,risk,approved_on_validation,우선 점검 후보
2022-04-05,AST-1041,A2,10,6.23332034487404,0.1135500642520539,0.0728052379070366,MRO-80001;MRO-10046;MRO-20031,MRO-80001;MRO-10046;MRO-20031,CNC Lathe,PUN-01,train,12,risk,risk,approved_on_validation,우선 점검 후보
2022-04-05,AST-1042,A2,9,6.330982699701352,0.1158717454254377,0.0769225062149448,MRO-90011;MRO-50009;MRO-80002,MRO-50009;MRO-80001;MRO-20031,CNC Lathe,PUN-01,train,12,risk,risk,approved_on_validation,우선 점검 후보
2022-04-05,AST-2017,A2,0,8.015748647806317,0.2224400606900688,0.1579289133899326,MRO-80001;MRO-20031;MRO-10046,MRO-80001;MRO-20031;MRO-10046,Hydraulic Press,PUN-01,train,12,normal,risk,approved_on_validation,우선 점검 후보
2022-04-05,AST-2031,A2,4,7.250131148910573,0.1708085453879611,0.1168199618463125,MRO-10047;MRO-10046;MRO-50009,MRO-10047;MRO-10046;MRO-50009,Hydraulic Press,CHN-02,train,12,caution,risk,approved_on_validation,우선 점검 후보
2022-04-05,AST-3008,A2,5,6.3646597167094905,0.119685627033677,0.0779996094983201,MRO-10045;MRO-80001;MRO-20031,MRO-10045;MRO-80001;MRO-20031,Belt Conveyor,CHN-02,train,12,caution,risk,approved_on_validation,우선 점검 후보
2022-04-05,AST-3019,A2,5,5.4651157541250726,0.0756856708591994,0.0475509699087255,MRO-70004;MRO-80001;MRO-10046,MRO-80001;MRO-10046;MRO-10047,Belt Conveyor,CHN-02,train,12,caution,caution,approved_on_validation,우선 점검 후보
2022-04-05,AST-4055,A2,11,7.893996065330666,0.2119827420780072,0.1509332793756101,MRO-80001;MRO-10047;MRO-20031,MRO-80001;MRO-10047;MRO-20031,Screw Compressor,DHR-03,train,12,risk,risk,approved_on_validation,우선 점검 후보
2022-04-05,AST-4061,A2,5,6.605706112823766,0.1337401345973616,0.0877227100077509,MRO-10046;MRO-10045;MRO-50009,MRO-10046;MRO-10045;MRO-50009,Screw Compressor,DHR-03,train,12,caution,risk,approved_on_validation,우선 점검 후보
2022-04-05,AST-5003,A2,16,7.958646482129184,0.2134140092097596,0.1540282926882359,MRO-40021;MRO-10045;MRO-10046,MRO-10045;MRO-10046;MRO-50009,EOT Crane,DHR-03,train,12,high_risk,risk,approved_on_validation,우선 점검 후보
2022-04-05,AST-5007,A2,6,5.621924068686883,0.0828191463506017,0.0515182260321226,MRO-10045;MRO-20032;MRO-10047,MRO-10045;MRO-10047;MRO-10046,EOT Crane,PUN-01,train,12,risk,caution,approved_on_validation,우선 점검 후보
2022-04-06,AST-1041,A2,16,6.443700357379681,0.1252714345588552,0.0815452861392639,MRO-80001;MRO-20031;MRO-50009,MRO-80001;MRO-20031;MRO-50009,CNC Lathe,PUN-01,train,12,high_risk,risk,approved_on_validation,우선 점검 후보
2022-04-06,AST-1042,A2,0,5.95037702022985,0.0984829619839841,0.0622056850157421,MRO-10045;MRO-20031;MRO-80001,MRO-10045;MRO-20031;MRO-80001,CNC Lathe,PUN-01,train,12,normal,risk,approved_on_validation,우선 점검 후보
2022-04-06,AST-2017,A2,16,8.802758042964625,0.2784427308042154,0.2045657859159991,MRO-80001;MRO-20031;MRO-10046,MRO-80001;MRO-20031;MRO-10046,Hydraulic Press,PUN-01,train,12,high_risk,risk,approved_on_validation,우선 점검 후보
2022-04-06,AST-2031,A2,10,7.128959952735904,0.1638612837748025,0.1113572047248603,MRO-10047;MRO-80001;MRO-50009,MRO-10047;MRO-80001;MRO-50009,Hydraulic Press,CHN-02,train,12,risk,risk,approved_on_validation,우선 점검 후보
2022-04-06,AST-3008,A2,4,6.491976869911152,0.1277565814727553,0.0833096973318018,MRO-10045;MRO-80001;MRO-10047,MRO-10045;MRO-80001;MRO-10047,Belt Conveyor,CHN-02,train,12,caution,risk,approved_on_validation,우선 점검 후보
2022-04-06,AST-3019,A2,9,5.215921527267846,0.0681044005649192,0.0403490327799494,MRO-10047;MRO-80001;MRO-10046,MRO-10047;MRO-80001;MRO-10046,Belt Conveyor,CHN-02,train,12,risk,caution,approved_on_validation,우선 점검 후보
2022-04-06,AST-4055,A2,11,8.251710422049994,0.2396495786740348,0.1721212759338253,MRO-10045;MRO-80001;MRO-10047,MRO-10045;MRO-80001;MRO-10047,Screw Compressor,DHR-03,train,12,risk,risk,approved_on_validation,우선 점검 후보
2022-04-06,AST-4061,A2,16,7.410419708111782,0.1803994649867482,0.1247017352912229,MRO-10046;MRO-10045;MRO-80001,MRO-10046;MRO-10045;MRO-80001,Screw Compressor,DHR-03,train,12,high_risk,risk,approved_on_validation,우선 점검 후보
2022-04-06,AST-5003,A2,6,7.113969166465854,0.1594506364637112,0.1101261388264688,MRO-80001;MRO-10045;MRO-10046,MRO-80001;MRO-10045;MRO-10046,EOT Crane,DHR-03,train,12,risk,risk,approved_on_validation,우선 점검 후보
2022-04-06,AST-5007,A2,7,5.844557639037235,0.0889830260164779,0.0578773871980128,MRO-70004;MRO-10045;MRO-30012,MRO-10045;MRO-20031;MRO-50009,EOT Crane,PUN-01,train,12,risk,caution,approved_on_validation,우선 점검 후보
2022-04-07,AST-1041,A2,3,5.9883165155872975,0.1012140306567719,0.0640241969022346,MRO-50009;MRO-10047;MRO-80001,MRO-50009;MRO-10047;MRO-80001,CNC Lathe,PUN-01,train,12,caution,risk,approved_on_validation,우선 점검 후보
2022-04-07,AST-1042,A2,8,5.778769447280903,0.0903141746591914,0.0563547074916842,MRO-20031;MRO-80001;MRO-10046,MRO-20031;MRO-80001;MRO-10046,CNC Lathe,PUN-01,train,12,risk,caution,approved_on_validation,우선 점검 후보
2022-04-07,AST-2017,A2,14,8.601789993223296,0.2632755549153487,0.1927869612118571,MRO-80001;MRO-10047;MRO-10046,MRO-80001;MRO-10047;MRO-10046,Hydraulic Press,PUN-01,train,12,high_risk,risk,approved_on_validation,우선 점검 후보
2022-04-07,AST-2031,A2,5,7.456471317477036,0.1783553215450546,0.1280449630559334,MRO-70004;MRO-10047;MRO-10046,MRO-10047;MRO-10046;MRO-80001,Hydraulic Press,CHN-02,train,12,caution,risk,approved_on_validation,우선 점검 후보
2022-04-07,AST-3008,A2,1,6.396954215122396,0.1228798379416397,0.0796622638832029,MRO-10045;MRO-80001;MRO-10047,MRO-10045;MRO-80001;MRO-10047,Belt Conveyor,CHN-02,train,12,caution,risk,approved_on_validation,우선 점검 후보
2022-04-07,AST-3019,A2,0,5.506003743745259,0.0787631649533081,0.0484186797405157,MRO-70004;MRO-10047;MRO-40022,MRO-10047;MRO-10046;MRO-10045,Belt Conveyor,CHN-02,train,12,normal,caution,approved_on_validation,우선 점검 후보
2022-04-07,AST-4055,A2,1,7.484335889816314,0.1847933321765624,0.1295974955606557,MRO-10047;MRO-10046;MRO-80001,MRO-10047;MRO-10046;MRO-80001,Screw Compressor,DHR-03,train,12,caution,risk,approved_on_validation,우선 점검 후보
2022-04-07,AST-4061,A2,12,7.073742812179882,0.1615453894688628,0.109373649952863,MRO-10046;MRO-10045;MRO-10047,MRO-10046;MRO-10045;MRO-10047,Screw Compressor,DHR-03,train,12,high_risk,risk,approved_on_validation,우선 점검 후보
2022-04-07,AST-5003,A2,8,7.172977800723301,0.1664931237471276,0.1119931519714846,MRO-80001;MRO-50009;MRO-10047,MRO-80001;MRO-50009;MRO-10047,EOT Crane,DHR-03,train,12,risk,risk,approved_on_validation,우선 점검 후보
2022-04-07,AST-5007,A2,4,6.163948703717684,0.1109985991472118,0.0702557908970244,MRO-80001;MRO-50009;MRO-10047,MRO-80001;MRO-50009;MRO-10047,EOT Crane,PUN-01,train,12,caution,risk,approved_on_validation,우선 점검 후보
2022-04-08,AST-1041,A2,5,6.355062511009354,0.1194108309663949,0.0779873383512714,MRO-50009;MRO-10046;MRO-10047,MRO-50009;MRO-10046;MRO-10047,CNC Lathe,PUN-01,train,12,caution,risk,approved_on_validation,우선 점검 후보
2022-04-08,AST-1042,A2,6,5.881715814036767,0.0949229498095409,0.0601081055213913,MRO-70004;MRO-20031;MRO-10045,MRO-20031;MRO-10045;MRO-80001,CNC Lathe,PUN-01,train,12,risk,risk,approved_on_validation,우선 점검 후보
2022-04-08,AST-2017,A2,7,9.139514428357522,0.3052030380082111,0.2285796477986945,MRO-80001;MRO-10046;MRO-10047,MRO-80001;MRO-10046;MRO-10047,Hydraulic Press,PUN-01,train,12,risk,risk,approved_on_validation,우선 점검 후보
2022-04-08,AST-2031,A2,5,7.052530438252791,0.1590236464711642,0.1082219210518914,MRO-10047;MRO-80001;MRO-50009,MRO-10047;MRO-80001;MRO-50009,Hydraulic Press,CHN-02,train,12,caution,risk,approved_on_validation,우선 점검 후보
2022-04-08,AST-3008,A2,2,6.2646314393861635,0.1137433956900976,0.0742186808872296,MRO-10047;MRO-10046;MRO-10045,MRO-10047;MRO-10046;MRO-10045,Belt Conveyor,CHN-02,train,12,caution,risk,approved_on_validation,우선 점검 후보
2022-04-08,AST-3019,A2,2,5.379783908958135,0.0738281333366416,0.0442590917118554,MRO-80001;MRO-10047;MRO-10046,MRO-80001;MRO-10047;MRO-10046,Belt Conveyor,CHN-02,train,12,caution,caution,approved_on_validation,우선 점검 후보
2022-04-08,AST-4055,A2,8,8.297992028059573,0.2426456319100562,0.1741503446934551,MRO-10047;MRO-10045;MRO-80001,MRO-10047;MRO-10045;MRO-80001,Screw Compressor,DHR-03,train,12,risk,risk,approved_on_validation,우선 점검 후보
2022-04-08,AST-4061,A2,7,6.971634259941774,0.1561434258474857,0.1044302537753394,MRO-10046;MRO-80001;MRO-10047,MRO-10046;MRO-80001;MRO-10047,Screw Compressor,DHR-03,train,12,risk,risk,approved_on_validation,우선 점검 후보
2022-04-08,AST-5003,A2,0,7.037929665347904,0.1600200668047333,0.1067002264492326,MRO-10046;MRO-80001;MRO-50009,MRO-10046;MRO-80001;MRO-50009,EOT Crane,DHR-03,train,12,normal,risk,approved_on_validation,우선 점검 후보
2022-04-08,AST-5007,A2,5,5.439804603325348,0.0759082483096454,0.0457659981273135,MRO-10045;MRO-10047;MRO-10046,MRO-10045;MRO-10047;MRO-10046,EOT Crane,PUN-01,train,12,caution,caution,approved_on_validation,우선 점검 후보
2022-04-09,AST-1041,A2,0,0.00337246484539,9.690392294254792e-12,9.177190752608352e-15,MRO-10046;MRO-20031;MRO-90011,MRO-10046;MRO-20031;MRO-10045,CNC Lathe,PUN-01,train,12,normal,normal,approved_on_validation,우선 점검 후보
2022-04-09,AST-1042,A2,0,0.003287207115536,6.5628475824239745e-12,6.897287194218756e-15,MRO-90011;MRO-20033;MRO-90012,MRO-10047;MRO-10045;MRO-50009,CNC Lathe,PUN-01,train,12,normal,normal,approved_on_validation,우선 점검 후보
2022-04-09,AST-2017,A2,0,0.0032577286363502,6.754180961887297e-12,6.856064713437486e-15,MRO-20031;MRO-40022;MRO-90012,MRO-20031;MRO-10046;MRO-80001,Hydraulic Press,PUN-01,train,12,normal,normal,approved_on_validation,우선 점검 후보
2022-04-09,AST-2031,A2,0,0.0033286997715011,7.991802637696598e-12,7.960745593887304e-15,MRO-10047;MRO-10045;MRO-10046,MRO-10047;MRO-10045;MRO-10046,Hydraulic Press,CHN-02,train,12,normal,normal,approved_on_validation,우선 점검 후보
2022-04-09,AST-3008,A2,0,0.00318798712612,6.508922583839039e-12,6.430295749615137e-15,MRO-70004;MRO-10045;MRO-10046,MRO-10045;MRO-10046;MRO-10047,Belt Conveyor,CHN-02,train,12,normal,normal,approved_on_validation,우선 점검 후보
2022-04-09,AST-3019,A2,0,0.0032042816715469,6.532981230739468e-12,6.4920295211269746e-15,MRO-10045;MRO-10046;MRO-10047,MRO-10045;MRO-10046;MRO-10047,Belt Conveyor,CHN-02,train,12,normal,normal,approved_on_validation,우선 점검 후보
2022-04-09,AST-4055,A2,0,0.0032293035685859,6.543182332802875e-12,6.6019037779702715e-15,MRO-10045;MRO-10046;MRO-10047,MRO-10045;MRO-10046;MRO-10047,Screw Compressor,DHR-03,train,12,normal,normal,approved_on_validation,우선 점검 후보
2022-04-09,AST-4061,A2,0,0.0032399336364595,6.568899270253437e-12,6.6556580799916074e-15,MRO-10046;MRO-10045;MRO-20031,MRO-10046;MRO-10045;MRO-20031,Screw Compressor,DHR-03,train,12,normal,normal,approved_on_validation,우선 점검 후보
2022-04-09,AST-5003,A2,0,0.0031964836701374,6.495998756663702e-12,6.286865571218521e-15,MRO-20033;MRO-10046;MRO-10045,MRO-10046;MRO-10045;MRO-10047,EOT Crane,DHR-03,train,12,normal,normal,approved_on_validation,우선 점검 후보
2022-04-09,AST-5007,A2,0,0.0033011368507884,6.805537672310035e-12,7.059898458128362e-15,MRO-80002;MRO-10045;MRO-70005,MRO-10045;MRO-10046;MRO-10047,EOT Crane,PUN-01,train,12,normal,normal,approved_on_validation,우선 점검 후보
2022-04-10,AST-1041,A2,0,0.0032438777389157,6.6430475837939145e-12,6.7146508244069235e-15,MRO-10045;MRO-10046;MRO-10047,MRO-10045;MRO-10046;MRO-10047,CNC Lathe,PUN-01,train,12,normal,normal,approved_on_validation,우선 점검 후보
2022-04-10,AST-1042,A2,0,0.0032309074303231,7.424515875889853e-12,7.166753697924245e-15,MRO-10046;MRO-90011;MRO-10047,MRO-10046;MRO-10047;MRO-10045,CNC Lathe,PUN-01,train,12,normal,normal,approved_on_validation,우선 점검 후보
2022-04-10,AST-2017,A2,0,0.0030040308130716,4.933156524453834e-12,4.846727285496541e-15,MRO-70004;MRO-20032;MRO-90011,MRO-10047;MRO-50009;MRO-20031,Hydraulic Press,PUN-01,train,12,normal,normal,approved_on_validation,우선 점검 후보
2022-04-10,AST-2031,A2,0,0.0035467913078325,1.042912708158852e-11,1.0509133950329771e-14,MRO-10047;MRO-10045;MRO-10046,MRO-10047;MRO-10045;MRO-10046,Hydraulic Press,CHN-02,train,12,normal,normal,approved_on_validation,우선 점검 후보
2022-04-10,AST-3008,A2,0,0.0032042517081618,6.509397832376232e-12,6.4560300638367805e-15,MRO-10045;MRO-10046;MRO-10047,MRO-10045;MRO-10046;MRO-10047,Belt Conveyor,CHN-02,train,12,normal,normal,approved_on_validation,우선 점검 후보
2022-04-10,AST-3019,A2,0,0.0031349859086323,5.950010533139821e-12,5.85583142683312e-15,MRO-90012;MRO-10045;MRO-10046,MRO-10045;MRO-10046;MRO-10047,Belt Conveyor,CHN-02,train,12,normal,normal,approved_on_validation,우선 점검 후보
2022-04-10,AST-4055,A2,0,0.0032468353778276,6.647774333701861e-12,6.738990971073253e-15,MRO-10045;MRO-10046;MRO-10047,MRO-10045;MRO-10046;MRO-10047,Screw Compressor,DHR-03,train,12,normal,normal,approved_on_validation,우선 점검 후보
2022-04-10,AST-4061,A2,0,0.0032479576314493,6.6622230399932245e-12,6.752863615973803e-15,MRO-10046;MRO-10045;MRO-10047,MRO-10046;MRO-10045;MRO-10047,Screw Compressor,DHR-03,train,12,normal,normal,approved_on_validation,우선 점검 후보
2022-04-10,AST-5003,A2,0,0.0031925579610132,6.100680567530219e-12,6.141463275077334e-15,MRO-10045;MRO-10047;MRO-20031,MRO-10045;MRO-10047;MRO-20031,EOT Crane,DHR-03,train,12,normal,normal,approved_on_validation,우선 점검 후보
2022-04-10,AST-5007,A2,0,0.0032116837394622,6.566958712641033e-12,6.541245133817481e-15,MRO-10046;MRO-10047;MRO-20031,MRO-10046;MRO-10047;MRO-20031,EOT Crane,PUN-01,train,12,normal,normal,approved_on_validation,우선 점검 후보
2022-04-11,AST-1041,A2,5,6.171288128052469,0.1107566183930987,0.0709954458370679,MRO-20031;MRO-10046;MRO-10047,MRO-20031;MRO-10046;MRO-10047,CNC Lathe,PUN-01,train,12,caution,risk,approved_on_validation,우선 점검 후보
2022-04-11,AST-1042,A2,0,5.945832317112003,0.0989312270180901,0.0622978267803968,MRO-20031;MRO-10047;MRO-10046,MRO-20031;MRO-10047;MRO-10046,CNC Lathe,PUN-01,train,12,normal,risk,approved_on_validation,우선 점검 후보
2022-04-11,AST-2017,A2,6,8.07960738028122,0.2260886419953904,0.161721146565803,MRO-10046;MRO-20031;MRO-10047,MRO-10046;MRO-20031;MRO-10047,Hydraulic Press,PUN-01,train,12,risk,risk,approved_on_validation,우선 점검 후보
2022-04-11,AST-2031,A2,7,7.172240985450163,0.165701006682776,0.1133558300586126,MRO-50009;MRO-20031;MRO-10047,MRO-50009;MRO-20031;MRO-10047,Hydraulic Press,CHN-02,train,12,risk,risk,approved_on_validation,우선 점검 후보
2022-04-11,AST-3008,A2,2,5.906740094792625,0.0976002856085771,0.0614150564009608,MRO-10047;MRO-80001;MRO-10045,MRO-10047;MRO-80001;MRO-10045,Belt Conveyor,CHN-02,train,12,caution,risk,approved_on_validation,우선 점검 후보
2022-04-11,AST-3019,A2,1,5.260421209968152,0.0692651357060122,0.0414508102142636,MRO-80001;MRO-10046;MRO-10047,MRO-80001;MRO-10046;MRO-10047,Belt Conveyor,CHN-02,train,12,caution,caution,approved_on_validation,우선 점검 후보
2022-04-11,AST-4055,A2,12,7.810465417076074,0.2077033689513883,0.1467015672849178,MRO-10047;MRO-20031;MRO-10046,MRO-10047;MRO-20031;MRO-10046,Screw Compressor,DHR-03,train,12,high_risk,risk,approved_on_validation,우선 점검 후보
2022-04-11,AST-4061,A2,10,6.628682155980356,0.1343812170374758,0.0885366672817536,MRO-10046;MRO-40022;MRO-80001,MRO-10046;MRO-80001;MRO-10047,Screw Compressor,DHR-03,train,12,risk,risk,approved_on_validation,우선 점검 후보
2022-04-11,AST-5003,A2,4,7.005872663944438,0.1539818049827779,0.1048084883264163,MRO-10046;MRO-80001;MRO-50009,MRO-10046;MRO-80001;MRO-50009,EOT Crane,DHR-03,train,12,caution,risk,approved_on_validation,우선 점검 후보
2022-04-11,AST-5007,A2,0,5.637732671249682,0.0858341197140811,0.0522612592205297,MRO-50009;MRO-10047;MRO-10046,MRO-50009;MRO-10047;MRO-10046,EOT Crane,PUN-01,train,12,normal,caution,approved_on_validation,우선 점검 후보
2022-04-12,AST-1041,A2,1,6.131793370047106,0.1076948597881673,0.0691094670027241,MRO-50009;MRO-10045;MRO-10046,MRO-50009;MRO-10045;MRO-10046,CNC Lathe,PUN-01,train,12,caution,risk,approved_on_validation,우선 점검 후보
2022-04-12,AST-1042,A2,1,6.032749814401851,0.1021026320996085,0.0650634768524033,MRO-70004;MRO-20031;MRO-10046,MRO-20031;MRO-10046;MRO-10047,CNC Lathe,PUN-01,train,12,caution,risk,approved_on_validation,우선 점검 후보
2022-04-12,AST-2017,A2,12,8.029250494076301,0.2241992999229453,0.1580297173842886,MRO-10047;MRO-50009;MRO-10046,MRO-10047;MRO-50009;MRO-10046,Hydraulic Press,PUN-01,train,12,high_risk,risk,approved_on_validation,우선 점검 후보
2022-04-12,AST-2031,A2,8,7.151967544626082,0.1648866277680383,0.1118074032106559,MRO-50009;MRO-10047;MRO-10045,MRO-50009;MRO-10047;MRO-10045,Hydraulic Press,CHN-02,train,12,risk,risk,approved_on_validation,우선 점검 후보
2022-04-12,AST-3008,A2,9,9.796150002882468,0.350321394755432,0.2757519151651306,MRO-10047;MRO-10046;MRO-10045,MRO-10047;MRO-10046;MRO-10045,Belt Conveyor,CHN-02,train,12,risk,risk,approved_on_validation,우선 점검 후보
2022-04-12,AST-3019,A2,2,5.290152261637797,0.0697732491952618,0.0414429287383748,MRO-80001;MRO-70004;MRO-10047,MRO-80001;MRO-10047;MRO-10046,Belt Conveyor,CHN-02,train,12,caution,caution,approved_on_validation,우선 점검 후보
2022-04-12,AST-4055,A2,6,7.572691379483795,0.1930697723378414,0.133390725259799,MRO-10046;MRO-20031;MRO-10047,MRO-10046;MRO-20031;MRO-10047,Screw Compressor,DHR-03,train,12,risk,risk,approved_on_validation,우선 점검 후보
2022-04-12,AST-4061,A2,11,6.422430599042244,0.1241963637101013,0.0803738337677794,MRO-80001;MRO-10047;MRO-50009,MRO-80001;MRO-10047;MRO-50009,Screw Compressor,DHR-03,train,12,risk,risk,approved_on_validation,우선 점검 후보
2022-04-12,AST-5003,A2,4,7.277327126185538,0.1701870149875356,0.1162203962443011,MRO-10046;MRO-60015;MRO-20031,MRO-10046;MRO-20031;MRO-10045,EOT Crane,DHR-03,train,12,caution,risk,approved_on_validation,우선 점검 후보
2022-04-12,AST-5007,A2,5,5.917366909079754,0.098239581517855,0.0620342906990424,MRO-50009;MRO-20031;MRO-10046,MRO-50009;MRO-20031;MRO-10046,EOT Crane,PUN-01,train,12,caution,risk,approved_on_validation,우선 점검 후보
2022-04-13,AST-1041,A2,1,5.192819131802817,0.0635709444918737,0.0386378607980573,MRO-70004;MRO-80001;MRO-10046,MRO-80001;MRO-10046;MRO-50009,CNC Lathe,PUN-01,train,12,caution,caution,approved_on_validation,우선 점검 후보
2022-04-13,AST-1042,A2,12,5.723371373815767,0.0901472364574236,0.0543569534651058,MRO-20031;MRO-10045;MRO-10046,MRO-20031;MRO-10045;MRO-10046,CNC Lathe,PUN-01,train,12,high_risk,caution,approved_on_validation,우선 점검 후보
2022-04-13,AST-2017,A2,7,8.6784926851476,0.2681678969812912,0.1971993365960724,MRO-80001;MRO-10047;MRO-50009,MRO-80001;MRO-10047;MRO-50009,Hydraulic Press,PUN-01,train,12,risk,risk,approved_on_validation,우선 점검 후보
2022-04-13,AST-2031,A2,4,7.072500894846496,0.1615119029766865,0.1092876037647786,MRO-10045;MRO-50009;MRO-20031,MRO-10045;MRO-50009;MRO-20031,Hydraulic Press,CHN-02,train,12,caution,risk,approved_on_validation,우선 점검 후보
2022-04-13,AST-3008,A2,4,6.419983595850613,0.1240967634141134,0.0801171335718813,MRO-10045;MRO-10046;MRO-50009,MRO-10045;MRO-10046;MRO-50009,Belt Conveyor,CHN-02,train,12,caution,risk,approved_on_validation,우선 점검 후보
2022-04-13,AST-3019,A2,4,4.908804117152983,0.0582933085167187,0.0328779289056721,MRO-80001;MRO-10047;MRO-10046,MRO-80001;MRO-10047;MRO-10046,Belt Conveyor,CHN-02,train,12,caution,caution,approved_on_validation,우선 점검 후보
2022-04-13,AST-4055,A2,3,8.110997003754616,0.2303218190295501,0.1637749957615769,MRO-10046;MRO-10047;MRO-20031,MRO-10046;MRO-10047;MRO-20031,Screw Compressor,DHR-03,train,12,caution,risk,approved_on_validation,우선 점검 후보
2022-04-13,AST-4061,A2,5,6.39004581145106,0.1219946143430922,0.0787751894322073,MRO-10045;MRO-80001;MRO-10047,MRO-10045;MRO-80001;MRO-10047,Screw Compressor,DHR-03,train,12,caution,risk,approved_on_validation,우선 점검 후보
2022-04-13,AST-5003,A2,22,8.24610951050541,0.2378439100913697,0.1688644260787836,MRO-80001;MRO-10047;MRO-50009,MRO-80001;MRO-10047;MRO-50009,EOT Crane,DHR-03,train,12,high_risk,risk,approved_on_validation,우선 점검 후보
2022-04-13,AST-5007,A2,4,5.015312883593934,0.0586301764805893,0.0342223608129204,MRO-10045;MRO-10046;MRO-50009,MRO-10045;MRO-10046;MRO-50009,EOT Crane,PUN-01,train,12,caution,caution,approved_on_validation,우선 점검 후보
2022-04-14,AST-1041,A2,0,5.824860428357934,0.0889897261631279,0.0567889188385988,MRO-20031;MRO-70004;MRO-20033,MRO-20031;MRO-80001;MRO-10046,CNC Lathe,PUN-01,train,12,normal,caution,approved_on_validation,우선 점검 후보
2022-04-14,AST-1042,A2,0,5.6403095697941215,0.0848402990016751,0.0510521398076821,MRO-30011;MRO-20031;MRO-10047,MRO-20031;MRO-10047;MRO-10046,CNC Lathe,PUN-01,train,12,normal,caution,approved_on_validation,우선 점검 후보
2022-04-14,AST-2017,A2,10,8.460925874302902,0.2539000541507028,0.1844556158722049,MRO-80001;MRO-50009;MRO-10047,MRO-80001;MRO-50009;MRO-10047,Hydraulic Press,PUN-01,train,12,risk,risk,approved_on_validation,우선 점검 후보
2022-04-14,AST-2031,A2,9,7.613797749067727,0.1948878098806053,0.1357722213921446,MRO-10045;MRO-50009;MRO-20031,MRO-10045;MRO-50009;MRO-20031,Hydraulic Press,CHN-02,train,12,risk,risk,approved_on_validation,우선 점검 후보
2022-04-14,AST-3008,A2,0,5.954525855925234,0.098963092445073,0.0622232395590612,MRO-10045;MRO-10047;MRO-80001,MRO-10045;MRO-10047;MRO-80001,Belt Conveyor,CHN-02,train,12,normal,risk,approved_on_validation,우선 점검 후보
2022-04-14,AST-3019,A2,2,5.098633916699004,0.0643072442761146,0.0370617534235804,MRO-80001;MRO-10046;MRO-10047,MRO-80001;MRO-10046;MRO-10047,Belt Conveyor,CHN-02,train,12,caution,caution,approved_on_validation,우선 점검 후보
2022-04-14,AST-4055,A2,8,7.500654962759204,0.1877995598550779,0.1298686254373647,MRO-10046;MRO-10047;MRO-20031,MRO-10046;MRO-10047;MRO-20031,Screw Compressor,DHR-03,train,12,risk,risk,approved_on_validation,우선 점검 후보
2022-04-14,AST-4061,A2,11,6.7233674186697305,0.1405174886349193,0.0929562900524026,MRO-10045;MRO-10046;MRO-80001,MRO-10045;MRO-10046;MRO-80001,Screw Compressor,DHR-03,train,12,risk,risk,approved_on_validation,우선 점검 후보
2022-04-14,AST-5003,A2,2,6.666554984067514,0.1346998627346159,0.0886369376410179,MRO-10047;MRO-20031;MRO-10046,MRO-10047;MRO-20031;MRO-10046,EOT Crane,DHR-03,train,12,caution,risk,approved_on_validation,우선 점검 후보
2022-04-14,AST-5007,A2,4,5.155216172023409,0.0634498211007613,0.0376040661120928,MRO-10047;MRO-10045;MRO-10046,MRO-10047;MRO-10045;MRO-10046,EOT Crane,PUN-01,train,12,caution,caution,approved_on_validation,우선 점검 후보
2022-04-15,AST-1041,A2,2,6.306896728597184,0.1184915749206469,0.0759308201664776,MRO-10045;MRO-20031;MRO-10046,MRO-10045;MRO-20031;MRO-10046,CNC Lathe,PUN-01,train,12,caution,risk,approved_on_validation,우선 점검 후보
2022-04-15,AST-1042,A2,3,5.815112380744247,0.0889436689235198,0.0569039220657793,MRO-30012;MRO-40021;MRO-20031,MRO-20031;MRO-10047;MRO-10046,CNC Lathe,PUN-01,train,12,caution,caution,approved_on_validation,우선 점검 후보
2022-04-15,AST-2017,A2,10,8.576591374344089,0.264366117012434,0.1915242283556474,MRO-80001;MRO-10046;MRO-10047,MRO-80001;MRO-10046;MRO-10047,Hydraulic Press,PUN-01,train,12,risk,risk,approved_on_validation,우선 점검 후보
2022-04-15,AST-2031,A2,14,7.976479875037051,0.2199243277964955,0.1565910667703078,MRO-10045;MRO-20031;MRO-10046,MRO-10045;MRO-20031;MRO-10046,Hydraulic Press,CHN-02,train,12,high_risk,risk,approved_on_validation,우선 점검 후보
2022-04-15,AST-3008,A2,12,6.194888842981928,0.1109563900276108,0.0712107906458088,MRO-10045;MRO-80001;MRO-10047,MRO-10045;MRO-80001;MRO-10047,Belt Conveyor,CHN-02,train,12,high_risk,risk,approved_on_validation,우선 점검 후보
2022-04-15,AST-3019,A2,4,5.339980463248381,0.072907329586423,0.0435937158927658,MRO-80001;MRO-10046;MRO-10047,MRO-80001;MRO-10046;MRO-10047,Belt Conveyor,CHN-02,train,12,caution,caution,approved_on_validation,우선 점검 후보
2022-04-15,AST-4055,A2,8,7.789603894701341,0.2098167519106501,0.1453391587150493,MRO-10047;MRO-20031;MRO-10045,MRO-10047;MRO-20031;MRO-10045,Screw Compressor,DHR-03,train,12,risk,risk,approved_on_validation,우선 점검 후보
2022-04-15,AST-4061,A2,10,6.893578691589948,0.151576912039128,0.1009198067721693,MRO-10046;MRO-10045;MRO-80001,MRO-10046;MRO-10045;MRO-80001,Screw Compressor,DHR-03,train,12,risk,risk,approved_on_validation,우선 점검 후보
2022-04-15,AST-5003,A2,5,7.303882760832015,0.1720337275604029,0.1182085367328286,MRO-10047;MRO-20031;MRO-50009,MRO-10047;MRO-20031;MRO-50009,EOT Crane,DHR-03,train,12,caution,risk,approved_on_validation,우선 점검 후보
2022-04-15,AST-5007,A2,2,4.511196584382587,0.0428547916343481,0.0236534206383956,MRO-10047;MRO-20031;MRO-10046,MRO-10047;MRO-20031;MRO-10046,EOT Crane,PUN-01,train,12,caution,caution,approved_on_validation,우선 점검 후보
2022-04-16,AST-1041,A2,0,0.003256401228994,6.574251684396712e-12,6.7834879485206985e-15,MRO-70004;MRO-90011;MRO-10045,MRO-10045;MRO-10046;MRO-10047,CNC Lathe,PUN-01,train,12,normal,normal,approved_on_validation,우선 점검 후보
2022-04-16,AST-1042,A2,0,0.0032582949148566,6.574153979798492e-12,6.812239626815541e-15,MRO-90011;MRO-90012;MRO-10045,MRO-10045;MRO-10046;MRO-10047,CNC Lathe,PUN-01,train,12,normal,normal,approved_on_validation,우선 점검 후보
2022-04-16,AST-2017,A2,0,0.0033452064784075,7.501535136116629e-12,7.731882202912281e-15,MRO-10047;MRO-40021;MRO-10046,MRO-10047;MRO-10046;MRO-80001,Hydraulic Press,PUN-01,train,12,normal,normal,approved_on_validation,우선 점검 후보
2022-04-16,AST-2031,A2,0,0.0032616375639767,6.487712713475691e-12,6.67154502960584e-15,MRO-30012;MRO-50008;MRO-60015,MRO-10047;MRO-50009;MRO-80001,Hydraulic Press,CHN-02,train,12,normal,normal,approved_on_validation,우선 점검 후보
2022-04-16,AST-3008,A2,0,0.0032198699136691,6.580268637089158e-12,6.560334258232754e-15,MRO-10045;MRO-10046;MRO-50009,MRO-10045;MRO-10046;MRO-50009,Belt Conveyor,CHN-02,train,12,normal,normal,approved_on_validation,우선 점검 후보
2022-04-16,AST-3019,A2,0,0.0033499753156382,6.534232835726981e-12,7.233021529488431e-15,MRO-90011;MRO-60015;MRO-30011,MRO-10045;MRO-10046;MRO-10047,Belt Conveyor,CHN-02,train,12,normal,normal,approved_on_validation,우선 점검 후보
2022-04-16,AST-4055,A2,0,0.0033365693121214,6.68183360071174e-12,7.052328391741243e-15,MRO-60016;MRO-20031;MRO-80001,MRO-20031;MRO-80001;MRO-10046,Screw Compressor,DHR-03,train,12,normal,normal,approved_on_validation,우선 점검 후보
2022-04-16,AST-4061,A2,0,0.0033219692621342,6.9445838518618895e-12,7.218120867098217e-15,MRO-60015;MRO-10045;MRO-20031,MRO-10045;MRO-20031;MRO-10046,Screw Compressor,DHR-03,train,12,normal,normal,approved_on_validation,우선 점검 후보
2022-04-16,AST-5003,A2,0,0.0031937937015141,6.138975246681432e-12,6.1730825964993296e-15,MRO-10045;MRO-10047;MRO-20031,MRO-10045;MRO-10047;MRO-20031,EOT Crane,DHR-03,train,12,normal,normal,approved_on_validation,우선 점검 후보
2022-04-16,AST-5007,A2,0,0.0033093365121316,6.575684100238784e-12,6.895836504375487e-15,MRO-30011;MRO-80002;MRO-90011,MRO-10045;MRO-10046;MRO-10047,EOT Crane,PUN-01,train,12,normal,normal,approved_on_validation,우선 점검 후보
2022-04-17,AST-1041,A2,0,0.0032325289163118,6.574241504144058e-12,6.6283449083544825e-15,MRO-10045;MRO-10046;MRO-10047,MRO-10045;MRO-10046;MRO-10047,CNC Lathe,PUN-01,train,12,normal,normal,approved_on_validation,우선 점검 후보
2022-04-17,AST-1042,A2,0,0.0032561167609148,6.574260439226634e-12,6.780157346906853e-15,MRO-90011;MRO-10045;MRO-10046,MRO-10045;MRO-10046;MRO-10047,CNC Lathe,PUN-01,train,12,normal,normal,approved_on_validation,우선 점검 후보
2022-04-17,AST-2017,A2,0,0.0032023211997624,6.208666784236603e-12,6.253657209101266e-15,MRO-10045;MRO-10047;MRO-20031,MRO-10045;MRO-10047;MRO-20031,Hydraulic Press,PUN-01,train,12,normal,normal,approved_on_validation,우선 점검 후보
2022-04-17,AST-2031,A2,0,0.0034395430925049,9.122348934333276e-12,9.283391743620188e-15,MRO-10045;MRO-20031;MRO-30012,MRO-10045;MRO-20031;MRO-10046,Hydraulic Press,CHN-02,train,12,normal,normal,approved_on_validation,우선 점검 후보
2022-04-17,AST-3008,A2,0,0.0032034538063008,6.481709156408486e-12,6.428459164791462e-15,MRO-10045;MRO-10046;MRO-50009,MRO-10045;MRO-10046;MRO-50009,Belt Conveyor,CHN-02,train,12,normal,normal,approved_on_validation,우선 점검 후보
2022-04-17,AST-3019,A2,0,0.003215379325245,6.533106900825682e-12,6.543262866329909e-15,MRO-10045;MRO-10046;MRO-10047,MRO-10045;MRO-10046;MRO-10047,Belt Conveyor,CHN-02,train,12,normal,normal,approved_on_validation,우선 점검 후보
2022-04-17,AST-4055,A2,0,0.0032468344817756,6.640740082607918e-12,6.733673549853114e-15,MRO-10046;MRO-10047;MRO-20031,MRO-10046;MRO-10047;MRO-20031,Screw Compressor,DHR-03,train,12,normal,normal,approved_on_validation,우선 점검 후보
2022-04-17,AST-4061,A2,0,0.0032454678326085,6.628860169488084e-12,6.720388395377702e-15,MRO-10046;MRO-10047;MRO-50009,MRO-10046;MRO-10047;MRO-50009,Screw Compressor,DHR-03,train,12,normal,normal,approved_on_validation,우선 점검 후보
2022-04-17,AST-5003,A2,0,0.0031952233340886,6.146341678833808e-12,6.182858454052192e-15,MRO-10045;MRO-10047;MRO-20031,MRO-10045;MRO-10047;MRO-20031,EOT Crane,DHR-03,train,12,normal,normal,approved_on_validation,우선 점검 후보
2022-04-17,AST-5007,A2,0,0.0032199318466643,6.573925091169588e-12,6.598635144222586e-15,MRO-10045;MRO-10046;MRO-10047,MRO-10045;MRO-10046;MRO-10047,EOT Crane,PUN-01,train,12,normal,normal,approved_on_validation,우선 점검 후보
2022-04-18,AST-1041,A2,7,5.826625921066046,0.0868557035401117,0.0576073483689605,MRO-70004;MRO-20031;MRO-10046,MRO-20031;MRO-10046;MRO-10047,CNC Lathe,PUN-01,train,12,risk,caution,approved_on_validation,우선 점검 후보
2022-04-18,AST-1042,A2,6,6.261131839013375,0.1167704005204894,0.0735015088357146,MRO-80001;MRO-10045;MRO-10046,MRO-80001;MRO-10045;MRO-10046,CNC Lathe,PUN-01,train,12,risk,risk,approved_on_validation,우선 점검 후보
2022-04-18,AST-2017,A2,8,8.156425549230557,0.2317304798076821,0.1664088931458668,MRO-80001;MRO-10046;MRO-10047,MRO-80001;MRO-10046;MRO-10047,Hydraulic Press,PUN-01,train,12,risk,risk,approved_on_validation,우선 점검 후보
2022-04-18,AST-2031,A2,9,7.215666913675152,0.168844110657843,0.1154276968493637,MRO-10046;MRO-10045;MRO-20031,MRO-10046;MRO-10045;MRO-20031,Hydraulic Press,CHN-02,train,12,risk,risk,approved_on_validation,우선 점검 후보
2022-04-18,AST-3008,A2,6,6.371336182263499,0.1213641436966863,0.0783724762578764,MRO-10047;MRO-20031;MRO-50009,MRO-10047;MRO-20031;MRO-50009,Belt Conveyor,CHN-02,train,12,risk,risk,approved_on_validation,우선 점검 후보
2022-04-18,AST-3019,A2,15,5.689688135757219,0.0862510893308927,0.0533840897675895,MRO-80001;MRO-60016;MRO-10046,MRO-80001;MRO-10046;MRO-50009,Belt Conveyor,CHN-02,train,12,high_risk,caution,approved_on_validation,우선 점검 후보
2022-04-18,AST-4055,A2,11,8.18532704743566,0.2333104078295925,0.1672453158844412,MRO-10046;MRO-10047;MRO-10045,MRO-10046;MRO-10047;MRO-10045,Screw Compressor,DHR-03,train,12,risk,risk,approved_on_validation,우선 점검 후보
2022-04-18,AST-4061,A2,8,6.405592398158935,0.122706277399984,0.0797268370575075,MRO-10046;MRO-10045;MRO-10047,MRO-10046;MRO-10045;MRO-10047,Screw Compressor,DHR-03,train,12,risk,risk,approved_on_validation,우선 점검 후보
2022-04-18,AST-5003,A2,7,7.4921468298084335,0.1858345189540562,0.1278037407368462,MRO-10045;MRO-10047;MRO-20031,MRO-10045;MRO-10047;MRO-20031,EOT Crane,DHR-03,train,12,risk,risk,approved_on_validation,우선 점검 후보
2022-04-18,AST-5007,A2,1,5.433024960423274,0.07473307467745,0.0451688101899061,MRO-80002;MRO-10045;MRO-10047,MRO-10045;MRO-10047;MRO-50009,EOT Crane,PUN-01,train,12,caution,caution,approved_on_validation,우선 점검 후보
2022-04-19,AST-1041,A2,4,6.178894790663542,0.1104402446717626,0.0702897543785893,MRO-10046;MRO-10047;MRO-80001,MRO-10046;MRO-10047;MRO-80001,CNC Lathe,PUN-01,train,12,caution,risk,approved_on_validation,우선 점검 후보
2022-04-19,AST-1042,A2,10,5.787272702070528,0.090627656507761,0.0557522580284907,MRO-40022;MRO-80001;MRO-10045,MRO-80001;MRO-10045;MRO-20031,CNC Lathe,PUN-01,train,12,risk,caution,approved_on_validation,우선 점검 후보
2022-04-19,AST-2017,A2,8,9.228371978915636,0.3109980037957841,0.2336697628172816,MRO-10045;MRO-10047;MRO-20031,MRO-10045;MRO-10047;MRO-20031,Hydraulic Press,PUN-01,train,12,risk,risk,approved_on_validation,우선 점검 후보
2022-04-19,AST-2031,A2,9,7.488134063631085,0.1853344727555712,0.1286298438264894,MRO-80001;MRO-30011;MRO-10045,MRO-80001;MRO-10045;MRO-20031,Hydraulic Press,CHN-02,train,12,risk,risk,approved_on_validation,우선 점검 후보
2022-04-19,AST-3008,A2,7,6.019750914145729,0.1018687075689636,0.0646786772735239,MRO-10047;MRO-20031;MRO-50009,MRO-10047;MRO-20031;MRO-50009,Belt Conveyor,CHN-02,train,12,risk,risk,approved_on_validation,우선 점검 후보
2022-04-19,AST-3019,A2,9,5.678496187703214,0.0863044336516752,0.0528169445600194,MRO-60016;MRO-10046;MRO-10047,MRO-10046;MRO-10047;MRO-10045,Belt Conveyor,CHN-02,train,12,risk,caution,approved_on_validation,우선 점검 후보
2022-04-19,AST-4055,A2,11,7.423699328725424,0.1845178675773023,0.1261408969809908,MRO-10045;MRO-10047;MRO-80001,MRO-10045;MRO-10047;MRO-80001,Screw Compressor,DHR-03,train,12,risk,risk,approved_on_validation,우선 점검 후보
2022-04-19,AST-4061,A2,4,6.311830719991633,0.1166109534837106,0.0758659104985333,MRO-10046;MRO-10047;MRO-10045,MRO-10046;MRO-10047;MRO-10045,Screw Compressor,DHR-03,train,12,caution,risk,approved_on_validation,우선 점검 후보
2022-04-19,AST-5003,A2,6,7.137094764720534,0.1641742319440661,0.1095903653789912,MRO-80002;MRO-80001;MRO-50009,MRO-80001;MRO-50009;MRO-10047,EOT Crane,DHR-03,train,12,risk,risk,approved_on_validation,우선 점검 후보
2022-04-19,AST-5007,A2,12,9.115108241377738,0.2972595613253427,0.2256567917648485,MRO-10046;MRO-20033;MRO-50009,MRO-10046;MRO-50009;MRO-10047,EOT Crane,PUN-01,train,12,high_risk,risk,approved_on_validation,우선 점검 후보
2022-04-20,AST-1041,A2,4,6.131038392436021,0.1071294221568703,0.0691401194942257,MRO-20031;MRO-10046;MRO-10047,MRO-20031;MRO-10046;MRO-10047,CNC Lathe,PUN-01,train,12,caution,risk,approved_on_validation,우선 점검 후보
2022-04-20,AST-1042,A2,5,5.866740664790044,0.0944651632075916,0.0581024980888513,MRO-40022;MRO-60016;MRO-10045,MRO-10045;MRO-10046;MRO-80001,CNC Lathe,PUN-01,train,12,caution,risk,approved_on_validation,우선 점검 후보
2022-04-20,AST-2017,A2,3,8.811891593959182,0.2792966464729448,0.2060231402531723,MRO-10045;MRO-80001;MRO-10047,MRO-10045;MRO-80001;MRO-10047,Hydraulic Press,PUN-01,train,12,caution,risk,approved_on_validation,우선 점검 후보
2022-04-20,AST-2031,A2,13,8.44431897027232,0.2535475756226836,0.1841685305738182,MRO-10047;MRO-50009;MRO-10046,MRO-10047;MRO-50009;MRO-10046,Hydraulic Press,CHN-02,train,12,high_risk,risk,approved_on_validation,우선 점검 후보
2022-04-20,AST-3008,A2,5,6.133300027176452,0.1069686898536571,0.0684471095651045,MRO-10047;MRO-50009;MRO-20031,MRO-10047;MRO-50009;MRO-20031,Belt Conveyor,CHN-02,train,12,caution,risk,approved_on_validation,우선 점검 후보
2022-04-20,AST-3019,A2,11,5.398835087182641,0.0758855845547087,0.0452524273473677,MRO-60016;MRO-20031;MRO-80001,MRO-20031;MRO-80001;MRO-10046,Belt Conveyor,CHN-02,train,12,risk,caution,approved_on_validation,우선 점검 후보
2022-04-20,AST-4055,A2,6,8.186467372726222,0.235318403690122,0.1672075253954934,MRO-20031;MRO-10046;MRO-80001,MRO-20031;MRO-10046;MRO-80001,Screw Compressor,DHR-03,train,12,risk,risk,approved_on_validation,우선 점검 후보
2022-04-20,AST-4061,A2,10,6.8517869144515995,0.1472531664931787,0.0989998544730769,MRO-10046;MRO-10047;MRO-20031,MRO-10046;MRO-10047;MRO-20031,Screw Compressor,DHR-03,train,12,risk,risk,approved_on_validation,우선 점검 후보
2022-04-20,AST-5003,A2,10,8.660136081350352,0.2638540026808012,0.1940091515076754,MRO-30011;MRO-30012;MRO-50009,MRO-50009;MRO-10047;MRO-20031,EOT Crane,DHR-03,train,12,risk,risk,approved_on_validation,우선 점검 후보
2022-04-20,AST-5007,A2,4,5.746044210883496,0.0870364119571817,0.0545346298728032,MRO-80002;MRO-10045;MRO-50009,MRO-10045;MRO-50009;MRO-10046,EOT Crane,PUN-01,train,12,caution,caution,approved_on_validation,우선 점검 후보
2022-04-21,AST-1041,A2,8,6.137185148360469,0.1088580955145305,0.0691692739205507,MRO-20031;MRO-10046;MRO-10047,MRO-20031;MRO-10046;MRO-10047,CNC Lathe,PUN-01,train,12,risk,risk,approved_on_validation,우선 점검 후보
2022-04-21,AST-1042,A2,9,5.880783149443428,0.0929107781884034,0.0593017945934276,MRO-90011;MRO-40022;MRO-10045,MRO-10045;MRO-10046;MRO-80001,CNC Lathe,PUN-01,train,12,risk,caution,approved_on_validation,우선 점검 후보
2022-04-21,AST-2017,A2,8,7.835541692724252,0.205266577521514,0.1456178436849919,MRO-10047;MRO-40022;MRO-50008,MRO-10047;MRO-10045;MRO-20031,Hydraulic Press,PUN-01,train,12,risk,risk,approved_on_validation,우선 점검 후보
2022-04-21,AST-2031,A2,11,7.79406458181169,0.206003784125481,0.1464364996291874,MRO-10047;MRO-20031;MRO-50009,MRO-10047;MRO-20031;MRO-50009,Hydraulic Press,CHN-02,train,12,risk,risk,approved_on_validation,우선 점검 후보
2022-04-21,AST-3008,A2,7,6.43013214455039,0.1220550134348226,0.0803773627537119,MRO-50009;MRO-10046;MRO-80001,MRO-50009;MRO-10046;MRO-80001,Belt Conveyor,CHN-02,train,12,risk,risk,approved_on_validation,우선 점검 후보
2022-04-21,AST-3019,A2,1,5.574560362393879,0.0842059314087839,0.0507999508991557,MRO-20031;MRO-50009;MRO-10046,MRO-20031;MRO-50009;MRO-10046,Belt Conveyor,CHN-02,train,12,caution,caution,approved_on_validation,우선 점검 후보
2022-04-21,AST-4055,A2,4,7.745551848773215,0.2042947723044849,0.1428534776158994,MRO-10046;MRO-10045;MRO-80001,MRO-10046;MRO-10045;MRO-80001,Screw Compressor,DHR-03,train,12,caution,risk,approved_on_validation,우선 점검 후보
2022-04-21,AST-4061,A2,9,6.9757573149876215,0.1553793529110198,0.1031807301318263,MRO-10046;MRO-10047;MRO-20031,MRO-10046;MRO-10047;MRO-20031,Screw Compressor,DHR-03,train,12,risk,risk,approved_on_validation,우선 점검 후보
2022-04-21,AST-5003,A2,2,7.615966678141922,0.1935931272816389,0.1339060549707857,MRO-50009;MRO-20031;MRO-40022,MRO-50009;MRO-20031;MRO-10047,EOT Crane,DHR-03,train,12,caution,risk,approved_on_validation,우선 점검 후보
2022-04-21,AST-5007,A2,8,6.8844930840004395,0.1416091856840009,0.095268664923497,MRO-80001;MRO-20033;MRO-80002,MRO-80001;MRO-10047;MRO-50009,EOT Crane,PUN-01,train,12,risk,risk,approved_on_validation,우선 점검 후보
2022-04-22,AST-1041,A2,10,6.1608059519415574,0.1116310479420678,0.070173510748404,MRO-10046;MRO-20031;MRO-80001,MRO-10046;MRO-20031;MRO-80001,CNC Lathe,PUN-01,train,12,risk,risk,approved_on_validation,우선 점검 후보
2022-04-22,AST-1042,A2,0,5.682875001316061,0.0877472797670987,0.0530671547760769,MRO-10045;MRO-10046;MRO-20031,MRO-10045;MRO-10046;MRO-20031,CNC Lathe,PUN-01,train,12,normal,caution,approved_on_validation,우선 점검 후보
2022-04-22,AST-2017,A2,2,8.54313565523328,0.2606718892700462,0.1894202430052469,MRO-50009;MRO-80001;MRO-10045,MRO-50009;MRO-80001;MRO-10045,Hydraulic Press,PUN-01,train,12,caution,risk,approved_on_validation,우선 점검 후보
2022-04-22,AST-2031,A2,6,7.575850028280566,0.1906459102154726,0.1325646016470114,MRO-60015;MRO-10046;MRO-80001,MRO-10046;MRO-80001;MRO-10047,Hydraulic Press,CHN-02,train,12,risk,risk,approved_on_validation,우선 점검 후보
2022-04-22,AST-3008,A2,20,6.670681878059392,0.1392488772608884,0.091046895233289,MRO-80001;MRO-50009;MRO-10047,MRO-80001;MRO-50009;MRO-10047,Belt Conveyor,CHN-02,train,12,high_risk,risk,approved_on_validation,우선 점검 후보
2022-04-22,AST-3019,A2,10,5.3792388747257895,0.0769798258611114,0.0448309429104445,MRO-80001;MRO-20031;MRO-50009,MRO-80001;MRO-20031;MRO-50009,Belt Conveyor,CHN-02,train,12,risk,caution,approved_on_validation,우선 점검 후보
2022-04-22,AST-4055,A2,6,8.043974599079231,0.2256114365292751,0.1593467559565772,MRO-10046;MRO-10047;MRO-80001,MRO-10046;MRO-10047;MRO-80001,Screw Compressor,DHR-03,train,12,risk,risk,approved_on_validation,우선 점검 후보
2022-04-22,AST-4061,A2,4,6.715851463410631,0.1387074486190561,0.0914577338616036,MRO-10046;MRO-50009;MRO-10047,MRO-10046;MRO-50009;MRO-10047,Screw Compressor,DHR-03,train,12,caution,risk,approved_on_validation,우선 점검 후보
2022-04-22,AST-5003,A2,13,7.253631753127938,0.1726943882432268,0.1148669048798291,MRO-40021;MRO-20031;MRO-50009,MRO-20031;MRO-50009;MRO-10045,EOT Crane,DHR-03,train,12,high_risk,risk,approved_on_validation,우선 점검 후보
2022-04-22,AST-5007,A2,9,5.978314312523811,0.0995863853729908,0.0624470599858149,MRO-40022;MRO-10046;MRO-20031,MRO-10046;MRO-20031;MRO-10045,EOT Crane,PUN-01,train,12,risk,risk,approved_on_validation,우선 점검 후보
2022-04-23,AST-1041,A2,0,0.0032554869077876,6.528396698019147e-12,6.7545583389540416e-15,MRO-70004;MRO-90012;MRO-90011,MRO-20031;MRO-10045;MRO-10047,CNC Lathe,PUN-01,train,12,normal,normal,approved_on_validation,우선 점검 후보
2022-04-23,AST-1042,A2,0,0.0029458658754213,4.849545309196313e-12,4.537855760661426e-15,MRO-70005;MRO-90012;MRO-10045,MRO-10045;MRO-10047;MRO-20031,CNC Lathe,PUN-01,train,12,normal,normal,approved_on_validation,우선 점검 후보
2022-04-23,AST-2017,A2,0,0.0032640584905888,6.536552019016602e-12,6.718412575374641e-15,MRO-40021;MRO-40022;MRO-50008,MRO-10045;MRO-10046;MRO-10047,Hydraulic Press,PUN-01,train,12,normal,normal,approved_on_validation,우선 점검 후보
2022-04-23,AST-2031,A2,0,0.003346199156353,6.915608371439678e-12,7.369650849643865e-15,MRO-30012;MRO-90012;MRO-10047,MRO-10047;MRO-10045;MRO-10046,Hydraulic Press,CHN-02,train,12,normal,normal,approved_on_validation,우선 점검 후보
2022-04-23,AST-3008,A2,0,0.0032233943137564,6.545038262621511e-12,6.563428828355625e-15,MRO-10045;MRO-20031;MRO-20033,MRO-10045;MRO-20031;MRO-10046,Belt Conveyor,CHN-02,train,12,normal,normal,approved_on_validation,우선 점검 후보
2022-04-23,AST-3019,A2,0,0.0032033298561487,6.536947066344347e-12,6.500396000682353e-15,MRO-70005;MRO-20031;MRO-50009,MRO-20031;MRO-50009;MRO-10045,Belt Conveyor,CHN-02,train,12,normal,normal,approved_on_validation,우선 점검 후보
2022-04-23,AST-4055,A2,0,0.0032333578267764,6.536315812693531e-12,6.609960825234542e-15,MRO-10046;MRO-10047;MRO-20031,MRO-10046;MRO-10047;MRO-20031,Screw Compressor,DHR-03,train,12,normal,normal,approved_on_validation,우선 점검 후보
2022-04-23,AST-4061,A2,0,0.0032451170149476,6.646266211001125e-12,6.738580218725092e-15,MRO-10045;MRO-10047;MRO-20031,MRO-10045;MRO-10047;MRO-20031,Screw Compressor,DHR-03,train,12,normal,normal,approved_on_validation,우선 점검 후보
2022-04-23,AST-5003,A2,0,0.0032300438592072,6.3276633073677955e-12,6.396568099926091e-15,MRO-80002;MRO-10046;MRO-20032,MRO-10046;MRO-10047;MRO-20031,EOT Crane,DHR-03,train,12,normal,normal,approved_on_validation,우선 점검 후보
2022-04-23,AST-5007,A2,0,0.0033739685731348,6.717569450455473e-12,7.305021570416887e-15,MRO-80002;MRO-70004;MRO-30011,MRO-10046;MRO-10045;MRO-10047,EOT Crane,PUN-01,train,12,normal,normal,approved_on_validation,우선 점검 후보
2022-04-24,AST-1041,A2,0,0.0034230945724724,9.77033069256793e-12,9.681764806917432e-15,MRO-20031;MRO-10046;MRO-70004,MRO-20031;MRO-10046;MRO-10045,CNC Lathe,PUN-01,train,12,normal,normal,approved_on_validation,우선 점검 후보
2022-04-24,AST-1042,A2,0,0.0032297798451544,6.574260271510551e-12,6.607149920763123e-15,MRO-10045;MRO-10046;MRO-10047,MRO-10045;MRO-10046;MRO-10047,CNC Lathe,PUN-01,train,12,normal,normal,approved_on_validation,우선 점검 후보
2022-04-24,AST-2017,A2,0,0.003204526128869,6.1572465023593055e-12,6.2068710708670745e-15,MRO-50009;MRO-30011;MRO-30012,MRO-50009;MRO-10045;MRO-10046,Hydraulic Press,PUN-01,train,12,normal,normal,approved_on_validation,우선 점검 후보
2022-04-24,AST-2031,A2,0,0.0034193193950811,8.022474281971321e-12,8.456351633756914e-15,MRO-30012;MRO-10047;MRO-90012,MRO-10047;MRO-80001;MRO-10045,Hydraulic Press,CHN-02,train,12,normal,normal,approved_on_validation,우선 점검 후보
2022-04-24,AST-3008,A2,0,0.0032079949678561,6.454084442480242e-12,6.440532498615329e-15,MRO-10045;MRO-20031;MRO-20033,MRO-10045;MRO-20031;MRO-10046,Belt Conveyor,CHN-02,train,12,normal,normal,approved_on_validation,우선 점검 후보
2022-04-24,AST-3019,A2,0,0.0032000664404363,6.474222611922376e-12,6.437102309068058e-15,MRO-10045;MRO-10046;MRO-10047,MRO-10045;MRO-10046;MRO-10047,Belt Conveyor,CHN-02,train,12,normal,normal,approved_on_validation,우선 점검 후보
2022-04-24,AST-4055,A2,0,0.0032469878288158,6.647780160190729e-12,6.739031083287277e-15,MRO-10046;MRO-10047;MRO-20031,MRO-10046;MRO-10047;MRO-20031,Screw Compressor,DHR-03,train,12,normal,normal,approved_on_validation,우선 점검 후보
2022-04-24,AST-4061,A2,0,0.0032358925956468,6.5742372629435474e-12,6.651154601162171e-15,MRO-10045;MRO-10046;MRO-10047,MRO-10045;MRO-10046;MRO-10047,Screw Compressor,DHR-03,train,12,normal,normal,approved_on_validation,우선 점검 후보
2022-04-24,AST-5003,A2,0,0.0032350005029065,6.250274979072431e-12,6.393935179138358e-15,MRO-80002;MRO-20032;MRO-10047,MRO-10047;MRO-20031;MRO-50009,EOT Crane,DHR-03,train,12,normal,normal,approved_on_validation,우선 점검 후보
2022-04-24,AST-5007,A2,0,0.003278148749104,6.5613352864989815e-12,6.779026283212697e-15,MRO-80002;MRO-10045;MRO-10047,MRO-10045;MRO-10047;MRO-50009,EOT Crane,PUN-01,train,12,normal,normal,approved_on_validation,우선 점검 후보
2022-04-25,AST-1041,A2,4,6.195314937621076,0.1121247491499003,0.0711457487793251,MRO-10047;MRO-80001;MRO-10046,MRO-10047;MRO-80001;MRO-10046,CNC Lathe,PUN-01,train,12,caution,risk,approved_on_validation,우선 점검 후보
2022-04-25,AST-1042,A2,6,5.990427490126561,0.1006148783520175,0.0635346198599776,MRO-10047;MRO-10046;MRO-10045,MRO-10047;MRO-10046;MRO-10045,CNC Lathe,PUN-01,train,12,risk,risk,approved_on_validation,우선 점검 후보
2022-04-25,AST-2017,A2,5,7.926613206623815,0.2149905581731425,0.1518591620431384,MRO-10045;MRO-10046;MRO-10047,MRO-10045;MRO-10046;MRO-10047,Hydraulic Press,PUN-01,train,12,caution,risk,approved_on_validation,우선 점검 후보
2022-04-25,AST-2031,A2,4,7.398630341804508,0.1811335537876519,0.1236582273536758,MRO-30012;MRO-80001;MRO-20031,MRO-80001;MRO-20031;MRO-50009,Hydraulic Press,CHN-02,train,12,caution,risk,approved_on_validation,우선 점검 후보
2022-04-25,AST-3008,A2,2,6.414439978012314,0.121685180169299,0.0799461572661579,MRO-80001;MRO-10046;MRO-50009,MRO-80001;MRO-10046;MRO-50009,Belt Conveyor,CHN-02,train,12,caution,risk,approved_on_validation,우선 점검 후보
2022-04-25,AST-3019,A2,1,5.889755058369201,0.0959562052424323,0.0601298613072429,MRO-20031;MRO-50009;MRO-10046,MRO-20031;MRO-50009;MRO-10046,Belt Conveyor,CHN-02,train,12,caution,risk,approved_on_validation,우선 점검 후보
2022-04-25,AST-4055,A2,14,7.75302289998772,0.2036659752076103,0.1433744221934048,MRO-10045;MRO-80001;MRO-10047,MRO-10045;MRO-80001;MRO-10047,Screw Compressor,DHR-03,train,12,high_risk,risk,approved_on_validation,우선 점검 후보
2022-04-25,AST-4061,A2,7,6.501302997662089,0.1279863214941234,0.0837121677687124,MRO-10046;MRO-50009;MRO-10047,MRO-10046;MRO-50009;MRO-10047,Screw Compressor,DHR-03,train,12,risk,risk,approved_on_validation,우선 점검 후보
2022-04-25,AST-5003,A2,3,7.8968982946797315,0.2098906031291709,0.1496649651072799,MRO-10045;MRO-20031;MRO-40021,MRO-10045;MRO-20031;MRO-50009,EOT Crane,DHR-03,train,12,caution,risk,approved_on_validation,우선 점검 후보
2022-04-25,AST-5007,A2,0,5.556892543721118,0.0811830277235957,0.0491036232932625,MRO-10046;MRO-10047;MRO-10045,MRO-10046;MRO-10047;MRO-10045,EOT Crane,PUN-01,train,12,normal,caution,approved_on_validation,우선 점검 후보
2022-04-26,AST-1041,A2,2,5.928334279773906,0.0920028489649125,0.0601838368102844,MRO-70004;MRO-40022;MRO-10046,MRO-10046;MRO-80001;MRO-20031,CNC Lathe,PUN-01,train,12,caution,caution,approved_on_validation,우선 점검 후보
2022-04-26,AST-1042,A2,5,5.945656027720003,0.0975726461505291,0.0620348709373338,MRO-10045;MRO-10046;MRO-70004,MRO-10045;MRO-10046;MRO-80001,CNC Lathe,PUN-01,train,12,caution,risk,approved_on_validation,우선 점검 후보
2022-04-26,AST-2017,A2,0,7.541937004188104,0.191031984370271,0.1316932413035219,MRO-10047;MRO-10045;MRO-10046,MRO-10047;MRO-10045;MRO-10046,Hydraulic Press,PUN-01,train,12,normal,risk,approved_on_validation,우선 점검 후보
2022-04-26,AST-2031,A2,0,6.8491847527427465,0.14742481934082,0.0984783676434109,MRO-80001;MRO-20031;MRO-50009,MRO-80001;MRO-20031;MRO-50009,Hydraulic Press,CHN-02,train,12,normal,risk,approved_on_validation,우선 점검 후보
2022-04-26,AST-3008,A2,7,6.536026666913391,0.1247596778540043,0.0854102156809728,MRO-70004;MRO-10047;MRO-10045,MRO-10047;MRO-10045;MRO-50009,Belt Conveyor,CHN-02,train,12,risk,risk,approved_on_validation,우선 점검 후보
2022-04-26,AST-3019,A2,4,5.102571799535732,0.0638547861420595,0.0373208790703647,MRO-20031;MRO-50009;MRO-80001,MRO-20031;MRO-50009;MRO-80001,Belt Conveyor,CHN-02,train,12,caution,caution,approved_on_validation,우선 점검 후보
2022-04-26,AST-4055,A2,14,7.930441504115453,0.21421938164807,0.15364741387602,MRO-10046;MRO-10047;MRO-10045,MRO-10046;MRO-10047;MRO-10045,Screw Compressor,DHR-03,train,12,high_risk,risk,approved_on_validation,우선 점검 후보
2022-04-26,AST-4061,A2,10,6.400758216942896,0.1229763232038253,0.0798528575610995,MRO-10047;MRO-10046;MRO-50009,MRO-10047;MRO-10046;MRO-50009,Screw Compressor,DHR-03,train,12,risk,risk,approved_on_validation,우선 점검 후보
2022-04-26,AST-5003,A2,7,7.2019488319013645,0.1636802192870138,0.1122360433527679,MRO-10045;MRO-60015;MRO-40021,MRO-10045;MRO-20031;MRO-10047,EOT Crane,DHR-03,train,12,risk,risk,approved_on_validation,우선 점검 후보
2022-04-26,AST-5007,A2,10,5.291879040521658,0.0677865076344053,0.0404652563714757,MRO-80002;MRO-10046;MRO-10047,MRO-10046;MRO-10047;MRO-50009,EOT Crane,PUN-01,train,12,risk,caution,approved_on_validation,우선 점검 후보
2022-04-27,AST-1041,A2,2,5.923354965776218,0.0978865987041923,0.0614986748969234,MRO-80001;MRO-10047;MRO-10045,MRO-80001;MRO-10047;MRO-10045,CNC Lathe,PUN-01,train,12,caution,risk,approved_on_validation,우선 점검 후보
2022-04-27,AST-1042,A2,5,5.937172349956916,0.0988249555278999,0.0614446741138044,MRO-10047;MRO-10046;MRO-10045,MRO-10047;MRO-10046;MRO-10045,CNC Lathe,PUN-01,train,12,caution,risk,approved_on_validation,우선 점검 후보
2022-04-27,AST-2017,A2,8,8.119004399004247,0.2279153440426111,0.163598922605108,MRO-10047;MRO-10045;MRO-50009,MRO-10047;MRO-10045;MRO-50009,Hydraulic Press,PUN-01,train,12,risk,risk,approved_on_validation,우선 점검 후보
2022-04-27,AST-2031,A2,22,9.096762404624489,0.2941268147582627,0.2262109115413078,MRO-60015;MRO-80001;MRO-20031,MRO-80001;MRO-20031;MRO-50009,Hydraulic Press,CHN-02,train,12,high_risk,risk,approved_on_validation,우선 점검 후보
2022-04-27,AST-3008,A2,4,6.606620110560034,0.1331323903154095,0.0881823983358734,MRO-10047;MRO-80001;MRO-10046,MRO-10047;MRO-80001;MRO-10046,Belt Conveyor,CHN-02,train,12,caution,risk,approved_on_validation,우선 점검 후보
2022-04-27,AST-3019,A2,8,5.337851299714069,0.0736498885966375,0.0434553079933362,MRO-20031;MRO-50009;MRO-80001,MRO-20031;MRO-50009;MRO-80001,Belt Conveyor,CHN-02,train,12,risk,caution,approved_on_validation,우선 점검 후보
2022-04-27,AST-4055,A2,9,7.248528790992511,0.1713437590611421,0.1175269573630895,MRO-10046;MRO-80001;MRO-20031,MRO-10046;MRO-80001;MRO-20031,Screw Compressor,DHR-03,train,12,risk,risk,approved_on_validation,우선 점검 후보
2022-04-27,AST-4061,A2,4,6.643482892357848,0.1361213529907807,0.0895481841524112,MRO-10047;MRO-80001;MRO-50009,MRO-10047;MRO-80001;MRO-50009,Screw Compressor,DHR-03,train,12,caution,risk,approved_on_validation,우선 점검 후보
2022-04-27,AST-5003,A2,4,6.573775560830815,0.1303631123404668,0.08426747249041,MRO-10046;MRO-10045;MRO-10047,MRO-10046;MRO-10045;MRO-10047,EOT Crane,DHR-03,train,12,caution,risk,approved_on_validation,우선 점검 후보
2022-04-27,AST-5007,A2,4,5.374876098571464,0.0730735464462533,0.0442862448124997,MRO-10046;MRO-10045;MRO-50009,MRO-10046;MRO-10045;MRO-50009,EOT Crane,PUN-01,train,12,caution,caution,approved_on_validation,우선 점검 후보
2022-04-28,AST-1041,A2,6,6.002958644524951,0.1021922073206431,0.0643739532926294,MRO-80001;MRO-10046;MRO-20031,MRO-80001;MRO-10046;MRO-20031,CNC Lathe,PUN-01,train,12,risk,risk,approved_on_validation,우선 점검 후보
2022-04-28,AST-1042,A2,6,5.832620161441715,0.0942638156717471,0.0579027976430794,MRO-20031;MRO-10046;MRO-10045,MRO-20031;MRO-10046;MRO-10045,CNC Lathe,PUN-01,train,12,risk,risk,approved_on_validation,우선 점검 후보
2022-04-28,AST-2017,A2,4,8.612119344789143,0.2644549970173913,0.1938525777984188,MRO-10046;MRO-10047;MRO-20031,MRO-10046;MRO-10047;MRO-20031,Hydraulic Press,PUN-01,train,12,caution,risk,approved_on_validation,우선 점검 후보
2022-04-28,AST-2031,A2,5,7.042198255442254,0.1585503931448916,0.1072217625188748,MRO-10045;MRO-20031;MRO-50009,MRO-10045;MRO-20031;MRO-50009,Hydraulic Press,CHN-02,train,12,caution,risk,approved_on_validation,우선 점검 후보
2022-04-28,AST-3008,A2,2,5.993529192473493,0.100512611634865,0.0637595332712425,MRO-10047;MRO-80001;MRO-10046,MRO-10047;MRO-80001;MRO-10046,Belt Conveyor,CHN-02,train,12,caution,risk,approved_on_validation,우선 점검 후보
2022-04-28,AST-3019,A2,0,5.194256525000441,0.0678464894186619,0.039730641826689,MRO-10046;MRO-20031;MRO-50009,MRO-10046;MRO-20031;MRO-50009,Belt Conveyor,CHN-02,train,12,normal,caution,approved_on_validation,우선 점검 후보
2022-04-28,AST-4055,A2,6,7.522483425641322,0.1890836032517405,0.1305835783790455,MRO-10046;MRO-10047;MRO-10045,MRO-10046;MRO-10047;MRO-10045,Screw Compressor,DHR-03,train,12,risk,risk,approved_on_validation,우선 점검 후보
2022-04-28,AST-4061,A2,6,6.3464463105460895,0.11911065298281,0.0770241232859498,MRO-10046;MRO-10047;MRO-50009,MRO-10046;MRO-10047;MRO-50009,Screw Compressor,DHR-03,train,12,risk,risk,approved_on_validation,우선 점검 후보
2022-04-28,AST-5003,A2,4,7.149168928060253,0.1637759907360736,0.109438099937164,MRO-40022;MRO-50009;MRO-80001,MRO-50009;MRO-80001;MRO-10047,EOT Crane,DHR-03,train,12,caution,risk,approved_on_validation,우선 점검 후보
2022-04-28,AST-5007,A2,14,10.272398397654127,0.3880803716203654,0.3097283787590665,MRO-10047;MRO-80001;MRO-10046,MRO-10047;MRO-80001;MRO-10046,EOT Crane,PUN-01,train,12,high_risk,risk,approved_on_validation,우선 점검 후보
2022-04-29,AST-1041,A2,9,6.409980098057082,0.1184973677650543,0.0793438095158111,MRO-90011;MRO-80001;MRO-10046,MRO-80001;MRO-10046;MRO-20031,CNC Lathe,PUN-01,train,12,risk,risk,approved_on_validation,우선 점검 후보
2022-04-29,AST-1042,A2,10,5.934307452924166,0.0995314245825196,0.0614730239224473,MRO-10045;MRO-20031;MRO-10046,MRO-10045;MRO-20031;MRO-10046,CNC Lathe,PUN-01,train,12,risk,risk,approved_on_validation,우선 점검 후보
2022-04-29,AST-2017,A2,3,7.965823485771255,0.2192265763387161,0.1563658343256585,MRO-10047;MRO-80001;MRO-20031,MRO-10047;MRO-80001;MRO-20031,Hydraulic Press,PUN-01,train,12,caution,risk,approved_on_validation,우선 점검 후보
2022-04-29,AST-2031,A2,2,7.313142299039763,0.1755378131955855,0.1205201315198299,MRO-10045;MRO-80001;MRO-20031,MRO-10045;MRO-80001;MRO-20031,Hydraulic Press,CHN-02,train,12,caution,risk,approved_on_validation,우선 점검 후보
2022-04-29,AST-3008,A2,4,6.2413458746990536,0.1131185817380457,0.0734726507967854,MRO-10047;MRO-80001;MRO-10045,MRO-10047;MRO-80001;MRO-10045,Belt Conveyor,CHN-02,train,12,caution,risk,approved_on_validation,우선 점검 후보
2022-04-29,AST-3019,A2,10,5.371830946677575,0.0746495938634506,0.044475854939957,MRO-10046;MRO-20031;MRO-50009,MRO-10046;MRO-20031;MRO-50009,Belt Conveyor,CHN-02,train,12,risk,caution,approved_on_validation,우선 점검 후보
2022-04-29,AST-4055,A2,14,7.829336310149088,0.2077680594584676,0.148382069282025,MRO-80001;MRO-50009;MRO-10046,MRO-80001;MRO-50009;MRO-10046,Screw Compressor,DHR-03,train,12,high_risk,risk,approved_on_validation,우선 점검 후보
2022-04-29,AST-4061,A2,0,6.2494423450330245,0.114719637053483,0.0730812852548921,MRO-80001;MRO-10047;MRO-50009,MRO-80001;MRO-10047;MRO-50009,Screw Compressor,DHR-03,train,12,normal,risk,approved_on_validation,우선 점검 후보
2022-04-29,AST-5003,A2,0,7.337331223719714,0.1762957718540387,0.120773267903762,MRO-10046;MRO-50009;MRO-20031,MRO-10046;MRO-50009;MRO-20031,EOT Crane,DHR-03,train,12,normal,risk,approved_on_validation,우선 점검 후보
2022-04-29,AST-5007,A2,8,5.746873489747598,0.089728958471979,0.0554498983154983,MRO-10047;MRO-10045;MRO-20031,MRO-10047;MRO-10045;MRO-20031,EOT Crane,PUN-01,train,12,risk,caution,approved_on_validation,우선 점검 후보
2022-04-30,AST-1041,A2,0,0.0032005957436064,6.8979721607633945e-12,6.793609842486247e-15,MRO-20031;MRO-70004;MRO-90011,MRO-20031;MRO-10045;MRO-10047,CNC Lathe,PUN-01,train,12,normal,normal,approved_on_validation,우선 점검 후보
2022-04-30,AST-1042,A2,0,0.0032234823414306,6.5095479899162494e-12,6.5419150126981896e-15,MRO-10047;MRO-20031;MRO-50009,MRO-10047;MRO-20031;MRO-50009,CNC Lathe,PUN-01,train,12,normal,normal,approved_on_validation,우선 점검 후보
2022-04-30,AST-2017,A2,0,0.0032621454763525,6.940615378413813e-12,7.0099635823956855e-15,MRO-10047;MRO-20033;MRO-90012,MRO-10047;MRO-10045;MRO-10046,Hydraulic Press,PUN-01,train,12,normal,normal,approved_on_validation,우선 점검 후보
2022-04-30,AST-2031,A2,0,0.0032660390309883,6.765894972072979e-12,6.963335551092674e-15,MRO-70005;MRO-10045;MRO-70004,MRO-10045;MRO-10047;MRO-80001,Hydraulic Press,CHN-02,train,12,normal,normal,approved_on_validation,우선 점검 후보
2022-04-30,AST-3008,A2,0,0.0032120750393382,6.492030327522735e-12,6.487217196618874e-15,MRO-10046;MRO-10047;MRO-20031,MRO-10046;MRO-10047;MRO-20031,Belt Conveyor,CHN-02,train,12,normal,normal,approved_on_validation,우선 점검 후보
2022-04-30,AST-3019,A2,0,0.0032019453302787,6.5369041152092315e-12,6.49867675466168e-15,MRO-10045;MRO-10047;MRO-10046,MRO-10045;MRO-10047;MRO-10046,Belt Conveyor,CHN-02,train,12,normal,normal,approved_on_validation,우선 점검 후보
2022-04-30,AST-4055,A2,0,0.0032477764933269,6.639668346425682e-12,6.7403761391810906e-15,MRO-50009;MRO-80001;MRO-10045,MRO-50009;MRO-80001;MRO-10045,Screw Compressor,DHR-03,train,12,normal,normal,approved_on_validation,우선 점검 후보
2022-04-30,AST-4061,A2,0,0.0032335099347688,6.597900624633223e-12,6.665862937644315e-15,MRO-10045;MRO-10047;MRO-20031,MRO-10045;MRO-10047;MRO-20031,Screw Compressor,DHR-03,train,12,normal,normal,approved_on_validation,우선 점검 후보
2022-04-30,AST-5003,A2,0,0.0032293779683686,6.6634997955308695e-12,6.628472655967842e-15,MRO-10045;MRO-10046;MRO-10047,MRO-10045;MRO-10046;MRO-10047,EOT Crane,DHR-03,train,12,normal,normal,approved_on_validation,우선 점검 후보
2022-04-30,AST-5007,A2,0,0.0033531854223959,7.41842052601645e-12,7.741740919009392e-15,MRO-50009;MRO-80001;MRO-80002,MRO-50009;MRO-80001;MRO-10046,EOT Crane,PUN-01,train,12,normal,normal,approved_on_validation,우선 점검 후보
2022-05-01,AST-1041,A2,0,0.0031987659438133,6.961043569165718e-12,6.7789372164311185e-15,MRO-20031;MRO-70004;MRO-90012,MRO-20031;MRO-10045;MRO-10047,CNC Lathe,PUN-01,train,12,normal,normal,approved_on_validation,우선 점검 후보
2022-05-01,AST-1042,A2,0,0.0032377022742245,6.560327509423955e-12,6.6534597501349235e-15,MRO-90012;MRO-10045;MRO-10047,MRO-10045;MRO-10047;MRO-20031,CNC Lathe,PUN-01,train,12,normal,normal,approved_on_validation,우선 점검 후보
2022-05-01,AST-2017,A2,0,0.0032211723477379,6.5740296334487616e-12,6.589115713305197e-15,MRO-10045;MRO-10046;MRO-10047,MRO-10045;MRO-10046;MRO-10047,Hydraulic Press,PUN-01,train,12,normal,normal,approved_on_validation,우선 점검 후보
2022-05-01,AST-2031,A2,0,0.003250805192664,6.639989875171381e-12,6.77344795227022e-15,MRO-70005;MRO-80002;MRO-10047,MRO-10047;MRO-10045;MRO-10046,Hydraulic Press,CHN-02,train,12,normal,normal,approved_on_validation,우선 점검 후보
2022-05-01,AST-3008,A2,0,0.0032436164961179,6.608857982005002e-12,6.697499171465873e-15,MRO-30011;MRO-10046;MRO-10047,MRO-10046;MRO-10047;MRO-20031,Belt Conveyor,CHN-02,train,12,normal,normal,approved_on_validation,우선 점검 후보
2022-05-01,AST-3019,A2,0,0.0032210467469102,6.5193714291332215e-12,6.556093625947762e-15,MRO-10046;MRO-20031;MRO-50009,MRO-10046;MRO-20031;MRO-50009,Belt Conveyor,CHN-02,train,12,normal,normal,approved_on_validation,우선 점검 후보
2022-05-01,AST-4055,A2,0,0.0031637849343806,5.655085881402811e-12,5.727961202600782e-15,MRO-10045;MRO-10046;MRO-10047,MRO-10045;MRO-10046;MRO-10047,Screw Compressor,DHR-03,train,12,normal,normal,approved_on_validation,우선 점검 후보
2022-05-01,AST-4061,A2,0,0.0032352831156208,6.612035067211922e-12,6.6823326423476084e-15,MRO-10045;MRO-10047;MRO-20031,MRO-10045;MRO-10047;MRO-20031,Screw Compressor,DHR-03,train,12,normal,normal,approved_on_validation,우선 점검 후보
2022-05-01,AST-5003,A2,0,0.003252213223454,6.663511752154825e-12,6.778541503536741e-15,MRO-10045;MRO-10046;MRO-10047,MRO-10045;MRO-10046;MRO-10047,EOT Crane,DHR-03,train,12,normal,normal,approved_on_validation,우선 점검 후보
2022-05-01,AST-5007,A2,0,0.0032360418551097,6.560333216736859e-12,6.641621355124692e-15,MRO-10045;MRO-20031;MRO-50009,MRO-10045;MRO-20031;MRO-50009,EOT Crane,PUN-01,train,12,normal,normal,approved_on_validation,우선 점검 후보
2022-05-02,AST-1041,A2,9,6.263694969902964,0.115204426391555,0.0735501278406836,MRO-10046;MRO-50009;MRO-20031,MRO-10046;MRO-50009;MRO-20031,CNC Lathe,PUN-01,train,12,risk,risk,approved_on_validation,우선 점검 후보
2022-05-02,AST-1042,A2,0,5.833043760390195,0.0939848360041884,0.0582289573573767,MRO-10045;MRO-80001;MRO-20031,MRO-10045;MRO-80001;MRO-20031,CNC Lathe,PUN-01,train,12,normal,risk,approved_on_validation,우선 점검 후보
2022-05-02,AST-2017,A2,6,7.898053700473569,0.2135542312386959,0.1514888037112652,MRO-10047;MRO-80001;MRO-10045,MRO-10047;MRO-80001;MRO-10045,Hydraulic Press,PUN-01,train,12,risk,risk,approved_on_validation,우선 점검 후보
2022-05-02,AST-2031,A2,4,7.45626396135202,0.1836052695018917,0.1274642980857827,MRO-10045;MRO-10046;MRO-20031,MRO-10045;MRO-10046;MRO-20031,Hydraulic Press,CHN-02,train,12,caution,risk,approved_on_validation,우선 점검 후보
2022-05-02,AST-3008,A2,6,6.376847977393641,0.1179102010902182,0.0772544289158123,MRO-80002;MRO-10045;MRO-80001,MRO-10045;MRO-80001;MRO-20031,Belt Conveyor,CHN-02,train,12,risk,risk,approved_on_validation,우선 점검 후보
2022-05-02,AST-3019,A2,1,5.248565022101466,0.0719210613484232,0.0415095012172042,MRO-10047;MRO-10045;MRO-10046,MRO-10047;MRO-10045;MRO-10046,Belt Conveyor,CHN-02,train,12,caution,caution,approved_on_validation,우선 점검 후보
2022-05-02,AST-4055,A2,13,8.179781029663767,0.2283632872675114,0.1671780129563014,MRO-20031;MRO-10045;MRO-10046,MRO-20031;MRO-10045;MRO-10046,Screw Compressor,DHR-03,train,12,high_risk,risk,approved_on_validation,우선 점검 후보
2022-05-02,AST-4061,A2,4,6.378388921296347,0.1215589219612754,0.0787657117449467,MRO-10045;MRO-50009;MRO-80001,MRO-10045;MRO-50009;MRO-80001,Screw Compressor,DHR-03,train,12,caution,risk,approved_on_validation,우선 점검 후보
2022-05-02,AST-5003,A2,13,7.7285060904757135,0.1982663296286142,0.1385542432810917,MRO-40022;MRO-60015;MRO-40021,MRO-50009;MRO-20031;MRO-10045,EOT Crane,DHR-03,train,12,high_risk,risk,approved_on_validation,우선 점검 후보
2022-05-02,AST-5007,A2,4,5.496208755143884,0.0773712244896271,0.04715624431631,MRO-80001;MRO-10047;MRO-10046,MRO-80001;MRO-10047;MRO-10046,EOT Crane,PUN-01,train,12,caution,caution,approved_on_validation,우선 점검 후보
2022-05-03,AST-1041,A2,5,6.037897572686844,0.1021413201775129,0.0658501025159777,MRO-90011;MRO-20031;MRO-80001,MRO-20031;MRO-80001;MRO-10046,CNC Lathe,PUN-01,train,12,caution,risk,approved_on_validation,우선 점검 후보
2022-05-03,AST-1042,A2,0,5.647396584026422,0.085675354737571,0.0519834645227506,MRO-80001;MRO-10045;MRO-10046,MRO-80001;MRO-10045;MRO-10046,CNC Lathe,PUN-01,train,12,normal,caution,approved_on_validation,우선 점검 후보
2022-05-03,AST-2017,A2,8,8.044451961997842,0.2223176428568092,0.1591447351943167,MRO-10046;MRO-10047;MRO-10045,MRO-10046;MRO-10047;MRO-10045,Hydraulic Press,PUN-01,train,12,risk,risk,approved_on_validation,우선 점검 후보
2022-05-03,AST-2031,A2,6,7.30513979438864,0.1745224883010304,0.1199069926595895,MRO-10045;MRO-10046;MRO-20031,MRO-10045;MRO-10046;MRO-20031,Hydraulic Press,CHN-02,train,12,risk,risk,approved_on_validation,우선 점검 후보
2022-05-03,AST-3008,A2,4,6.402570883280452,0.1214393627355608,0.0793302818997001,MRO-20031;MRO-10045;MRO-50009,MRO-20031;MRO-10045;MRO-50009,Belt Conveyor,CHN-02,train,12,caution,risk,approved_on_validation,우선 점검 후보
2022-05-03,AST-3019,A2,0,5.735698894964993,0.0866990647405496,0.0550609592133001,MRO-70004;MRO-40022;MRO-10047,MRO-10047;MRO-10045;MRO-10046,Belt Conveyor,CHN-02,train,12,normal,caution,approved_on_validation,우선 점검 후보
2022-05-03,AST-4055,A2,6,7.5824945831932595,0.1922528613986293,0.1333615762125439,MRO-20031;MRO-10046;MRO-10045,MRO-20031;MRO-10046;MRO-10045,Screw Compressor,DHR-03,train,12,risk,risk,approved_on_validation,우선 점검 후보
2022-05-03,AST-4061,A2,2,6.402140158075241,0.1217264800532476,0.0798205250584484,MRO-10046;MRO-10045;MRO-50009,MRO-10046;MRO-10045;MRO-50009,Screw Compressor,DHR-03,train,12,caution,risk,approved_on_validation,우선 점검 후보
2022-05-03,AST-5003,A2,5,7.1383354508233205,0.1650829219276374,0.1113526941444279,MRO-50009;MRO-20031;MRO-10047,MRO-50009;MRO-20031;MRO-10047,EOT Crane,DHR-03,train,12,caution,risk,approved_on_validation,우선 점검 후보
2022-05-03,AST-5007,A2,0,5.178152274215269,0.0643128963267003,0.0382877588723512,MRO-10047;MRO-10046;MRO-50009,MRO-10047;MRO-10046;MRO-50009,EOT Crane,PUN-01,train,12,normal,caution,approved_on_validation,우선 점검 후보
2022-05-04,AST-1041,A2,6,6.080293399407676,0.1060108235158969,0.0673245983597098,MRO-50009;MRO-20031;MRO-80001,MRO-50009;MRO-20031;MRO-80001,CNC Lathe,PUN-01,train,12,risk,risk,approved_on_validation,우선 점검 후보
2022-05-04,AST-1042,A2,4,6.252953626295793,0.1161774380292132,0.0736108721946209,MRO-80001;MRO-10046;MRO-20031,MRO-80001;MRO-10046;MRO-20031,CNC Lathe,PUN-01,train,12,caution,risk,approved_on_validation,우선 점검 후보
2022-05-04,AST-2017,A2,10,8.693443608183598,0.271410973574823,0.1979784517743302,MRO-10045;MRO-10046;MRO-20033,MRO-10045;MRO-10046;MRO-10047,Hydraulic Press,PUN-01,train,12,risk,risk,approved_on_validation,우선 점검 후보
2022-05-04,AST-2031,A2,6,7.274623287418891,0.1724106232213954,0.1180369870371193,MRO-10045;MRO-10046;MRO-20031,MRO-10045;MRO-10046;MRO-20031,Hydraulic Press,CHN-02,train,12,risk,risk,approved_on_validation,우선 점검 후보
2022-05-04,AST-3008,A2,13,6.8044066612472,0.1426367479126108,0.0950808095749092,MRO-80002;MRO-80001;MRO-40022,MRO-80001;MRO-20031;MRO-10047,Belt Conveyor,CHN-02,train,12,high_risk,risk,approved_on_validation,우선 점검 후보
2022-05-04,AST-3019,A2,5,6.721977223881825,0.1344707900578371,0.090363496522834,MRO-40021;MRO-20033;MRO-70005,MRO-10047;MRO-10046;MRO-20031,Belt Conveyor,CHN-02,train,12,caution,risk,approved_on_validation,우선 점검 후보
2022-05-04,AST-4055,A2,2,7.649257913428084,0.1965249557305696,0.1365184454553016,MRO-10047;MRO-20031;MRO-10046,MRO-10047;MRO-20031;MRO-10046,Screw Compressor,DHR-03,train,12,caution,risk,approved_on_validation,우선 점검 후보
2022-05-04,AST-4061,A2,4,6.129212405510652,0.1068701291988781,0.0680476858920957,MRO-80001;MRO-50009;MRO-10047,MRO-80001;MRO-50009;MRO-10047,Screw Compressor,DHR-03,train,12,caution,risk,approved_on_validation,우선 점검 후보
2022-05-04,AST-5003,A2,11,7.968569488462261,0.2188028439190022,0.1548388581090181,MRO-80001;MRO-20031;MRO-50009,MRO-80001;MRO-20031;MRO-50009,EOT Crane,DHR-03,train,12,risk,risk,approved_on_validation,우선 점검 후보
2022-05-04,AST-5007,A2,9,5.653444956789792,0.0804269614475595,0.0505134671880485,MRO-20033;MRO-50008;MRO-70004,MRO-10045;MRO-10047;MRO-10046,EOT Crane,PUN-01,train,12,risk,caution,approved_on_validation,우선 점검 후보
2022-05-05,AST-1041,A2,2,6.064764146510139,0.1054149159291604,0.0666181418067987,MRO-50009;MRO-10046;MRO-20031,MRO-50009;MRO-10046;MRO-20031,CNC Lathe,PUN-01,train,12,caution,risk,approved_on_validation,우선 점검 후보
2022-05-05,AST-1042,A2,10,7.487267977102438,0.1776564909959702,0.1264668986867037,MRO-90012;MRO-50009;MRO-40022,MRO-50009;MRO-10046;MRO-10047,CNC Lathe,PUN-01,train,12,risk,risk,approved_on_validation,우선 점검 후보
2022-05-05,AST-2017,A2,11,8.009675613798269,0.2213648645024629,0.1582201102696533,MRO-10045;MRO-10046;MRO-20031,MRO-10045;MRO-10046;MRO-20031,Hydraulic Press,PUN-01,train,12,risk,risk,approved_on_validation,우선 점검 후보
2022-05-05,AST-2031,A2,9,7.629709276252696,0.1895200961338022,0.1374643807368126,MRO-70005;MRO-10045;MRO-10046,MRO-10045;MRO-10046;MRO-10047,Hydraulic Press,CHN-02,train,12,risk,risk,approved_on_validation,우선 점검 후보
2022-05-05,AST-3008,A2,15,6.5251074750305476,0.1291163514941546,0.0843519744561859,MRO-10045;MRO-20031;MRO-50009,MRO-10045;MRO-20031;MRO-50009,Belt Conveyor,CHN-02,train,12,high_risk,risk,approved_on_validation,우선 점검 후보
2022-05-05,AST-3019,A2,4,5.196707562885393,0.0683353551224529,0.0398520506265885,MRO-10046;MRO-10047;MRO-20031,MRO-10046;MRO-10047;MRO-20031,Belt Conveyor,CHN-02,train,12,caution,caution,approved_on_validation,우선 점검 후보
2022-05-05,AST-4055,A2,12,7.838815883128916,0.2106507269500308,0.147630627648505,MRO-10046;MRO-20031;MRO-80001,MRO-10046;MRO-20031;MRO-80001,Screw Compressor,DHR-03,train,12,high_risk,risk,approved_on_validation,우선 점검 후보
2022-05-05,AST-4061,A2,5,5.9402125672807236,0.0978722077147607,0.061828142584678,MRO-10046;MRO-20031;MRO-50009,MRO-10046;MRO-20031;MRO-50009,Screw Compressor,DHR-03,train,12,caution,risk,approved_on_validation,우선 점검 후보
2022-05-05,AST-5003,A2,14,9.02593516339431,0.2953947638918108,0.2171138012048998,MRO-50009;MRO-10045;MRO-60015,MRO-50009;MRO-10045;MRO-20031,EOT Crane,DHR-03,train,12,high_risk,risk,approved_on_validation,우선 점검 후보
2022-05-05,AST-5007,A2,5,5.1776743352328936,0.06368685277714,0.0381158457854094,MRO-10045;MRO-80002;MRO-10046,MRO-10045;MRO-10046;MRO-50009,EOT Crane,PUN-01,train,12,caution,caution,approved_on_validation,우선 점검 후보
2022-05-06,AST-1041,A2,4,6.536454691202291,0.1301605690565916,0.085163876675497,MRO-80001;MRO-50009;MRO-10047,MRO-80001;MRO-50009;MRO-10047,CNC Lathe,PUN-01,train,12,caution,risk,approved_on_validation,우선 점검 후보
2022-05-06,AST-1042,A2,2,5.995945482070356,0.1031697995445769,0.0641909869094062,MRO-80001;MRO-10046;MRO-10045,MRO-80001;MRO-10046;MRO-10045,CNC Lathe,PUN-01,train,12,caution,risk,approved_on_validation,우선 점검 후보
2022-05-06,AST-2017,A2,16,8.305494295945808,0.242188546078305,0.1749888317198727,MRO-20031;MRO-80001;MRO-10045,MRO-20031;MRO-80001;MRO-10045,Hydraulic Press,PUN-01,train,12,high_risk,risk,approved_on_validation,우선 점검 후보
2022-05-06,AST-2031,A2,8,7.460106840598571,0.1858164493081466,0.1279722709433591,MRO-10046;MRO-10045;MRO-10047,MRO-10046;MRO-10045;MRO-10047,Hydraulic Press,CHN-02,train,12,risk,risk,approved_on_validation,우선 점검 후보
2022-05-06,AST-3008,A2,2,6.4576936666892175,0.1232911580281492,0.0817590079300086,MRO-90012;MRO-50009;MRO-40022,MRO-50009;MRO-20031;MRO-10046,Belt Conveyor,CHN-02,train,12,caution,risk,approved_on_validation,우선 점검 후보
2022-05-06,AST-3019,A2,6,5.300972493369444,0.072765401780782,0.0425143537600758,MRO-20031;MRO-10047;MRO-10046,MRO-20031;MRO-10047;MRO-10046,Belt Conveyor,CHN-02,train,12,risk,caution,approved_on_validation,우선 점검 후보
2022-05-06,AST-4055,A2,16,9.455948364945064,0.3262261159109411,0.2483347427822366,MRO-50009;MRO-80001;MRO-20031,MRO-50009;MRO-80001;MRO-20031,Screw Compressor,DHR-03,train,12,high_risk,risk,approved_on_validation,우선 점검 후보
2022-05-06,AST-4061,A2,3,6.333270071935926,0.1188552227494827,0.0767069742751417,MRO-80001;MRO-50009;MRO-10046,MRO-80001;MRO-50009;MRO-10046,Screw Compressor,DHR-03,train,12,caution,risk,approved_on_validation,우선 점검 후보
2022-05-06,AST-5003,A2,12,7.811951294411412,0.2073683536114299,0.1465880094800124,MRO-10047;MRO-20031;MRO-10045,MRO-10047;MRO-20031;MRO-10045,EOT Crane,DHR-03,train,12,high_risk,risk,approved_on_validation,우선 점검 후보
2022-05-06,AST-5007,A2,9,5.718243259380508,0.086900007093588,0.0542096204716475,MRO-50009;MRO-10045;MRO-10046,MRO-50009;MRO-10045;MRO-10046,EOT Crane,PUN-01,train,12,risk,caution,approved_on_validation,우선 점검 후보
2022-05-07,AST-1041,A2,0,0.0030126386649118,4.902790630607789e-12,4.878207844508107e-15,MRO-70004;MRO-90011;MRO-10045,MRO-10045;MRO-10046;MRO-10047,CNC Lathe,PUN-01,train,12,normal,normal,approved_on_validation,우선 점검 후보
2022-05-07,AST-1042,A2,0,0.0032796538177649,6.574721919704174e-12,6.8576536481296745e-15,MRO-90012;MRO-40021;MRO-10045,MRO-10045;MRO-10046;MRO-10047,CNC Lathe,PUN-01,train,12,normal,normal,approved_on_validation,우선 점검 후보
2022-05-07,AST-2017,A2,0,0.0033949458109275,8.252412613444797e-12,8.466496955557172e-15,MRO-10046;MRO-60015;MRO-20031,MRO-10046;MRO-20031;MRO-50009,Hydraulic Press,PUN-01,train,12,normal,normal,approved_on_validation,우선 점검 후보
2022-05-07,AST-2031,A2,0,0.0034408827947821,9.702482909394229e-12,9.60644906117658e-15,MRO-10045;MRO-10046;MRO-10047,MRO-10045;MRO-10046;MRO-10047,Hydraulic Press,CHN-02,train,12,normal,normal,approved_on_validation,우선 점검 후보
2022-05-07,AST-3008,A2,0,0.0032411530302443,6.59466795915205e-12,6.705702667625106e-15,MRO-70005;MRO-90011;MRO-90012,MRO-10045;MRO-20031;MRO-80001,Belt Conveyor,CHN-02,train,12,normal,normal,approved_on_validation,우선 점검 후보
2022-05-07,AST-3019,A2,0,0.0033265034964659,6.5358947975465664e-12,7.140444328959111e-15,MRO-70004;MRO-40021;MRO-20031,MRO-20031;MRO-10045;MRO-10046,Belt Conveyor,CHN-02,train,12,normal,normal,approved_on_validation,우선 점검 후보
2022-05-07,AST-4055,A2,0,0.0032350844205366,6.897201729042179e-12,6.875266033697691e-15,MRO-20031;MRO-10046;MRO-80001,MRO-20031;MRO-10046;MRO-80001,Screw Compressor,DHR-03,train,12,normal,normal,approved_on_validation,우선 점검 후보
2022-05-07,AST-4061,A2,0,0.0032265104178373,6.550239549396265e-12,6.597736893133833e-15,MRO-60016;MRO-90011;MRO-10045,MRO-10045;MRO-10046;MRO-10047,Screw Compressor,DHR-03,train,12,normal,normal,approved_on_validation,우선 점검 후보
2022-05-07,AST-5003,A2,0,0.0032348684006769,6.560655667841764e-12,6.6234832489191165e-15,MRO-60015;MRO-60016;MRO-10045,MRO-10045;MRO-10047;MRO-10046,EOT Crane,DHR-03,train,12,normal,normal,approved_on_validation,우선 점검 후보
2022-05-07,AST-5007,A2,0,0.0032213449318954,6.415725995896859e-12,6.47573844553421e-15,MRO-10046;MRO-10047;MRO-80001,MRO-10046;MRO-10047;MRO-80001,EOT Crane,PUN-01,train,12,normal,normal,approved_on_validation,우선 점검 후보
2022-05-08,AST-1041,A2,0,0.002976437424833,4.844345794558321e-12,4.681563261421679e-15,MRO-70004;MRO-90011;MRO-10045,MRO-10045;MRO-10046;MRO-10047,CNC Lathe,PUN-01,train,12,normal,normal,approved_on_validation,우선 점검 후보
2022-05-08,AST-1042,A2,0,0.0029288536950377,4.854693713335923e-12,4.457028384055999e-15,MRO-90012;MRO-10045;MRO-10046,MRO-10045;MRO-10046;MRO-10047,CNC Lathe,PUN-01,train,12,normal,normal,approved_on_validation,우선 점검 후보
2022-05-08,AST-2017,A2,0,0.0033096671829936,7.32215960624368e-12,7.447293865130837e-15,MRO-10046;MRO-10047;MRO-30011,MRO-10046;MRO-10047;MRO-10045,Hydraulic Press,PUN-01,train,12,normal,normal,approved_on_validation,우선 점검 후보
2022-05-08,AST-2031,A2,0,0.0032669903489151,7.0505338721797395e-12,7.10648484990889e-15,MRO-10045;MRO-10046;MRO-10047,MRO-10045;MRO-10046;MRO-10047,Hydraulic Press,CHN-02,train,12,normal,normal,approved_on_validation,우선 점검 후보
2022-05-08,AST-3008,A2,0,0.0032179074652128,6.509466740522016e-12,6.53328918714465e-15,MRO-10045;MRO-10046;MRO-10047,MRO-10045;MRO-10046;MRO-10047,Belt Conveyor,CHN-02,train,12,normal,normal,approved_on_validation,우선 점검 후보
2022-05-08,AST-3019,A2,0,0.0032863453762421,6.526190162889808e-12,7.001807155939158e-15,MRO-70004;MRO-10045;MRO-10046,MRO-10045;MRO-10046;MRO-10047,Belt Conveyor,CHN-02,train,12,normal,normal,approved_on_validation,우선 점검 후보
2022-05-08,AST-4055,A2,0,0.003248863109844,6.6721109037791475e-12,6.764090039195447e-15,MRO-10046;MRO-80001;MRO-10045,MRO-10046;MRO-80001;MRO-10045,Screw Compressor,DHR-03,train,12,normal,normal,approved_on_validation,우선 점검 후보
2022-05-08,AST-4061,A2,0,0.0032381444576374,6.656999611732803e-12,6.7246590084134975e-15,MRO-10045;MRO-10046;MRO-10047,MRO-10045;MRO-10046;MRO-10047,Screw Compressor,DHR-03,train,12,normal,normal,approved_on_validation,우선 점검 후보
2022-05-08,AST-5003,A2,0,0.0029844155255086,4.753597601160842e-12,4.492498841193861e-15,MRO-80002;MRO-50009;MRO-10046,MRO-50009;MRO-10046;MRO-20031,EOT Crane,DHR-03,train,12,normal,normal,approved_on_validation,우선 점검 후보
2022-05-08,AST-5007,A2,0,0.0032363211062433,6.5603388012128136e-12,6.6425204635401115e-15,MRO-10046;MRO-10047;MRO-50009,MRO-10046;MRO-10047;MRO-50009,EOT Crane,PUN-01,train,12,normal,normal,approved_on_validation,우선 점검 후보
2022-05-09,AST-1041,A2,6,5.9111243959827675,0.0954574485861883,0.0607237536100606,MRO-80001;MRO-20031;MRO-50009,MRO-80001;MRO-20031;MRO-50009,CNC Lathe,PUN-01,train,12,risk,risk,approved_on_validation,우선 점검 후보
2022-05-09,AST-1042,A2,11,6.601077755150417,0.1274904432872159,0.0859566125369971,MRO-50008;MRO-50009;MRO-90011,MRO-50009;MRO-10047;MRO-10045,CNC Lathe,PUN-01,train,12,risk,risk,approved_on_validation,우선 점검 후보
2022-05-09,AST-2017,A2,14,8.335167578764196,0.2431382243389137,0.176547741485348,MRO-10046;MRO-50009;MRO-10045,MRO-10046;MRO-50009;MRO-10045,Hydraulic Press,PUN-01,train,12,high_risk,risk,approved_on_validation,우선 점검 후보
2022-05-09,AST-2031,A2,15,7.297146018329533,0.1706031582074815,0.1183782622022479,MRO-20031;MRO-50009;MRO-80001,MRO-20031;MRO-50009;MRO-80001,Hydraulic Press,CHN-02,train,12,high_risk,risk,approved_on_validation,우선 점검 후보
2022-05-09,AST-3008,A2,6,6.546311782876431,0.1285550965589094,0.0848107149428002,MRO-40022;MRO-50009;MRO-10047,MRO-50009;MRO-10047;MRO-80001,Belt Conveyor,CHN-02,train,12,risk,risk,approved_on_validation,우선 점검 후보
2022-05-09,AST-3019,A2,8,5.421605111921131,0.076083933928327,0.0459116493793163,MRO-20031;MRO-10047;MRO-10046,MRO-20031;MRO-10047;MRO-10046,Belt Conveyor,CHN-02,train,12,risk,caution,approved_on_validation,우선 점검 후보
2022-05-09,AST-4055,A2,8,7.715368370937743,0.2023007419043296,0.1411180151718633,MRO-10046;MRO-20031;MRO-10047,MRO-10046;MRO-20031;MRO-10047,Screw Compressor,DHR-03,train,12,risk,risk,approved_on_validation,우선 점검 후보
2022-05-09,AST-4061,A2,8,6.087239627014438,0.105844501716385,0.067334657613811,MRO-20031;MRO-80001;MRO-10046,MRO-20031;MRO-80001;MRO-10046,Screw Compressor,DHR-03,train,12,risk,risk,approved_on_validation,우선 점검 후보
2022-05-09,AST-5003,A2,6,7.71710784852955,0.2002106165561561,0.1409079634062307,MRO-10047;MRO-20031;MRO-50009,MRO-10047;MRO-20031;MRO-50009,EOT Crane,DHR-03,train,12,risk,risk,approved_on_validation,우선 점검 후보
2022-05-09,AST-5007,A2,9,5.118647794097475,0.0622168880147265,0.0367285644047757,MRO-20031;MRO-50009;MRO-10045,MRO-20031;MRO-50009;MRO-10045,EOT Crane,PUN-01,train,12,risk,caution,approved_on_validation,우선 점검 후보
2022-05-10,AST-1041,A2,9,6.250443325302918,0.114706126905955,0.0732921564559331,MRO-80001;MRO-20031;MRO-10046,MRO-80001;MRO-20031;MRO-10046,CNC Lathe,PUN-01,train,12,risk,risk,approved_on_validation,우선 점검 후보
2022-05-10,AST-1042,A2,6,5.850346071694177,0.0940560060409517,0.0586969764064479,MRO-10046;MRO-50009;MRO-10045,MRO-10046;MRO-50009;MRO-10045,CNC Lathe,PUN-01,train,12,risk,risk,approved_on_validation,우선 점검 후보
2022-05-10,AST-2017,A2,14,8.377512304270661,0.2487557428403234,0.1796316709067127,MRO-50009;MRO-10045;MRO-20031,MRO-50009;MRO-10045;MRO-20031,Hydraulic Press,PUN-01,train,12,high_risk,risk,approved_on_validation,우선 점검 후보
2022-05-10,AST-2031,A2,13,8.1130250286786,0.2286426859039469,0.1638766493541469,MRO-50009;MRO-80001;MRO-10046,MRO-50009;MRO-80001;MRO-10046,Hydraulic Press,CHN-02,train,12,high_risk,risk,approved_on_validation,우선 점검 후보
2022-05-10,AST-3008,A2,9,6.967345671190044,0.1491622840008583,0.1032992336879364,MRO-70005;MRO-10045;MRO-30012,MRO-10045;MRO-20031;MRO-10046,Belt Conveyor,CHN-02,train,12,risk,risk,approved_on_validation,우선 점검 후보
2022-05-10,AST-3019,A2,8,5.235577582123759,0.0704146250592501,0.0413247865443442,MRO-10046;MRO-20031;MRO-50009,MRO-10046;MRO-20031;MRO-50009,Belt Conveyor,CHN-02,train,12,risk,caution,approved_on_validation,우선 점검 후보
2022-05-10,AST-4055,A2,4,7.616154965158238,0.1952335249378558,0.1358042527549506,MRO-20031;MRO-10045;MRO-10046,MRO-20031;MRO-10045;MRO-10046,Screw Compressor,DHR-03,train,12,caution,risk,approved_on_validation,우선 점검 후보
2022-05-10,AST-4061,A2,5,6.4533445051164,0.1243255087289218,0.0811581886321434,MRO-10047;MRO-20031;MRO-10046,MRO-10047;MRO-20031;MRO-10046,Screw Compressor,DHR-03,train,12,caution,risk,approved_on_validation,우선 점검 후보
2022-05-10,AST-5003,A2,8,7.627830419985716,0.1938722742508701,0.1367301176099797,MRO-80001;MRO-10047;MRO-10045,MRO-80001;MRO-10047;MRO-10045,EOT Crane,DHR-03,train,12,risk,risk,approved_on_validation,우선 점검 후보
2022-05-10,AST-5007,A2,1,5.195668328590219,0.0637979153410639,0.0386640739763155,MRO-20031;MRO-10045;MRO-50009,MRO-20031;MRO-10045;MRO-50009,EOT Crane,PUN-01,train,12,caution,caution,approved_on_validation,우선 점검 후보
2022-05-11,AST-1041,A2,8,6.363539307578154,0.1215469080552682,0.0781961102199009,MRO-10047;MRO-10046;MRO-80001,MRO-10047;MRO-10046;MRO-80001,CNC Lathe,PUN-01,train,12,risk,risk,approved_on_validation,우선 점검 후보
2022-05-11,AST-1042,A2,8,5.9202466869629795,0.0987357816237667,0.0612427502426332,MRO-50009;MRO-10046;MRO-10045,MRO-50009;MRO-10046;MRO-10045,CNC Lathe,PUN-01,train,12,risk,risk,approved_on_validation,우선 점검 후보
2022-05-11,AST-2017,A2,9,8.997438753959353,0.293500770864137,0.2182121615043671,MRO-20031;MRO-80001;MRO-10046,MRO-20031;MRO-80001;MRO-10046,Hydraulic Press,PUN-01,train,12,risk,risk,approved_on_validation,우선 점검 후보
2022-05-11,AST-2031,A2,5,7.515612771566404,0.1881520548713315,0.1301856633370016,MRO-80001;MRO-50009;MRO-10046,MRO-80001;MRO-50009;MRO-10046,Hydraulic Press,CHN-02,train,12,caution,risk,approved_on_validation,우선 점검 후보
2022-05-11,AST-3008,A2,7,6.72470107813642,0.1362453595920277,0.0919726715245768,MRO-30012;MRO-10045;MRO-70004,MRO-10045;MRO-20031;MRO-50009,Belt Conveyor,CHN-02,train,12,risk,risk,approved_on_validation,우선 점검 후보
2022-05-11,AST-3019,A2,16,5.200905784999743,0.0678897980196248,0.0396494839194713,MRO-10046;MRO-10047;MRO-80001,MRO-10046;MRO-10047;MRO-80001,Belt Conveyor,CHN-02,train,12,high_risk,caution,approved_on_validation,우선 점검 후보
2022-05-11,AST-4055,A2,9,8.069446173503554,0.2260219989570422,0.1605773639159555,MRO-10046;MRO-20031;MRO-10047,MRO-10046;MRO-20031;MRO-10047,Screw Compressor,DHR-03,train,12,risk,risk,approved_on_validation,우선 점검 후보
2022-05-11,AST-4061,A2,0,6.435005747611533,0.1241570115598442,0.0803939922879943,MRO-10047;MRO-50009;MRO-20031,MRO-10047;MRO-50009;MRO-20031,Screw Compressor,DHR-03,train,12,normal,risk,approved_on_validation,우선 점검 후보
2022-05-11,AST-5003,A2,8,7.484655436098552,0.1855535471591718,0.1284536876196072,MRO-50009;MRO-10047;MRO-80001,MRO-50009;MRO-10047;MRO-80001,EOT Crane,DHR-03,train,12,risk,risk,approved_on_validation,우선 점검 후보
2022-05-11,AST-5007,A2,0,5.271190626046468,0.0690006858974356,0.0412529798792432,MRO-20031;MRO-10045;MRO-10047,MRO-20031;MRO-10045;MRO-10047,EOT Crane,PUN-01,train,12,normal,caution,approved_on_validation,우선 점검 후보
2022-05-12,AST-1041,A2,1,5.526631516681135,0.0776248929783688,0.0479765324954058,MRO-70004;MRO-50009;MRO-10047,MRO-50009;MRO-10047;MRO-80001,CNC Lathe,PUN-01,train,12,caution,caution,approved_on_validation,우선 점검 후보
2022-05-12,AST-1042,A2,11,5.86237462425529,0.0963582821782488,0.0589771478255496,MRO-20031;MRO-50009;MRO-10045,MRO-20031;MRO-50009;MRO-10045,CNC Lathe,PUN-01,train,12,risk,risk,approved_on_validation,우선 점검 후보
2022-05-12,AST-2017,A2,14,10.10298737463189,0.376773533768879,0.2923337254272262,MRO-10046;MRO-60015;MRO-40022,MRO-10046;MRO-10045;MRO-50009,Hydraulic Press,PUN-01,train,12,high_risk,risk,approved_on_validation,우선 점검 후보
2022-05-12,AST-2031,A2,4,7.638798082434866,0.1951815262807505,0.135505150745317,MRO-60015;MRO-50009;MRO-10047,MRO-50009;MRO-10047;MRO-20031,Hydraulic Press,CHN-02,train,12,caution,risk,approved_on_validation,우선 점검 후보
2022-05-12,AST-3008,A2,4,6.191264145435191,0.1114620977385537,0.0718188040723305,MRO-10045;MRO-20031;MRO-50009,MRO-10045;MRO-20031;MRO-50009,Belt Conveyor,CHN-02,train,12,caution,risk,approved_on_validation,우선 점검 후보
2022-05-12,AST-3019,A2,2,4.871853148903667,0.0565164386895682,0.0313722332381364,MRO-10046;MRO-50009;MRO-80001,MRO-10046;MRO-50009;MRO-80001,Belt Conveyor,CHN-02,train,12,caution,caution,approved_on_validation,우선 점검 후보
2022-05-12,AST-4055,A2,14,7.6042080694523,0.197067568455336,0.1349711004415255,MRO-10046;MRO-20031;MRO-50009,MRO-10046;MRO-20031;MRO-50009,Screw Compressor,DHR-03,train,12,high_risk,risk,approved_on_validation,우선 점검 후보
2022-05-12,AST-4061,A2,2,6.039937991632569,0.1041677330996858,0.065759185072133,MRO-80001;MRO-10047;MRO-50009,MRO-80001;MRO-10047;MRO-50009,Screw Compressor,DHR-03,train,12,caution,risk,approved_on_validation,우선 점검 후보
2022-05-12,AST-5003,A2,0,6.987362668101555,0.1558096885746438,0.1031022374555463,MRO-50009;MRO-80001;MRO-10047,MRO-50009;MRO-80001;MRO-10047,EOT Crane,DHR-03,train,12,normal,risk,approved_on_validation,우선 점검 후보
2022-05-12,AST-5007,A2,14,7.032173533935413,0.1557506437719648,0.1056261775617678,MRO-10047;MRO-10045;MRO-80001,MRO-10047;MRO-10045;MRO-80001,EOT Crane,PUN-01,train,12,high_risk,risk,approved_on_validation,우선 점검 후보
2022-05-13,AST-1041,A2,7,6.129254359939907,0.1049834926768621,0.0690905010479075,MRO-70004;MRO-10047;MRO-10046,MRO-10047;MRO-10046;MRO-50009,CNC Lathe,PUN-01,train,12,risk,risk,approved_on_validation,우선 점검 후보
2022-05-13,AST-1042,A2,7,5.588634743690488,0.0828948991451854,0.0498236465817794,MRO-10045;MRO-80001;MRO-50009,MRO-10045;MRO-80001;MRO-50009,CNC Lathe,PUN-01,train,12,risk,caution,approved_on_validation,우선 점검 후보
2022-05-13,AST-2017,A2,4,8.389874167581617,0.2484859369145964,0.1811215030899449,MRO-80001;MRO-10046;MRO-10047,MRO-80001;MRO-10046;MRO-10047,Hydraulic Press,PUN-01,train,12,caution,risk,approved_on_validation,우선 점검 후보
2022-05-13,AST-2031,A2,13,7.626433703410847,0.1943350921804649,0.1367939750993121,MRO-50009;MRO-80001;MRO-10046,MRO-50009;MRO-80001;MRO-10046,Hydraulic Press,CHN-02,train,12,high_risk,risk,approved_on_validation,우선 점검 후보
2022-05-13,AST-3008,A2,6,6.128552213160998,0.1084975858522976,0.0689666247748994,MRO-10045;MRO-20031;MRO-10047,MRO-10045;MRO-20031;MRO-10047,Belt Conveyor,CHN-02,train,12,risk,risk,approved_on_validation,우선 점검 후보
2022-05-13,AST-3019,A2,0,5.496267527907677,0.0795732553720878,0.0483887294191095,MRO-20031;MRO-10046;MRO-50009,MRO-20031;MRO-10046;MRO-50009,Belt Conveyor,CHN-02,train,12,normal,caution,approved_on_validation,우선 점검 후보
2022-05-13,AST-4055,A2,10,6.638215422154578,0.1362549208056257,0.0885559006996493,MRO-10047;MRO-20031;MRO-10045,MRO-10047;MRO-20031;MRO-10045,Screw Compressor,DHR-03,train,12,risk,risk,approved_on_validation,우선 점검 후보
2022-05-13,AST-4061,A2,8,6.672074431450453,0.1373284758156196,0.090421449494157,MRO-10047;MRO-20031;MRO-50009,MRO-10047;MRO-20031;MRO-50009,Screw Compressor,DHR-03,train,12,risk,risk,approved_on_validation,우선 점검 후보
2022-05-13,AST-5003,A2,2,7.925254060985607,0.2127910104111442,0.1503815567301956,MRO-30011;MRO-10047;MRO-80001,MRO-10047;MRO-80001;MRO-50009,EOT Crane,DHR-03,train,12,caution,risk,approved_on_validation,우선 점검 후보
2022-05-13,AST-5007,A2,0,5.015190671577136,0.057905617874597,0.0342490328557624,MRO-70004;MRO-10045;MRO-40022,MRO-10045;MRO-20031;MRO-50009,EOT Crane,PUN-01,train,12,normal,caution,approved_on_validation,우선 점검 후보
2022-05-14,AST-1041,A2,0,0.0029728207625169,4.9027969966847194e-12,4.6820399878371365e-15,MRO-70004;MRO-90012;MRO-90011,MRO-10045;MRO-10046;MRO-20031,CNC Lathe,PUN-01,train,12,normal,normal,approved_on_validation,우선 점검 후보
2022-05-14,AST-1042,A2,0,0.0032632502425686,6.390228994544885e-12,6.5712196179292705e-15,MRO-30011;MRO-80001;MRO-10045,MRO-80001;MRO-10045;MRO-50009,CNC Lathe,PUN-01,train,12,normal,normal,approved_on_validation,우선 점검 후보
2022-05-14,AST-2017,A2,0,0.0032565490081325,6.53637343127629e-12,6.686567543761362e-15,MRO-30012;MRO-40022;MRO-80002,MRO-10045;MRO-20031;MRO-50009,Hydraulic Press,PUN-01,train,12,normal,normal,approved_on_validation,우선 점검 후보
2022-05-14,AST-2031,A2,0,0.0033172109566114,7.884969137018509e-12,7.867167726867145e-15,MRO-10046;MRO-10045;MRO-20031,MRO-10046;MRO-10045;MRO-20031,Hydraulic Press,CHN-02,train,12,normal,normal,approved_on_validation,우선 점검 후보
2022-05-14,AST-3008,A2,0,0.0032232306219305,6.597987739878926e-12,6.584594923821528e-15,MRO-10046;MRO-10047;MRO-20031,MRO-10046;MRO-10047;MRO-20031,Belt Conveyor,CHN-02,train,12,normal,normal,approved_on_validation,우선 점검 후보
2022-05-14,AST-3019,A2,0,0.0035143344647809,1.0357481709995249e-11,1.0257922189616175e-14,MRO-20031;MRO-10045;MRO-10046,MRO-20031;MRO-10045;MRO-10046,Belt Conveyor,CHN-02,train,12,normal,normal,approved_on_validation,우선 점검 후보
2022-05-14,AST-4055,A2,0,0.0032383949068707,6.5538641248096665e-12,6.639767468098653e-15,MRO-10046;MRO-20031;MRO-20033,MRO-10046;MRO-20031;MRO-10045,Screw Compressor,DHR-03,train,12,normal,normal,approved_on_validation,우선 점검 후보
2022-05-14,AST-4061,A2,0,0.0033475380501914,6.558295018604925e-12,7.0956445621950775e-15,MRO-20033;MRO-90012;MRO-10045,MRO-10045;MRO-10046;MRO-10047,Screw Compressor,DHR-03,train,12,normal,normal,approved_on_validation,우선 점검 후보
2022-05-14,AST-5003,A2,0,0.0032084039619033,6.556087842584173e-12,6.533621460095416e-15,MRO-10045;MRO-10046;MRO-10047,MRO-10045;MRO-10046;MRO-10047,EOT Crane,DHR-03,train,12,normal,normal,approved_on_validation,우선 점검 후보
2022-05-14,AST-5007,A2,0,0.0032248025118315,6.5602186181928865e-12,6.587068966845272e-15,MRO-10046;MRO-20031;MRO-50009,MRO-10046;MRO-20031;MRO-50009,EOT Crane,PUN-01,train,12,normal,normal,approved_on_validation,우선 점검 후보
2022-05-15,AST-1041,A2,0,0.002885869757171,4.521060517001702e-12,4.1590086536066736e-15,MRO-90012;MRO-90011;MRO-80002,MRO-10045;MRO-10046;MRO-20031,CNC Lathe,PUN-01,train,12,normal,normal,approved_on_validation,우선 점검 후보
2022-05-15,AST-1042,A2,0,0.0032027733317905,6.2666543483076675e-12,6.28545167236818e-15,MRO-10045;MRO-10047;MRO-20031,MRO-10045;MRO-10047;MRO-20031,CNC Lathe,PUN-01,train,12,normal,normal,approved_on_validation,우선 점검 후보
2022-05-15,AST-2017,A2,0,0.0032604478463659,6.49567822926114e-12,6.667571816034274e-15,MRO-30012;MRO-40022;MRO-50009,MRO-50009;MRO-10045;MRO-10047,Hydraulic Press,PUN-01,train,12,normal,normal,approved_on_validation,우선 점검 후보
2022-05-15,AST-2031,A2,0,0.0032337942459902,6.580222569867253e-12,6.6704377009526e-15,MRO-70005;MRO-10046;MRO-10045,MRO-10046;MRO-10045;MRO-20031,Hydraulic Press,CHN-02,train,12,normal,normal,approved_on_validation,우선 점검 후보
2022-05-15,AST-3008,A2,0,0.0032245736427612,6.608706919461845e-12,6.5969507982271305e-15,MRO-10046;MRO-10047;MRO-20031,MRO-10046;MRO-10047;MRO-20031,Belt Conveyor,CHN-02,train,12,normal,normal,approved_on_validation,우선 점검 후보
2022-05-15,AST-3019,A2,0,0.0032481841534038,6.834676701684953e-12,6.8805494535523545e-15,MRO-20031;MRO-10045;MRO-10046,MRO-20031;MRO-10045;MRO-10046,Belt Conveyor,CHN-02,train,12,normal,normal,approved_on_validation,우선 점검 후보
2022-05-15,AST-4055,A2,0,0.0031308454000106,5.33179736093087e-12,5.384432417921606e-15,MRO-10045;MRO-10046;MRO-20033,MRO-10045;MRO-10046;MRO-10047,Screw Compressor,DHR-03,train,12,normal,normal,approved_on_validation,우선 점검 후보
2022-05-15,AST-4061,A2,0,0.0034723002564387,6.6304618262775124e-12,7.684337159302202e-15,MRO-20033;MRO-90012;MRO-10045,MRO-20033;MRO-10045;MRO-10046,Screw Compressor,DHR-03,train,12,normal,normal,approved_on_validation,우선 점검 후보
2022-05-15,AST-5003,A2,0,0.0032072093753555,6.556089234773271e-12,6.5255341186971404e-15,MRO-10045;MRO-10046;MRO-10047,MRO-10045;MRO-10046;MRO-10047,EOT Crane,DHR-03,train,12,normal,normal,approved_on_validation,우선 점검 후보
2022-05-15,AST-5007,A2,0,0.0032268490843945,6.574162733161088e-12,6.604179741484622e-15,MRO-10045;MRO-10046;MRO-10047,MRO-10045;MRO-10046;MRO-10047,EOT Crane,PUN-01,train,12,normal,normal,approved_on_validation,우선 점검 후보
2022-05-16,AST-1041,A2,9,6.402997724913732,0.1219740386098995,0.0798493949084203,MRO-10047;MRO-50009;MRO-80001,MRO-10047;MRO-50009;MRO-80001,CNC Lathe,PUN-01,train,12,risk,risk,approved_on_validation,우선 점검 후보
2022-05-16,AST-1042,A2,10,5.771837021349737,0.0877185950998199,0.0560882430227723,MRO-10045;MRO-10046;MRO-70005,MRO-10045;MRO-10046;MRO-80001,CNC Lathe,PUN-01,train,12,risk,caution,approved_on_validation,우선 점검 후보
2022-05-16,AST-2017,A2,7,7.515861120700517,0.1847734640269667,0.1280655063352433,MRO-50008;MRO-10047;MRO-10046,MRO-10047;MRO-10046;MRO-20031,Hydraulic Press,PUN-01,train,12,risk,risk,approved_on_validation,우선 점검 후보
2022-05-16,AST-2031,A2,6,7.2053315082490546,0.1669262381343838,0.1143562845478935,MRO-20031;MRO-10047;MRO-80001,MRO-20031;MRO-10047;MRO-80001,Hydraulic Press,CHN-02,train,12,risk,risk,approved_on_validation,우선 점검 후보
2022-05-16,AST-3008,A2,4,6.334810198477598,0.1172602410536805,0.0762249346165828,MRO-20031;MRO-10045;MRO-20033,MRO-20031;MRO-10045;MRO-10046,Belt Conveyor,CHN-02,train,12,caution,risk,approved_on_validation,우선 점검 후보
2022-05-16,AST-3019,A2,0,5.360805590015314,0.0692282373755232,0.0424478773825604,MRO-40021;MRO-80002;MRO-20031,MRO-20031;MRO-10046;MRO-10047,Belt Conveyor,CHN-02,train,12,normal,caution,approved_on_validation,우선 점검 후보
2022-05-16,AST-4055,A2,4,7.84121690989602,0.2081562579055147,0.1461508781125668,MRO-10046;MRO-10045;MRO-50009,MRO-10046;MRO-10045;MRO-50009,Screw Compressor,DHR-03,train,12,caution,risk,approved_on_validation,우선 점검 후보
2022-05-16,AST-4061,A2,4,6.474568331727707,0.1256536422846269,0.0818516985363223,MRO-20033;MRO-80001;MRO-10047,MRO-80001;MRO-10047;MRO-50009,Screw Compressor,DHR-03,train,12,caution,risk,approved_on_validation,우선 점검 후보
2022-05-16,AST-5003,A2,15,8.847229344854869,0.2823988569395966,0.2065734397920458,MRO-50009;MRO-10047;MRO-80001,MRO-50009;MRO-10047;MRO-80001,EOT Crane,DHR-03,train,12,high_risk,risk,approved_on_validation,우선 점검 후보
2022-05-16,AST-5007,A2,4,5.648607446872026,0.0850451167358403,0.0521932225757903,MRO-50009;MRO-80001;MRO-10045,MRO-50009;MRO-80001;MRO-10045,EOT Crane,PUN-01,train,12,caution,caution,approved_on_validation,우선 점검 후보
2022-05-17,AST-1041,A2,4,6.031850799411043,0.103078105825109,0.0656841265089836,MRO-10047;MRO-80001;MRO-10046,MRO-10047;MRO-80001;MRO-10046,CNC Lathe,PUN-01,train,12,caution,risk,approved_on_validation,우선 점검 후보
2022-05-17,AST-1042,A2,9,6.411774443967518,0.1242725504698569,0.0802393357150304,MRO-10045;MRO-10046;MRO-20031,MRO-10045;MRO-10046;MRO-20031,CNC Lathe,PUN-01,train,12,risk,risk,approved_on_validation,우선 점검 후보
2022-05-17,AST-2017,A2,10,8.38340105590643,0.2494868055329335,0.1790158418752546,MRO-10046;MRO-10047;MRO-10045,MRO-10046;MRO-10047;MRO-10045,Hydraulic Press,PUN-01,train,12,risk,risk,approved_on_validation,우선 점검 후보
2022-05-17,AST-2031,A2,12,7.191503130490038,0.1670955804621198,0.1140667928666851,MRO-10047;MRO-80001;MRO-50009,MRO-10047;MRO-80001;MRO-50009,Hydraulic Press,CHN-02,train,12,high_risk,risk,approved_on_validation,우선 점검 후보
2022-05-17,AST-3008,A2,6,6.550281025488128,0.1293932013079434,0.0851788503404263,MRO-10046;MRO-20031;MRO-80001,MRO-10046;MRO-20031;MRO-80001,Belt Conveyor,CHN-02,train,12,risk,risk,approved_on_validation,우선 점검 후보
2022-05-17,AST-3019,A2,8,5.278431347278106,0.0721102578604274,0.0418010087816834,MRO-20031;MRO-10046;MRO-50009,MRO-20031;MRO-10046;MRO-50009,Belt Conveyor,CHN-02,train,12,risk,caution,approved_on_validation,우선 점검 후보
2022-05-17,AST-4055,A2,2,8.265913878213375,0.23456079600142,0.1731731521796854,MRO-10046;MRO-20031;MRO-10047,MRO-10046;MRO-20031;MRO-10047,Screw Compressor,DHR-03,train,12,caution,risk,approved_on_validation,우선 점검 후보
2022-05-17,AST-4061,A2,8,6.819095978820327,0.1447164737373107,0.0959845528946856,MRO-80001;MRO-20033;MRO-10047,MRO-80001;MRO-10047;MRO-50009,Screw Compressor,DHR-03,train,12,risk,risk,approved_on_validation,우선 점검 후보
2022-05-17,AST-5003,A2,16,9.383914707404715,0.3201970868080569,0.2410269957792857,MRO-10045;MRO-50009;MRO-40021,MRO-10045;MRO-50009;MRO-10047,EOT Crane,DHR-03,train,12,high_risk,risk,approved_on_validation,우선 점검 후보
2022-05-17,AST-5007,A2,6,5.714224604798295,0.0864070052475158,0.0535560525431236,MRO-40022;MRO-10045;MRO-20031,MRO-10045;MRO-20031;MRO-50009,EOT Crane,PUN-01,train,12,risk,caution,approved_on_validation,우선 점검 후보
2022-05-18,AST-1041,A2,4,6.534893502264347,0.1294662296590982,0.0857164440220757,MRO-10047;MRO-80001;MRO-10046,MRO-10047;MRO-80001;MRO-10046,CNC Lathe,PUN-01,train,12,caution,risk,approved_on_validation,우선 점검 후보
2022-05-18,AST-1042,A2,6,5.933723335387557,0.0991338914018049,0.061837332270948,MRO-10046;MRO-10045;MRO-10047,MRO-10046;MRO-10045;MRO-10047,CNC Lathe,PUN-01,train,12,risk,risk,approved_on_validation,우선 점검 후보
2022-05-18,AST-2017,A2,10,8.410550421106302,0.2498000354121276,0.1811513787138112,MRO-10046;MRO-20031;MRO-50009,MRO-10046;MRO-20031;MRO-50009,Hydraulic Press,PUN-01,train,12,risk,risk,approved_on_validation,우선 점검 후보
2022-05-18,AST-2031,A2,0,7.275302383624544,0.1734547933499274,0.1189622488443449,MRO-80001;MRO-10047;MRO-10046,MRO-80001;MRO-10047;MRO-10046,Hydraulic Press,CHN-02,train,12,normal,risk,approved_on_validation,우선 점검 후보
2022-05-18,AST-3008,A2,10,6.689269479994249,0.1334570115344424,0.0896102201250101,MRO-10046;MRO-50009;MRO-30011,MRO-10046;MRO-50009;MRO-20031,Belt Conveyor,CHN-02,train,12,risk,risk,approved_on_validation,우선 점검 후보
2022-05-18,AST-3019,A2,2,5.510491850933695,0.0828200083754191,0.0487025341663316,MRO-20031;MRO-10045;MRO-10046,MRO-20031;MRO-10045;MRO-10046,Belt Conveyor,CHN-02,train,12,caution,caution,approved_on_validation,우선 점검 후보
2022-05-18,AST-4055,A2,6,8.244071096257267,0.2370004603920205,0.1704335826912302,MRO-10047;MRO-10046;MRO-10045,MRO-10047;MRO-10046;MRO-10045,Screw Compressor,DHR-03,train,12,risk,risk,approved_on_validation,우선 점검 후보
2022-05-18,AST-4061,A2,1,6.392266132962813,0.1180276747153823,0.0772946541784812,MRO-20033;MRO-80001;MRO-10045,MRO-80001;MRO-10045;MRO-20031,Screw Compressor,DHR-03,train,12,caution,risk,approved_on_validation,우선 점검 후보
2022-05-18,AST-5003,A2,8,8.565117175404112,0.2609275978227962,0.19050038236108,MRO-50009;MRO-10045;MRO-10047,MRO-50009;MRO-10045;MRO-10047,EOT Crane,DHR-03,train,12,risk,risk,approved_on_validation,우선 점검 후보
2022-05-18,AST-5007,A2,7,5.523701766110117,0.0778863197116223,0.048069225115399,MRO-10045;MRO-10046;MRO-20031,MRO-10045;MRO-10046;MRO-20031,EOT Crane,PUN-01,train,12,risk,caution,approved_on_validation,우선 점검 후보
2022-05-19,AST-1041,A2,0,5.913113262917841,0.098750290801517,0.0614691989545812,MRO-10047;MRO-10046;MRO-10045,MRO-10047;MRO-10046;MRO-10045,CNC Lathe,PUN-01,train,12,normal,risk,approved_on_validation,우선 점검 후보
2022-05-19,AST-1042,A2,8,5.840090256090976,0.0945762651318793,0.0586416174611367,MRO-10045;MRO-20031;MRO-80001,MRO-10045;MRO-20031;MRO-80001,CNC Lathe,PUN-01,train,12,risk,risk,approved_on_validation,우선 점검 후보
2022-05-19,AST-2017,A2,15,8.797880454473281,0.2785728372926133,0.2055396858158131,MRO-10046;MRO-80001;MRO-10045,MRO-10046;MRO-80001;MRO-10045,Hydraulic Press,PUN-01,train,12,high_risk,risk,approved_on_validation,우선 점검 후보
2022-05-19,AST-2031,A2,16,7.217867158203332,0.1689018634658677,0.115778190268224,MRO-10046;MRO-10047;MRO-80001,MRO-10046;MRO-10047;MRO-80001,Hydraulic Press,CHN-02,train,12,high_risk,risk,approved_on_validation,우선 점검 후보
2022-05-19,AST-3008,A2,0,5.110185568514124,0.0634729337983289,0.0367711356679449,MRO-10046;MRO-50009;MRO-80001,MRO-10046;MRO-50009;MRO-80001,Belt Conveyor,CHN-02,train,12,normal,caution,approved_on_validation,우선 점검 후보
2022-05-19,AST-3019,A2,4,5.172107190797891,0.067935762144296,0.038787444485289,MRO-40022;MRO-20031;MRO-10046,MRO-20031;MRO-10046;MRO-50009,Belt Conveyor,CHN-02,train,12,caution,caution,approved_on_validation,우선 점검 후보
2022-05-19,AST-4055,A2,12,9.089115569348593,0.2952532428756592,0.2249005150188244,MRO-20031;MRO-50009;MRO-10046,MRO-20031;MRO-50009;MRO-10046,Screw Compressor,DHR-03,train,12,high_risk,risk,approved_on_validation,우선 점검 후보
2022-05-19,AST-4061,A2,2,6.643517056427369,0.1349817736984011,0.0886739213476422,MRO-20033;MRO-80001;MRO-10045,MRO-80001;MRO-10045;MRO-20031,Screw Compressor,DHR-03,train,12,caution,risk,approved_on_validation,우선 점검 후보
2022-05-19,AST-5003,A2,11,7.734373166757865,0.2019210084993536,0.140076834976173,MRO-50009;MRO-10047;MRO-50008,MRO-50009;MRO-10047;MRO-10045,EOT Crane,DHR-03,train,12,risk,risk,approved_on_validation,우선 점검 후보
2022-05-19,AST-5007,A2,4,5.049857014447591,0.0596850365514462,0.0349428367765648,MRO-10045;MRO-20031;MRO-50009,MRO-10045;MRO-20031;MRO-50009,EOT Crane,PUN-01,train,12,caution,caution,approved_on_validation,우선 점검 후보
2022-05-20,AST-1041,A2,1,6.2351171925937905,0.1121606764991974,0.0734366573390655,MRO-10046;MRO-10047;MRO-10045,MRO-10046;MRO-10047;MRO-10045,CNC Lathe,PUN-01,train,12,caution,risk,approved_on_validation,우선 점검 후보
2022-05-20,AST-1042,A2,13,5.9506940630838425,0.0987586043030779,0.0628467535144369,MRO-20031;MRO-10045;MRO-10047,MRO-20031;MRO-10045;MRO-10047,CNC Lathe,PUN-01,train,12,high_risk,risk,approved_on_validation,우선 점검 후보
2022-05-20,AST-2017,A2,8,8.837980471532886,0.2817764212106575,0.2081353106125937,MRO-10046;MRO-10045;MRO-50009,MRO-10046;MRO-10045;MRO-50009,Hydraulic Press,PUN-01,train,12,risk,risk,approved_on_validation,우선 점검 후보
2022-05-20,AST-2031,A2,4,7.239223000696232,0.1714608044709257,0.1168947421532984,MRO-10046;MRO-10045;MRO-10047,MRO-10046;MRO-10045;MRO-10047,Hydraulic Press,CHN-02,train,12,caution,risk,approved_on_validation,우선 점검 후보
2022-05-20,AST-3008,A2,4,6.422565328761665,0.123056139607727,0.0802464979429106,MRO-50009;MRO-80001;MRO-10046,MRO-50009;MRO-80001;MRO-10046,Belt Conveyor,CHN-02,train,12,caution,risk,approved_on_validation,우선 점검 후보
2022-05-20,AST-3019,A2,0,4.9890739117712455,0.0612360471137857,0.0340799849162268,MRO-50009;MRO-10045;MRO-10046,MRO-50009;MRO-10045;MRO-10046,Belt Conveyor,CHN-02,train,12,normal,caution,approved_on_validation,우선 점검 후보
2022-05-20,AST-4055,A2,13,7.790283989611636,0.2044768511863388,0.1449227628847116,MRO-40022;MRO-10046;MRO-50009,MRO-10046;MRO-50009;MRO-10047,Screw Compressor,DHR-03,train,12,high_risk,risk,approved_on_validation,우선 점검 후보
2022-05-20,AST-4061,A2,11,6.608502311352536,0.1331000360204855,0.0876793537519053,MRO-80001;MRO-10045;MRO-20031,MRO-80001;MRO-10045;MRO-20031,Screw Compressor,DHR-03,train,12,risk,risk,approved_on_validation,우선 점검 후보
2022-05-20,AST-5003,A2,15,7.263793958020885,0.1694974178149715,0.1161612505150549,MRO-50008;MRO-40022;MRO-10047,MRO-10047;MRO-10045;MRO-50009,EOT Crane,DHR-03,train,12,high_risk,risk,approved_on_validation,우선 점검 후보
2022-05-20,AST-5007,A2,6,5.2377710587294395,0.0669500870985042,0.039690430937522,MRO-40021;MRO-10045;MRO-10046,MRO-10045;MRO-10046;MRO-20031,EOT Crane,PUN-01,train,12,risk,caution,approved_on_validation,우선 점검 후보
2022-05-21,AST-1041,A2,0,0.0032308470308972,6.57426587306297e-12,6.613226153917254e-15,MRO-10045;MRO-10046;MRO-10047,MRO-10045;MRO-10046;MRO-10047,CNC Lathe,PUN-01,train,12,normal,normal,approved_on_validation,우선 점검 후보
2022-05-21,AST-1042,A2,0,0.0032144325204499,6.2725218498049694e-12,6.362209356087233e-15,MRO-70005;MRO-20031;MRO-50009,MRO-20031;MRO-50009;MRO-80001,CNC Lathe,PUN-01,train,12,normal,normal,approved_on_validation,우선 점검 후보
2022-05-21,AST-2017,A2,0,0.003285085139596,7.02513496967468e-12,7.159041465152032e-15,MRO-10045;MRO-20031;MRO-30011,MRO-10045;MRO-20031;MRO-10046,Hydraulic Press,PUN-01,train,12,normal,normal,approved_on_validation,우선 점검 후보
2022-05-21,AST-2031,A2,0,0.0031500179797731,5.92345775854771e-12,5.883476523025583e-15,MRO-10047;MRO-20031;MRO-80001,MRO-10047;MRO-20031;MRO-80001,Hydraulic Press,CHN-02,train,12,normal,normal,approved_on_validation,우선 점검 후보
2022-05-21,AST-3008,A2,0,0.0033794068973603,6.4330232519381474e-12,7.0290521794125366e-15,MRO-20032;MRO-10046;MRO-20033,MRO-10046;MRO-20031;MRO-10045,Belt Conveyor,CHN-02,train,12,normal,normal,approved_on_validation,우선 점검 후보
2022-05-21,AST-3019,A2,0,0.0032765372114301,6.526129788138351e-12,6.9479979783862356e-15,MRO-20032;MRO-10045;MRO-10046,MRO-10045;MRO-10046;MRO-10047,Belt Conveyor,CHN-02,train,12,normal,normal,approved_on_validation,우선 점검 후보
2022-05-21,AST-4055,A2,0,0.0031056353939668,5.159897102842379e-12,5.188173331744593e-15,MRO-70005;MRO-10045;MRO-10046,MRO-10045;MRO-10046;MRO-10047,Screw Compressor,DHR-03,train,12,normal,normal,approved_on_validation,우선 점검 후보
2022-05-21,AST-4061,A2,0,0.003308888220324,6.621607902733886e-12,7.136958820244276e-15,MRO-90012;MRO-10046;MRO-10047,MRO-10046;MRO-10047;MRO-20031,Screw Compressor,DHR-03,train,12,normal,normal,approved_on_validation,우선 점검 후보
2022-05-21,AST-5003,A2,0,0.0032824078250837,4.815534352400834e-12,5.39685597472252e-15,MRO-90012;MRO-40022;MRO-50008,MRO-10046;MRO-20031;MRO-50009,EOT Crane,DHR-03,train,12,normal,normal,approved_on_validation,우선 점검 후보
2022-05-21,AST-5007,A2,0,0.0032464012565542,6.729564157206552e-12,6.7848021702808216e-15,MRO-10046;MRO-50008;MRO-10045,MRO-10046;MRO-10045;MRO-10047,EOT Crane,PUN-01,train,12,normal,normal,approved_on_validation,우선 점검 후보
2022-05-22,AST-1041,A2,0,0.0029127643054091,4.5414894064357785e-12,4.295845484726819e-15,MRO-90011;MRO-90012;MRO-70004,MRO-10045;MRO-10046;MRO-10047,CNC Lathe,PUN-01,train,12,normal,normal,approved_on_validation,우선 점검 후보
2022-05-22,AST-1042,A2,0,0.0032352351400644,6.553384074050818e-12,6.632077785599655e-15,MRO-70005;MRO-10045;MRO-10046,MRO-10045;MRO-10046;MRO-10047,CNC Lathe,PUN-01,train,12,normal,normal,approved_on_validation,우선 점검 후보
2022-05-22,AST-2017,A2,0,0.0032423041826147,6.5426604687740056e-12,6.633952977343449e-15,MRO-10047;MRO-20033;MRO-30012,MRO-10047;MRO-10045;MRO-20031,Hydraulic Press,PUN-01,train,12,normal,normal,approved_on_validation,우선 점검 후보
2022-05-22,AST-2031,A2,0,0.003240203650721,6.5397333794195206e-12,6.626990903656273e-15,MRO-20033;MRO-30011;MRO-10045,MRO-10045;MRO-10046;MRO-10047,Hydraulic Press,CHN-02,train,12,normal,normal,approved_on_validation,우선 점검 후보
2022-05-22,AST-3008,A2,0,0.0032012357470722,6.509450183466152e-12,6.427605531516136e-15,MRO-10045;MRO-10046;MRO-10047,MRO-10045;MRO-10046;MRO-10047,Belt Conveyor,CHN-02,train,12,normal,normal,approved_on_validation,우선 점검 후보
2022-05-22,AST-3019,A2,0,0.0032479062062528,6.374707558309819e-12,6.7129809326652426e-15,MRO-20032;MRO-20031;MRO-50009,MRO-20031;MRO-50009;MRO-10045,Belt Conveyor,CHN-02,train,12,normal,normal,approved_on_validation,우선 점검 후보
2022-05-22,AST-4055,A2,0,0.0031711521491792,5.7432040375199415e-12,5.817991294371909e-15,MRO-10045;MRO-10046;MRO-80001,MRO-10045;MRO-10046;MRO-80001,Screw Compressor,DHR-03,train,12,normal,normal,approved_on_validation,우선 점검 후보
2022-05-22,AST-4061,A2,0,0.0032435846826056,6.6288601464233795e-12,6.707917082907794e-15,MRO-10046;MRO-10047;MRO-20031,MRO-10046;MRO-10047;MRO-20031,Screw Compressor,DHR-03,train,12,normal,normal,approved_on_validation,우선 점검 후보
2022-05-22,AST-5003,A2,0,0.0034822731970596,4.840137204805638e-12,5.888034768461621e-15,MRO-40022;MRO-50008;MRO-80002,MRO-40022;MRO-50008;MRO-10045,EOT Crane,DHR-03,train,12,normal,normal,approved_on_validation,우선 점검 후보
2022-05-22,AST-5007,A2,0,0.0032167871825344,6.450175101600038e-12,6.49648026573671e-15,MRO-10045;MRO-10047;MRO-20031,MRO-10045;MRO-10047;MRO-20031,EOT Crane,PUN-01,train,12,normal,normal,approved_on_validation,우선 점검 후보
2022-05-23,AST-1041,A2,8,6.134168525057863,0.1084896906962439,0.0687365319408727,MRO-10046;MRO-10047;MRO-80001,MRO-10046;MRO-10047;MRO-80001,CNC Lathe,PUN-01,train,12,risk,risk,approved_on_validation,우선 점검 후보
2022-05-23,AST-1042,A2,8,6.511339119224653,0.1311038691356859,0.0838837860987358,MRO-80001;MRO-20031;MRO-10045,MRO-80001;MRO-20031;MRO-10045,CNC Lathe,PUN-01,train,12,risk,risk,approved_on_validation,우선 점검 후보
2022-05-23,AST-2017,A2,12,8.40932592715415,0.2504526315666203,0.180806454108869,MRO-10046;MRO-80001;MRO-20031,MRO-10046;MRO-80001;MRO-20031,Hydraulic Press,PUN-01,train,12,high_risk,risk,approved_on_validation,우선 점검 후보
2022-05-23,AST-2031,A2,4,7.2005220798916,0.1675657418853351,0.1145631298510995,MRO-10045;MRO-50009;MRO-10046,MRO-10045;MRO-50009;MRO-10046,Hydraulic Press,CHN-02,train,12,caution,risk,approved_on_validation,우선 점검 후보
2022-05-23,AST-3008,A2,4,6.3236296353755,0.1170878815088307,0.0768202624724855,MRO-80001;MRO-10045;MRO-50009,MRO-80001;MRO-10045;MRO-50009,Belt Conveyor,CHN-02,train,12,caution,risk,approved_on_validation,우선 점검 후보
2022-05-23,AST-3019,A2,11,5.345000145124464,0.0735797179712062,0.0436016922605599,MRO-20031;MRO-10046;MRO-10047,MRO-20031;MRO-10046;MRO-10047,Belt Conveyor,CHN-02,train,12,risk,caution,approved_on_validation,우선 점검 후보
2022-05-23,AST-4055,A2,6,7.889551299502027,0.2122508942511101,0.1510960880670411,MRO-20031;MRO-10047;MRO-80001,MRO-20031;MRO-10047;MRO-80001,Screw Compressor,DHR-03,train,12,risk,risk,approved_on_validation,우선 점검 후보
2022-05-23,AST-4061,A2,2,6.493628049154801,0.1276342405177616,0.0832059613481947,MRO-50009;MRO-10045;MRO-80001,MRO-50009;MRO-10045;MRO-80001,Screw Compressor,DHR-03,train,12,caution,risk,approved_on_validation,우선 점검 후보
2022-05-23,AST-5003,A2,8,8.009792940643898,0.2201263265514621,0.1566607603332242,MRO-10045;MRO-10047;MRO-80001,MRO-10045;MRO-10047;MRO-80001,EOT Crane,DHR-03,train,12,risk,risk,approved_on_validation,우선 점검 후보
2022-05-23,AST-5007,A2,7,5.468183770863685,0.075173257802942,0.0460102201076961,MRO-10046;MRO-50008;MRO-50009,MRO-10046;MRO-50009;MRO-10045,EOT Crane,PUN-01,train,12,risk,caution,approved_on_validation,우선 점검 후보
2022-05-24,AST-1041,A2,18,10.186787650070416,0.3879215392804129,0.3011042956239543,MRO-10047;MRO-80001;MRO-50009,MRO-10047;MRO-80001;MRO-50009,CNC Lathe,PUN-01,train,12,high_risk,risk,approved_on_validation,우선 점검 후보
2022-05-24,AST-1042,A2,7,5.906609654072413,0.0973332687541159,0.0608205202914864,MRO-80001;MRO-10045;MRO-50009,MRO-80001;MRO-10045;MRO-50009,CNC Lathe,PUN-01,train,12,risk,risk,approved_on_validation,우선 점검 후보
2022-05-24,AST-2017,A2,15,8.40268841357637,0.2476235382924206,0.1820790977742798,MRO-10046;MRO-80001;MRO-50009,MRO-10046;MRO-80001;MRO-50009,Hydraulic Press,PUN-01,train,12,high_risk,risk,approved_on_validation,우선 점검 후보
2022-05-24,AST-2031,A2,8,7.347031807061459,0.1777564175723235,0.1220536623207813,MRO-80001;MRO-10045;MRO-10046,MRO-80001;MRO-10045;MRO-10046,Hydraulic Press,CHN-02,train,12,risk,risk,approved_on_validation,우선 점검 후보
2022-05-24,AST-3008,A2,5,6.103306997939924,0.102554970382484,0.0665934938876498,MRO-80002;MRO-20032;MRO-20031,MRO-20031;MRO-10046;MRO-80001,Belt Conveyor,CHN-02,train,12,caution,risk,approved_on_validation,우선 점검 후보
2022-05-24,AST-3019,A2,4,5.157998420358859,0.0680197949561215,0.0392437640555694,MRO-20031;MRO-50009;MRO-10045,MRO-20031;MRO-50009;MRO-10045,Belt Conveyor,CHN-02,train,12,caution,caution,approved_on_validation,우선 점검 후보
2022-05-24,AST-4055,A2,6,6.915735092538152,0.1524577632903473,0.101091716777716,MRO-10046;MRO-10047;MRO-10045,MRO-10046;MRO-10047;MRO-10045,Screw Compressor,DHR-03,train,12,risk,risk,approved_on_validation,우선 점검 후보
2022-05-24,AST-4061,A2,14,8.431225276001658,0.2459541349919273,0.1820070489651185,MRO-10045;MRO-10047;MRO-10046,MRO-10045;MRO-10047;MRO-10046,Screw Compressor,DHR-03,train,12,high_risk,risk,approved_on_validation,우선 점검 후보
2022-05-24,AST-5003,A2,5,7.300322711187682,0.1730834714482086,0.1189110313927555,MRO-10045;MRO-80001;MRO-10047,MRO-10045;MRO-80001;MRO-10047,EOT Crane,DHR-03,train,12,caution,risk,approved_on_validation,우선 점검 후보
2022-05-24,AST-5007,A2,8,5.489906676311475,0.0771428751812712,0.0469178319052807,MRO-10046;MRO-10045;MRO-10047,MRO-10046;MRO-10045;MRO-10047,EOT Crane,PUN-01,train,12,risk,caution,approved_on_validation,우선 점검 후보
2022-05-25,AST-1041,A2,2,5.8524885616683076,0.0970833097567793,0.0596481900702806,MRO-10047;MRO-80001;MRO-50009,MRO-10047;MRO-80001;MRO-50009,CNC Lathe,PUN-01,train,12,caution,risk,approved_on_validation,우선 점검 후보
2022-05-25,AST-1042,A2,9,6.068202448476636,0.1061925073990712,0.066285033940721,MRO-20031;MRO-10045;MRO-80001,MRO-20031;MRO-10045;MRO-80001,CNC Lathe,PUN-01,train,12,risk,risk,approved_on_validation,우선 점검 후보
2022-05-25,AST-2017,A2,6,7.336678173329559,0.1730596133878388,0.118391867188186,MRO-50008;MRO-80001;MRO-10045,MRO-80001;MRO-10045;MRO-10046,Hydraulic Press,PUN-01,train,12,risk,risk,approved_on_validation,우선 점검 후보
2022-05-25,AST-2031,A2,6,7.4054461007805,0.1813319829983035,0.1247605068413338,MRO-80001;MRO-10045;MRO-50009,MRO-80001;MRO-10045;MRO-50009,Hydraulic Press,CHN-02,train,12,risk,risk,approved_on_validation,우선 점검 후보
2022-05-25,AST-3008,A2,0,7.082600465364439,0.1556529281310461,0.1080121563957629,MRO-20031;MRO-10047;MRO-40021,MRO-20031;MRO-10047;MRO-10045,Belt Conveyor,CHN-02,train,12,normal,risk,approved_on_validation,우선 점검 후보
2022-05-25,AST-3019,A2,10,5.8626018473238,0.0899292290640784,0.0583280080342656,MRO-70004;MRO-30012;MRO-10045,MRO-10045;MRO-50009;MRO-10046,Belt Conveyor,CHN-02,train,12,risk,caution,approved_on_validation,우선 점검 후보
2022-05-25,AST-4055,A2,6,7.516178760306314,0.1877503958817118,0.1310349002120434,MRO-50009;MRO-10046;MRO-10047,MRO-50009;MRO-10046;MRO-10047,Screw Compressor,DHR-03,train,12,risk,risk,approved_on_validation,우선 점검 후보
2022-05-25,AST-4061,A2,4,6.451111088941387,0.1261247282658665,0.0817010592928799,MRO-10047;MRO-10045;MRO-50009,MRO-10047;MRO-10045;MRO-50009,Screw Compressor,DHR-03,train,12,caution,risk,approved_on_validation,우선 점검 후보
2022-05-25,AST-5003,A2,14,7.347716597302686,0.1793178210804787,0.1214631796414638,MRO-80001;MRO-10047;MRO-50009,MRO-80001;MRO-10047;MRO-50009,EOT Crane,DHR-03,train,12,high_risk,risk,approved_on_validation,우선 점검 후보
2022-05-25,AST-5007,A2,2,4.853848479829152,0.0524368496741682,0.0303394895616123,MRO-10046;MRO-40022;MRO-20031,MRO-10046;MRO-20031;MRO-10045,EOT Crane,PUN-01,train,12,caution,caution,approved_on_validation,우선 점검 후보
2022-05-26,AST-1041,A2,12,6.353698717665078,0.1204148604988071,0.0779108357223406,MRO-50009;MRO-80001;MRO-10047,MRO-50009;MRO-80001;MRO-10047,CNC Lathe,PUN-01,train,12,high_risk,risk,approved_on_validation,우선 점검 후보
2022-05-26,AST-1042,A2,2,6.018017233689203,0.1020510202993802,0.0640137062110762,MRO-80001;MRO-10045;MRO-20031,MRO-80001;MRO-10045;MRO-20031,CNC Lathe,PUN-01,train,12,caution,risk,approved_on_validation,우선 점검 후보
2022-05-26,AST-2017,A2,5,7.000079828612171,0.1542389852401015,0.1040564362765355,MRO-10046;MRO-60015;MRO-10045,MRO-10046;MRO-10045;MRO-50009,Hydraulic Press,PUN-01,train,12,caution,risk,approved_on_validation,우선 점검 후보
2022-05-26,AST-2031,A2,4,7.698755819423902,0.199564888508832,0.1401936473018402,MRO-10046;MRO-80001;MRO-10045,MRO-10046;MRO-80001;MRO-10045,Hydraulic Press,CHN-02,train,12,caution,risk,approved_on_validation,우선 점검 후보
2022-05-26,AST-3008,A2,3,6.422126389316608,0.1232537252124991,0.0808708324310217,MRO-10047;MRO-20031;MRO-10045,MRO-10047;MRO-20031;MRO-10045,Belt Conveyor,CHN-02,train,12,caution,risk,approved_on_validation,우선 점검 후보
2022-05-26,AST-3019,A2,8,5.520841288593935,0.0816095712422092,0.0485364174998924,MRO-10045;MRO-20031;MRO-50009,MRO-10045;MRO-20031;MRO-50009,Belt Conveyor,CHN-02,train,12,risk,caution,approved_on_validation,우선 점검 후보
2022-05-26,AST-4055,A2,10,7.606284356299086,0.1947428902587643,0.1351355254905047,MRO-50009;MRO-10046;MRO-10047,MRO-50009;MRO-10046;MRO-10047,Screw Compressor,DHR-03,train,12,risk,risk,approved_on_validation,우선 점검 후보
2022-05-26,AST-4061,A2,4,6.541186072113344,0.1294570701576117,0.0841102431078796,MRO-80001;MRO-10047;MRO-10045,MRO-80001;MRO-10047;MRO-10045,Screw Compressor,DHR-03,train,12,caution,risk,approved_on_validation,우선 점검 후보
2022-05-26,AST-5003,A2,11,8.664140068765635,0.268718513231423,0.194427477020567,MRO-10047;MRO-80001;MRO-50009,MRO-10047;MRO-80001;MRO-50009,EOT Crane,DHR-03,train,12,risk,risk,approved_on_validation,우선 점검 후보
2022-05-26,AST-5007,A2,4,4.950304921563957,0.0557071082914017,0.0322969518914861,MRO-10045;MRO-10047;MRO-20031,MRO-10045;MRO-10047;MRO-20031,EOT Crane,PUN-01,train,12,caution,caution,approved_on_validation,우선 점검 후보
2022-05-27,AST-1041,A2,8,6.114486051453902,0.1076549935785056,0.0683488870661091,MRO-10046;MRO-80001;MRO-10047,MRO-10046;MRO-80001;MRO-10047,CNC Lathe,PUN-01,train,12,risk,risk,approved_on_validation,우선 점검 후보
2022-05-27,AST-1042,A2,8,5.7345680377042765,0.089819550362731,0.0544302943130602,MRO-20033;MRO-50009;MRO-10046,MRO-50009;MRO-10046;MRO-10047,CNC Lathe,PUN-01,train,12,risk,caution,approved_on_validation,우선 점검 후보
2022-05-27,AST-2017,A2,5,8.738736364812626,0.2721954667516045,0.2030913197417761,MRO-10046;MRO-50009;MRO-10045,MRO-10046;MRO-50009;MRO-10045,Hydraulic Press,PUN-01,train,12,caution,risk,approved_on_validation,우선 점검 후보
2022-05-27,AST-2031,A2,12,7.5478337293296835,0.1883640184232176,0.1328003120804528,MRO-80001;MRO-10045;MRO-10046,MRO-80001;MRO-10045;MRO-10046,Hydraulic Press,CHN-02,train,12,high_risk,risk,approved_on_validation,우선 점검 후보
2022-05-27,AST-3008,A2,8,6.909187688661355,0.1512042767188632,0.1013939347305216,MRO-10047;MRO-80001;MRO-20031,MRO-10047;MRO-80001;MRO-20031,Belt Conveyor,CHN-02,train,12,risk,risk,approved_on_validation,우선 점검 후보
2022-05-27,AST-3019,A2,9,8.654879367663693,0.2459818470032088,0.1861927852518939,MRO-30012;MRO-20032;MRO-90011,MRO-30012;MRO-20031;MRO-10045,Belt Conveyor,CHN-02,train,12,risk,risk,approved_on_validation,우선 점검 후보
2022-05-27,AST-4055,A2,4,7.981124088128433,0.219121178144416,0.155367245488694,MRO-50009;MRO-10045;MRO-10046,MRO-50009;MRO-10045;MRO-10046,Screw Compressor,DHR-03,train,12,caution,risk,approved_on_validation,우선 점검 후보
2022-05-27,AST-4061,A2,11,6.66141747807845,0.1351968859981764,0.090448776242818,MRO-10045;MRO-10047;MRO-50009,MRO-10045;MRO-10047;MRO-50009,Screw Compressor,DHR-03,train,12,risk,risk,approved_on_validation,우선 점검 후보
2022-05-27,AST-5003,A2,12,6.876208683157774,0.1488204833938522,0.0982778474327625,MRO-80001;MRO-20031;MRO-50009,MRO-80001;MRO-20031;MRO-50009,EOT Crane,DHR-03,train,12,high_risk,risk,approved_on_validation,우선 점검 후보
2022-05-27,AST-5007,A2,4,5.407555327916858,0.0727821489897789,0.0438135728513029,MRO-40022;MRO-80001;MRO-50009,MRO-80001;MRO-50009;MRO-10045,EOT Crane,PUN-01,train,12,caution,caution,approved_on_validation,우선 점검 후보
2022-05-28,AST-1041,A2,0,0.00326548963827,6.480207261806584e-12,6.7926155825693305e-15,MRO-90011;MRO-90012;MRO-20031,MRO-20031;MRO-80001;MRO-10045,CNC Lathe,PUN-01,train,12,normal,normal,approved_on_validation,우선 점검 후보
2022-05-28,AST-1042,A2,0,0.0032374026319476,6.578327276821977e-12,6.659186511434796e-15,MRO-10047;MRO-50009;MRO-10045,MRO-10047;MRO-50009;MRO-10045,CNC Lathe,PUN-01,train,12,normal,normal,approved_on_validation,우선 점검 후보
2022-05-28,AST-2017,A2,0,0.0032895726348369,6.639572463315002e-12,6.981690669552573e-15,MRO-70004;MRO-60015;MRO-20031,MRO-20031;MRO-10047;MRO-50009,Hydraulic Press,PUN-01,train,12,normal,normal,approved_on_validation,우선 점검 후보
2022-05-28,AST-2031,A2,0,0.0032597438795242,6.504714930273197e-12,6.7405619319346006e-15,MRO-70005;MRO-60015;MRO-80002,MRO-10045;MRO-10046;MRO-10047,Hydraulic Press,CHN-02,train,12,normal,normal,approved_on_validation,우선 점검 후보
2022-05-28,AST-3008,A2,0,0.0032125660942396,6.492007775223193e-12,6.494188917327947e-15,MRO-10045;MRO-10046;MRO-10047,MRO-10045;MRO-10046;MRO-10047,Belt Conveyor,CHN-02,train,12,normal,normal,approved_on_validation,우선 점검 후보
2022-05-28,AST-3019,A2,0,0.0033633864733983,8.610789314656004e-12,8.514374469622364e-15,MRO-20031;MRO-50009;MRO-10045,MRO-20031;MRO-50009;MRO-10045,Belt Conveyor,CHN-02,train,12,normal,normal,approved_on_validation,우선 점검 후보
2022-05-28,AST-4055,A2,0,0.0031602590483768,5.743042362434917e-12,5.7812062880224604e-15,MRO-10045;MRO-10047;MRO-80001,MRO-10045;MRO-10047;MRO-80001,Screw Compressor,DHR-03,train,12,normal,normal,approved_on_validation,우선 점검 후보
2022-05-28,AST-4061,A2,0,0.0033036014133038,6.639372166916597e-12,7.116440562253491e-15,MRO-90012;MRO-10046;MRO-10047,MRO-10046;MRO-10047;MRO-20031,Screw Compressor,DHR-03,train,12,normal,normal,approved_on_validation,우선 점검 후보
2022-05-28,AST-5003,A2,0,0.0031672462035579,6.277747508917057e-12,6.2486892137741436e-15,MRO-70004;MRO-50009;MRO-10046,MRO-50009;MRO-10046;MRO-10045,EOT Crane,DHR-03,train,12,normal,normal,approved_on_validation,우선 점검 후보
2022-05-28,AST-5007,A2,0,0.0029375582827376,4.964124024565562e-12,4.545892683079562e-15,MRO-80001;MRO-10045;MRO-10046,MRO-80001;MRO-10045;MRO-10046,EOT Crane,PUN-01,train,12,normal,normal,approved_on_validation,우선 점검 후보
2022-05-29,AST-1041,A2,0,0.0032244374973354,6.5462437287108695e-12,6.5580345016948856e-15,MRO-10046;MRO-20031;MRO-50009,MRO-10046;MRO-20031;MRO-50009,CNC Lathe,PUN-01,train,12,normal,normal,approved_on_validation,우선 점검 후보
2022-05-29,AST-1042,A2,0,0.003236182959465,6.560338799543624e-12,6.641615029451385e-15,MRO-10045;MRO-10046;MRO-20031,MRO-10045;MRO-10046;MRO-20031,CNC Lathe,PUN-01,train,12,normal,normal,approved_on_validation,우선 점검 후보
2022-05-29,AST-2017,A2,0,0.0033158963497167,6.8890469351089725e-12,7.279325910938664e-15,MRO-70004;MRO-20031;MRO-60015,MRO-20031;MRO-10047;MRO-50009,Hydraulic Press,PUN-01,train,12,normal,normal,approved_on_validation,우선 점검 후보
2022-05-29,AST-2031,A2,0,0.0031713362451981,6.1233032157397666e-12,6.102844529736699e-15,MRO-10045;MRO-10046;MRO-10047,MRO-10045;MRO-10046;MRO-10047,Hydraulic Press,CHN-02,train,12,normal,normal,approved_on_validation,우선 점검 후보
2022-05-29,AST-3008,A2,0,0.0032215052565692,6.601561149615948e-12,6.5809023216975234e-15,MRO-10045;MRO-10046;MRO-10047,MRO-10045;MRO-10046;MRO-10047,Belt Conveyor,CHN-02,train,12,normal,normal,approved_on_validation,우선 점검 후보
2022-05-29,AST-3019,A2,0,0.0035337391189236,1.0347697458049029e-11,1.0381084492430944e-14,MRO-20031;MRO-10045;MRO-10046,MRO-20031;MRO-10045;MRO-10046,Belt Conveyor,CHN-02,train,12,normal,normal,approved_on_validation,우선 점검 후보
2022-05-29,AST-4055,A2,0,0.0031697375841497,5.755202511734844e-12,5.81764824710102e-15,MRO-10045;MRO-10046;MRO-10047,MRO-10045;MRO-10046;MRO-10047,Screw Compressor,DHR-03,train,12,normal,normal,approved_on_validation,우선 점검 후보
2022-05-29,AST-4061,A2,0,0.0033020559659792,6.627181693240579e-12,7.1046773183979606e-15,MRO-90012;MRO-10046;MRO-10047,MRO-10046;MRO-10047;MRO-20031,Screw Compressor,DHR-03,train,12,normal,normal,approved_on_validation,우선 점검 후보
2022-05-29,AST-5003,A2,0,0.0038599682273663,1.3215360032439058e-11,1.4299417136434643e-14,MRO-10045;MRO-30012;MRO-60015,MRO-10045;MRO-50009;MRO-10047,EOT Crane,DHR-03,train,12,normal,normal,approved_on_validation,우선 점검 후보
2022-05-29,AST-5007,A2,0,0.0032567293142403,6.804966110390894e-12,6.8945347890446535e-15,MRO-80001;MRO-10045;MRO-10046,MRO-80001;MRO-10045;MRO-10046,EOT Crane,PUN-01,train,12,normal,normal,approved_on_validation,우선 점검 후보
2022-05-30,AST-1041,A2,7,5.761851115119135,0.0863026088709216,0.0548907199103483,MRO-20032;MRO-10047;MRO-30011,MRO-10047;MRO-10045;MRO-50009,CNC Lathe,PUN-01,train,12,risk,caution,approved_on_validation,우선 점검 후보
2022-05-30,AST-1042,A2,4,5.909349175907715,0.0945106749397854,0.0605834890930393,MRO-60015;MRO-80001;MRO-10045,MRO-80001;MRO-10045;MRO-20031,CNC Lathe,PUN-01,train,12,caution,caution,approved_on_validation,우선 점검 후보
2022-05-30,AST-2017,A2,6,8.235109346987315,0.2359775673536429,0.1708346493713008,MRO-10046;MRO-10047;MRO-20031,MRO-10046;MRO-10047;MRO-20031,Hydraulic Press,PUN-01,train,12,risk,risk,approved_on_validation,우선 점검 후보
2022-05-30,AST-2031,A2,0,6.89705603293179,0.1479803949805804,0.100880578582564,MRO-20031;MRO-80001;MRO-10045,MRO-20031;MRO-80001;MRO-10045,Hydraulic Press,CHN-02,train,12,normal,risk,approved_on_validation,우선 점검 후보
2022-05-30,AST-3008,A2,8,7.794157853665325,0.2065290552309849,0.1461523121119045,MRO-80001;MRO-10045;MRO-10047,MRO-80001;MRO-10045;MRO-10047,Belt Conveyor,CHN-02,train,12,risk,risk,approved_on_validation,우선 점검 후보
2022-05-30,AST-3019,A2,8,5.1208724059558435,0.0647346398829364,0.0382187824423798,MRO-50009;MRO-10047;MRO-80001,MRO-50009;MRO-10047;MRO-80001,Belt Conveyor,CHN-02,train,12,risk,caution,approved_on_validation,우선 점검 후보
2022-05-30,AST-4055,A2,8,7.891475073089766,0.2174738757520259,0.1501120293319857,MRO-80001;MRO-50009;MRO-20031,MRO-80001;MRO-50009;MRO-20031,Screw Compressor,DHR-03,train,12,risk,risk,approved_on_validation,우선 점검 후보
2022-05-30,AST-4061,A2,2,6.916064446748503,0.1514546548558339,0.1009468767820578,MRO-80001;MRO-10045;MRO-10047,MRO-80001;MRO-10045;MRO-10047,Screw Compressor,DHR-03,train,12,caution,risk,approved_on_validation,우선 점검 후보
2022-05-30,AST-5003,A2,8,8.143884786722758,0.2280261049072174,0.1650821284062581,MRO-50009;MRO-10046;MRO-20031,MRO-50009;MRO-10046;MRO-20031,EOT Crane,DHR-03,train,12,risk,risk,approved_on_validation,우선 점검 후보
2022-05-30,AST-5007,A2,2,5.4974328108214605,0.0781544697608413,0.0472686419603455,MRO-50009;MRO-10046;MRO-80001,MRO-50009;MRO-10046;MRO-80001,EOT Crane,PUN-01,train,12,caution,caution,approved_on_validation,우선 점검 후보
2022-05-31,AST-1041,A2,6,6.302944241722057,0.1180539050720574,0.0755088698303732,MRO-10047;MRO-50009;MRO-10046,MRO-10047;MRO-50009;MRO-10046,CNC Lathe,PUN-01,train,12,risk,risk,approved_on_validation,우선 점검 후보
2022-05-31,AST-1042,A2,0,5.839369033288714,0.0939589788133915,0.0576508369021685,MRO-20033;MRO-10045;MRO-20031,MRO-10045;MRO-20031;MRO-10046,CNC Lathe,PUN-01,train,12,normal,risk,approved_on_validation,우선 점검 후보
2022-05-31,AST-2017,A2,13,8.81256255485988,0.2754028653799745,0.2069762239756931,MRO-70004;MRO-10047;MRO-20031,MRO-10047;MRO-20031;MRO-10045,Hydraulic Press,PUN-01,train,12,high_risk,risk,approved_on_validation,우선 점검 후보
2022-05-31,AST-2031,A2,12,8.538340412074385,0.2559314983973941,0.1890965611851341,MRO-80001;MRO-20031;MRO-10045,MRO-80001;MRO-20031;MRO-10045,Hydraulic Press,CHN-02,train,12,high_risk,risk,approved_on_validation,우선 점검 후보
2022-05-31,AST-3008,A2,15,6.123746275141927,0.1076738227494308,0.0685009086892286,MRO-80001;MRO-20031;MRO-50009,MRO-80001;MRO-20031;MRO-50009,Belt Conveyor,CHN-02,train,12,high_risk,risk,approved_on_validation,우선 점검 후보
2022-05-31,AST-3019,A2,1,5.650111286955513,0.0827051073172311,0.0515025198283249,MRO-40022;MRO-50009;MRO-60016,MRO-50009;MRO-80001;MRO-20031,Belt Conveyor,CHN-02,train,12,caution,caution,approved_on_validation,우선 점검 후보
2022-05-31,AST-4055,A2,3,7.751599927066569,0.1986606845020739,0.140978047896423,MRO-10046;MRO-30011;MRO-60015,MRO-10046;MRO-10045;MRO-80001,Screw Compressor,DHR-03,train,12,caution,risk,approved_on_validation,우선 점검 후보
2022-05-31,AST-4061,A2,3,6.292437411646098,0.1163271538727507,0.0751063423359623,MRO-10045;MRO-10047;MRO-80001,MRO-10045;MRO-10047;MRO-80001,Screw Compressor,DHR-03,train,12,caution,risk,approved_on_validation,우선 점검 후보
2022-05-31,AST-5003,A2,3,7.775089551700389,0.2043095650005708,0.1454151573731576,MRO-80001;MRO-70005;MRO-10046,MRO-80001;MRO-10046;MRO-50009,EOT Crane,DHR-03,train,12,caution,risk,approved_on_validation,우선 점검 후보
2022-05-31,AST-5007,A2,10,5.988031363161473,0.1009886980785719,0.062802279701095,MRO-10046;MRO-80001;MRO-10045,MRO-10046;MRO-80001;MRO-10045,EOT Crane,PUN-01,train,12,risk,risk,approved_on_validation,우선 점검 후보
2022-06-01,AST-1041,A2,6,6.469496885023595,0.1227222737362662,0.0813541957900597,MRO-50009;MRO-10045;MRO-20031,MRO-50009;MRO-10045;MRO-20031,CNC Lathe,PUN-01,train,12,risk,risk,approved_on_validation,우선 점검 후보
2022-06-01,AST-1042,A2,12,6.644996075846364,0.1399997313407115,0.0900985913277379,MRO-80001;MRO-50009;MRO-10047,MRO-80001;MRO-50009;MRO-10047,CNC Lathe,PUN-01,train,12,high_risk,risk,approved_on_validation,우선 점검 후보
2022-06-01,AST-2017,A2,26,11.042934934158156,0.4538367493378605,0.3655852593002768,MRO-10046;MRO-10047;MRO-10045,MRO-10046;MRO-10047;MRO-10045,Hydraulic Press,PUN-01,train,12,high_risk,high_risk,approved_on_validation,우선 점검 후보
2022-06-01,AST-2031,A2,11,7.608450407764643,0.1916959239404375,0.1341698566911545,MRO-20031;MRO-60015;MRO-80001,MRO-20031;MRO-80001;MRO-10047,Hydraulic Press,CHN-02,train,12,risk,risk,approved_on_validation,우선 점검 후보
2022-06-01,AST-3008,A2,7,6.380822396880739,0.1197906766997841,0.0791700421226798,MRO-50009;MRO-10047;MRO-10046,MRO-50009;MRO-10047;MRO-10046,Belt Conveyor,CHN-02,train,12,risk,risk,approved_on_validation,우선 점검 후보
2022-06-01,AST-3019,A2,5,5.284864855149355,0.0727088271453413,0.0421853582119675,MRO-10047;MRO-10045;MRO-10046,MRO-10047;MRO-10045;MRO-10046,Belt Conveyor,CHN-02,train,12,caution,caution,approved_on_validation,우선 점검 후보
2022-06-01,AST-4055,A2,4,8.117864329112924,0.2301665997418504,0.163607310822169,MRO-20031;MRO-80001;MRO-10046,MRO-20031;MRO-80001;MRO-10046,Screw Compressor,DHR-03,train,12,caution,risk,approved_on_validation,우선 점검 후보
2022-06-01,AST-4061,A2,14,6.428176036468223,0.1235121722426093,0.0806835401989891,MRO-10045;MRO-10047;MRO-80001,MRO-10045;MRO-10047;MRO-80001,Screw Compressor,DHR-03,train,12,high_risk,risk,approved_on_validation,우선 점검 후보
2022-06-01,AST-5003,A2,10,7.640440203485697,0.1960191989173685,0.1365501232861708,MRO-10047;MRO-80001;MRO-10046,MRO-10047;MRO-80001;MRO-10046,EOT Crane,DHR-03,train,12,risk,risk,approved_on_validation,우선 점검 후보
2022-06-01,AST-5007,A2,8,5.282543009191761,0.0683884012453528,0.0405757523629324,MRO-80002;MRO-50009;MRO-20031,MRO-50009;MRO-20031;MRO-10046,EOT Crane,PUN-01,train,12,risk,caution,approved_on_validation,우선 점검 후보
2022-06-02,AST-1041,A2,13,6.201559976255621,0.1122606903693385,0.0716415427678147,MRO-80001;MRO-50009;MRO-10047,MRO-80001;MRO-50009;MRO-10047,CNC Lathe,PUN-01,train,12,high_risk,risk,approved_on_validation,우선 점검 후보
2022-06-02,AST-1042,A2,6,6.124628552260656,0.1081201906005881,0.0669991191552456,MRO-20033;MRO-20031;MRO-10046,MRO-20031;MRO-10046;MRO-80001,CNC Lathe,PUN-01,train,12,risk,risk,approved_on_validation,우선 점검 후보
2022-06-02,AST-2017,A2,19,7.8489151854934684,0.2095675677551289,0.1474457526179376,MRO-10046;MRO-10047;MRO-20031,MRO-10046;MRO-10047;MRO-20031,Hydraulic Press,PUN-01,train,12,high_risk,risk,approved_on_validation,우선 점검 후보
2022-06-02,AST-2031,A2,10,7.222676944800562,0.1699235492673476,0.115762103114806,MRO-10047;MRO-20031;MRO-80001,MRO-10047;MRO-20031;MRO-80001,Hydraulic Press,CHN-02,train,12,risk,risk,approved_on_validation,우선 점검 후보
2022-06-02,AST-3008,A2,0,6.36317752743817,0.1219229305894981,0.0778114258416634,MRO-10046;MRO-50009;MRO-10047,MRO-10046;MRO-50009;MRO-10047,Belt Conveyor,CHN-02,train,12,normal,risk,approved_on_validation,우선 점검 후보
2022-06-02,AST-3019,A2,2,5.6406407915896475,0.0829901677760174,0.0520506728343851,MRO-30012;MRO-10047;MRO-10046,MRO-10047;MRO-10046;MRO-50009,Belt Conveyor,CHN-02,train,12,caution,caution,approved_on_validation,우선 점검 후보
2022-06-02,AST-4055,A2,7,7.585668289923382,0.1880722242529796,0.1338597755988484,MRO-20032;MRO-10047;MRO-10046,MRO-10047;MRO-10046;MRO-80001,Screw Compressor,DHR-03,train,12,risk,risk,approved_on_validation,우선 점검 후보
2022-06-02,AST-4061,A2,8,6.833936105010258,0.1470831096735163,0.0979381816054145,MRO-80001;MRO-10047;MRO-20031,MRO-80001;MRO-10047;MRO-20031,Screw Compressor,DHR-03,train,12,risk,risk,approved_on_validation,우선 점검 후보
2022-06-02,AST-5003,A2,10,8.701214031641063,0.2711853698110068,0.1984275838213078,MRO-10047;MRO-80001;MRO-20031,MRO-10047;MRO-80001;MRO-20031,EOT Crane,DHR-03,train,12,risk,risk,approved_on_validation,우선 점검 후보
2022-06-02,AST-5007,A2,10,5.193261530145609,0.0667195148549458,0.0390275320488036,MRO-20031;MRO-50009;MRO-10047,MRO-20031;MRO-50009;MRO-10047,EOT Crane,PUN-01,train,12,risk,caution,approved_on_validation,우선 점검 후보
2022-06-03,AST-1041,A2,4,6.40197730656881,0.1172641986445088,0.0792352847255332,MRO-90011;MRO-90012;MRO-10046,MRO-10046;MRO-50009;MRO-80001,CNC Lathe,PUN-01,train,12,caution,risk,approved_on_validation,우선 점검 후보
2022-06-03,AST-1042,A2,2,6.369926620342674,0.1107019734238179,0.0764535530000928,MRO-70005;MRO-90011;MRO-20032,MRO-80001;MRO-10045;MRO-50009,CNC Lathe,PUN-01,train,12,caution,risk,approved_on_validation,우선 점검 후보
2022-06-03,AST-2017,A2,8,8.452098267517936,0.2538607814082705,0.1843068893231239,MRO-10046;MRO-80001;MRO-10045,MRO-10046;MRO-80001;MRO-10045,Hydraulic Press,PUN-01,train,12,risk,risk,approved_on_validation,우선 점검 후보
2022-06-03,AST-2031,A2,5,7.535702832221682,0.190021971878644,0.1316508405936118,MRO-80001;MRO-10047;MRO-20031,MRO-80001;MRO-10047;MRO-20031,Hydraulic Press,CHN-02,train,12,caution,risk,approved_on_validation,우선 점검 후보
2022-06-03,AST-3008,A2,4,6.5264344198652795,0.1266883130096223,0.0842704932891715,MRO-10046;MRO-50009;MRO-10047,MRO-10046;MRO-50009;MRO-10047,Belt Conveyor,CHN-02,train,12,caution,risk,approved_on_validation,우선 점검 후보
2022-06-03,AST-3019,A2,4,5.715359763936097,0.0857620960170044,0.0541863256378239,MRO-80002;MRO-20032;MRO-10047,MRO-10047;MRO-10045;MRO-10046,Belt Conveyor,CHN-02,train,12,caution,caution,approved_on_validation,우선 점검 후보
2022-06-03,AST-4055,A2,10,7.816066985667168,0.2107303565624126,0.1453140722145531,MRO-20031;MRO-10047;MRO-10046,MRO-20031;MRO-10047;MRO-10046,Screw Compressor,DHR-03,train,12,risk,risk,approved_on_validation,우선 점검 후보
2022-06-03,AST-4061,A2,4,7.569591167537982,0.1925537315005819,0.1339214014132118,MRO-10045;MRO-20031;MRO-50009,MRO-10045;MRO-20031;MRO-50009,Screw Compressor,DHR-03,train,12,caution,risk,approved_on_validation,우선 점검 후보
2022-06-03,AST-5003,A2,4,7.59210406143676,0.1951846203942871,0.1335982144583309,MRO-10047;MRO-20031;MRO-10045,MRO-10047;MRO-20031;MRO-10045,EOT Crane,DHR-03,train,12,caution,risk,approved_on_validation,우선 점검 후보
2022-06-03,AST-5007,A2,6,5.907300885892461,0.0894861298599812,0.0573736757459286,MRO-30011;MRO-40022;MRO-70005,MRO-30011;MRO-50009;MRO-10047,EOT Crane,PUN-01,train,12,risk,caution,approved_on_validation,우선 점검 후보
2022-06-04,AST-1041,A2,0,0.0030262030029134,5.868073466254546e-12,5.362109896250036e-15,MRO-10047;MRO-90011;MRO-90012,MRO-10047;MRO-10045;MRO-20031,CNC Lathe,PUN-01,train,12,normal,normal,approved_on_validation,우선 점검 후보
2022-06-04,AST-1042,A2,0,0.0032395915803992,6.5672881402418445e-12,6.669198122696821e-15,MRO-70005;MRO-10045;MRO-10046,MRO-10045;MRO-10046;MRO-20031,CNC Lathe,PUN-01,train,12,normal,normal,approved_on_validation,우선 점검 후보
2022-06-04,AST-2017,A2,0,0.0033956216581118,6.8666686138409966e-12,7.402174720494239e-15,MRO-60015;MRO-10045;MRO-10046,MRO-10045;MRO-10046;MRO-60015,Hydraulic Press,PUN-01,train,12,normal,normal,approved_on_validation,우선 점검 후보
2022-06-04,AST-2031,A2,0,0.003265797193215,6.977124418489524e-12,7.0392787974944315e-15,MRO-10046;MRO-20031;MRO-50008,MRO-10046;MRO-20031;MRO-10045,Hydraulic Press,CHN-02,train,12,normal,normal,approved_on_validation,우선 점검 후보
2022-06-04,AST-3008,A2,0,0.0032222549136077,6.6156666439593875e-12,6.593366329299881e-15,MRO-10045;MRO-10046;MRO-10047,MRO-10045;MRO-10046;MRO-10047,Belt Conveyor,CHN-02,train,12,normal,normal,approved_on_validation,우선 점검 후보
2022-06-04,AST-3019,A2,0,0.0035305442354302,1.0357215495532782e-11,1.0477354122638836e-14,MRO-20031;MRO-70004;MRO-10045,MRO-20031;MRO-10045;MRO-10046,Belt Conveyor,CHN-02,train,12,normal,normal,approved_on_validation,우선 점검 후보
2022-06-04,AST-4055,A2,0,0.0031963356244946,6.080063047707573e-12,6.178171659162276e-15,MRO-70005;MRO-10045;MRO-10047,MRO-10045;MRO-10047;MRO-20031,Screw Compressor,DHR-03,train,12,normal,normal,approved_on_validation,우선 점검 후보
2022-06-04,AST-4061,A2,0,0.003256304059368,6.700982401601938e-12,6.842741476846382e-15,MRO-90012;MRO-10047;MRO-10046,MRO-10047;MRO-10046;MRO-20031,Screw Compressor,DHR-03,train,12,normal,normal,approved_on_validation,우선 점검 후보
2022-06-04,AST-5003,A2,0,0.0031971947402368,6.3784268128282405e-12,6.3613144448953994e-15,MRO-10045;MRO-10046;MRO-20031,MRO-10045;MRO-10046;MRO-20031,EOT Crane,DHR-03,train,12,normal,normal,approved_on_validation,우선 점검 후보
2022-06-04,AST-5007,A2,0,0.0031780071859304,6.137287740641592e-12,6.118866680808167e-15,MRO-40022;MRO-30011;MRO-20032,MRO-10045;MRO-10046;MRO-50009,EOT Crane,PUN-01,train,12,normal,normal,approved_on_validation,우선 점검 후보
2022-06-05,AST-1041,A2,0,0.003235761969879,6.500390612240174e-12,6.609925953931698e-15,MRO-90011;MRO-90012;MRO-10045,MRO-10045;MRO-10046;MRO-20031,CNC Lathe,PUN-01,train,12,normal,normal,approved_on_validation,우선 점검 후보
2022-06-05,AST-1042,A2,0,0.0032400929238196,6.574260394772965e-12,6.6748870068806535e-15,MRO-70005;MRO-10045;MRO-10046,MRO-10045;MRO-10046;MRO-10047,CNC Lathe,PUN-01,train,12,normal,normal,approved_on_validation,우선 점검 후보
2022-06-05,AST-2017,A2,0,0.0032274777616857,6.514531666970045e-12,6.569939499236131e-15,MRO-10047;MRO-50009;MRO-80001,MRO-10047;MRO-50009;MRO-80001,Hydraulic Press,PUN-01,train,12,normal,normal,approved_on_validation,우선 점검 후보
2022-06-05,AST-2031,A2,0,0.0032235720651871,6.5390373116666055e-12,6.635011210253281e-15,MRO-70005;MRO-10045;MRO-10046,MRO-10045;MRO-10046;MRO-10047,Hydraulic Press,CHN-02,train,12,normal,normal,approved_on_validation,우선 점검 후보
2022-06-05,AST-3008,A2,0,0.0032058152817828,6.509461191249926e-12,6.455557725985375e-15,MRO-10045;MRO-10046;MRO-10047,MRO-10045;MRO-10046;MRO-10047,Belt Conveyor,CHN-02,train,12,normal,normal,approved_on_validation,우선 점검 후보
2022-06-05,AST-3019,A2,0,0.0031499979015089,5.949854731289738e-12,5.9712146635231966e-15,MRO-70004;MRO-10045;MRO-10046,MRO-10045;MRO-10046;MRO-10047,Belt Conveyor,CHN-02,train,12,normal,normal,approved_on_validation,우선 점검 후보
2022-06-05,AST-4055,A2,0,0.0032436475250181,6.647768471474085e-12,6.718791329477482e-15,MRO-10045;MRO-10047;MRO-20031,MRO-10045;MRO-10047;MRO-20031,Screw Compressor,DHR-03,train,12,normal,normal,approved_on_validation,우선 점검 후보
2022-06-05,AST-4061,A2,0,0.003258026338088,6.643042082214433e-12,6.809498366435297e-15,MRO-90012;MRO-10045;MRO-10046,MRO-10045;MRO-10046;MRO-20031,Screw Compressor,DHR-03,train,12,normal,normal,approved_on_validation,우선 점검 후보
2022-06-05,AST-5003,A2,0,0.0032286531919521,6.534992443242517e-12,6.583923248161002e-15,MRO-10045;MRO-10046;MRO-20031,MRO-10045;MRO-10046;MRO-20031,EOT Crane,DHR-03,train,12,normal,normal,approved_on_validation,우선 점검 후보
2022-06-05,AST-5007,A2,0,0.0032703205530651,6.57424930390309e-12,6.875336651694924e-15,MRO-70004;MRO-10045;MRO-10046,MRO-10045;MRO-10046;MRO-10047,EOT Crane,PUN-01,train,12,normal,normal,approved_on_validation,우선 점검 후보
2022-06-06,AST-1041,A2,3,6.509204105193707,0.1187116807577575,0.0831206689128967,MRO-90011;MRO-90012;MRO-50009,MRO-50009;MRO-80001;MRO-10046,CNC Lathe,PUN-01,train,12,caution,risk,approved_on_validation,우선 점검 후보
2022-06-06,AST-1042,A2,12,6.1902354584550725,0.1065177311789306,0.0704518062980373,MRO-20033;MRO-70005;MRO-70004,MRO-10046;MRO-80001;MRO-10045,CNC Lathe,PUN-01,train,12,high_risk,risk,approved_on_validation,우선 점검 후보
2022-06-06,AST-2017,A2,16,8.492995562819232,0.2557995772346702,0.1866643471474692,MRO-10045;MRO-10047;MRO-80001,MRO-10045;MRO-10047;MRO-80001,Hydraulic Press,PUN-01,train,12,high_risk,risk,approved_on_validation,우선 점검 후보
2022-06-06,AST-2031,A2,14,7.716164858425766,0.2017192915645647,0.1412979482961825,MRO-50009;MRO-80001;MRO-20031,MRO-50009;MRO-80001;MRO-20031,Hydraulic Press,CHN-02,train,12,high_risk,risk,approved_on_validation,우선 점검 후보
2022-06-06,AST-3008,A2,8,6.386695277509337,0.1177178074483294,0.0783472611372779,MRO-40021;MRO-10047;MRO-50009,MRO-10047;MRO-50009;MRO-20031,Belt Conveyor,CHN-02,train,12,risk,risk,approved_on_validation,우선 점검 후보
2022-06-06,AST-3019,A2,4,5.49254038348212,0.0778891184266068,0.0480712334461038,MRO-10047;MRO-10046;MRO-20031,MRO-10047;MRO-10046;MRO-20031,Belt Conveyor,CHN-02,train,12,caution,caution,approved_on_validation,우선 점검 후보
2022-06-06,AST-4055,A2,1,7.533320990045037,0.1893559021717001,0.1315917884557891,MRO-10047;MRO-10046;MRO-80001,MRO-10047;MRO-10046;MRO-80001,Screw Compressor,DHR-03,train,12,caution,risk,approved_on_validation,우선 점검 후보
2022-06-06,AST-4061,A2,3,6.594856832094499,0.1325226193450578,0.0874613461298783,MRO-50009;MRO-10047;MRO-20031,MRO-50009;MRO-10047;MRO-20031,Screw Compressor,DHR-03,train,12,caution,risk,approved_on_validation,우선 점검 후보
2022-06-06,AST-5003,A2,11,7.063861151772204,0.1571122135506607,0.1064319187532854,MRO-80001;MRO-20031;MRO-10047,MRO-80001;MRO-20031;MRO-10047,EOT Crane,DHR-03,train,12,risk,risk,approved_on_validation,우선 점검 후보
2022-06-06,AST-5007,A2,0,5.57468642219191,0.0815233771977022,0.0496927772381964,MRO-10047;MRO-20031;MRO-50009,MRO-10047;MRO-20031;MRO-50009,EOT Crane,PUN-01,train,12,normal,caution,approved_on_validation,우선 점검 후보
2022-06-07,AST-1041,A2,7,5.849163678665493,0.093268664519917,0.0582819264569541,MRO-50009;MRO-80001;MRO-10046,MRO-50009;MRO-80001;MRO-10046,CNC Lathe,PUN-01,train,12,risk,risk,approved_on_validation,우선 점검 후보
2022-06-07,AST-1042,A2,8,6.679580866236824,0.1340001092519413,0.0905160707662369,MRO-70005;MRO-40022;MRO-80001,MRO-80001;MRO-10047;MRO-10046,CNC Lathe,PUN-01,train,12,risk,risk,approved_on_validation,우선 점검 후보
2022-06-07,AST-2017,A2,12,8.360758266620257,0.2463850477683496,0.1794548223331863,MRO-80001;MRO-10047;MRO-50009,MRO-80001;MRO-10047;MRO-50009,Hydraulic Press,PUN-01,train,12,high_risk,risk,approved_on_validation,우선 점검 후보
2022-06-07,AST-2031,A2,0,7.287664631714256,0.1711929352761858,0.1189626945947844,MRO-50009;MRO-20031;MRO-60015,MRO-50009;MRO-20031;MRO-80001,Hydraulic Press,CHN-02,train,12,normal,risk,approved_on_validation,우선 점검 후보
2022-06-07,AST-3008,A2,4,6.681560778723111,0.1338701620620045,0.0906204456402737,MRO-30011;MRO-20031;MRO-10047,MRO-20031;MRO-10047;MRO-50009,Belt Conveyor,CHN-02,train,12,caution,risk,approved_on_validation,우선 점검 후보
2022-06-07,AST-3019,A2,4,5.428504656581992,0.075628117972353,0.0460249074823102,MRO-10046;MRO-10047;MRO-20031,MRO-10046;MRO-10047;MRO-20031,Belt Conveyor,CHN-02,train,12,caution,caution,approved_on_validation,우선 점검 후보
2022-06-07,AST-4055,A2,12,8.339049505563699,0.2448482810420418,0.1757271418176175,MRO-10046;MRO-50009;MRO-10047,MRO-10046;MRO-50009;MRO-10047,Screw Compressor,DHR-03,train,12,high_risk,risk,approved_on_validation,우선 점검 후보
2022-06-07,AST-4061,A2,6,6.561104220185811,0.128390298601341,0.0852712075106983,MRO-10047;MRO-50009;MRO-10045,MRO-10047;MRO-50009;MRO-10045,Screw Compressor,DHR-03,train,12,risk,risk,approved_on_validation,우선 점검 후보
2022-06-07,AST-5003,A2,12,8.687217017140995,0.2678347260666934,0.1969075615063944,MRO-30012;MRO-10045;MRO-10047,MRO-10045;MRO-10047;MRO-20031,EOT Crane,DHR-03,train,12,high_risk,risk,approved_on_validation,우선 점검 후보
2022-06-07,AST-5007,A2,2,5.154884149910379,0.0626360208862193,0.0374445655538306,MRO-10047;MRO-20031;MRO-50009,MRO-10047;MRO-20031;MRO-50009,EOT Crane,PUN-01,train,12,caution,caution,approved_on_validation,우선 점검 후보
2022-06-08,AST-1041,A2,6,6.255722899127105,0.1140311621125637,0.0733829848816521,MRO-50009;MRO-80001;MRO-10046,MRO-50009;MRO-80001;MRO-10046,CNC Lathe,PUN-01,train,12,risk,risk,approved_on_validation,우선 점검 후보
2022-06-08,AST-1042,A2,3,6.371164010652617,0.1160558480321215,0.0774903757736315,MRO-70005;MRO-10045;MRO-80001,MRO-10045;MRO-80001;MRO-20031,CNC Lathe,PUN-01,train,12,caution,risk,approved_on_validation,우선 점검 후보
2022-06-08,AST-2017,A2,16,9.74785897473415,0.3498708993331161,0.2685992924176536,MRO-50009;MRO-10047;MRO-20031,MRO-50009;MRO-10047;MRO-20031,Hydraulic Press,PUN-01,train,12,high_risk,risk,approved_on_validation,우선 점검 후보
2022-06-08,AST-2031,A2,16,7.779176293524264,0.2027191837399834,0.1439889144548361,MRO-50009;MRO-30012;MRO-60015,MRO-50009;MRO-20031;MRO-80001,Hydraulic Press,CHN-02,train,12,high_risk,risk,approved_on_validation,우선 점검 후보
2022-06-08,AST-3008,A2,15,7.03884093440367,0.1535117268096832,0.1066981272950629,MRO-30011;MRO-10047;MRO-20031,MRO-10047;MRO-20031;MRO-10045,Belt Conveyor,CHN-02,train,12,high_risk,risk,approved_on_validation,우선 점검 후보
2022-06-08,AST-3019,A2,1,5.246440695143152,0.0703327053502916,0.0411289819158762,MRO-80001;MRO-10047;MRO-10046,MRO-80001;MRO-10047;MRO-10046,Belt Conveyor,CHN-02,train,12,caution,caution,approved_on_validation,우선 점검 후보
2022-06-08,AST-4055,A2,8,8.371268554383118,0.2474418900449024,0.1773292525424932,MRO-50008;MRO-50009;MRO-10046,MRO-50009;MRO-10046;MRO-10047,Screw Compressor,DHR-03,train,12,risk,risk,approved_on_validation,우선 점검 후보
2022-06-08,AST-4061,A2,8,6.6082995950944,0.1329003537774851,0.087933514127803,MRO-10047;MRO-20031;MRO-50009,MRO-10047;MRO-20031;MRO-50009,Screw Compressor,DHR-03,train,12,risk,risk,approved_on_validation,우선 점검 후보
2022-06-08,AST-5003,A2,12,8.007387866865281,0.2198709152189038,0.1555998796252957,MRO-10047;MRO-10045;MRO-50008,MRO-10047;MRO-10045;MRO-80001,EOT Crane,DHR-03,train,12,high_risk,risk,approved_on_validation,우선 점검 후보
2022-06-08,AST-5007,A2,12,6.02207258279393,0.1050162965734706,0.065912031500021,MRO-10047;MRO-20031;MRO-50009,MRO-10047;MRO-20031;MRO-50009,EOT Crane,PUN-01,train,12,high_risk,risk,approved_on_validation,우선 점검 후보
2022-06-09,AST-1041,A2,8,6.009352234228101,0.1004263792744151,0.0640845465897689,MRO-50009;MRO-80001;MRO-10046,MRO-50009;MRO-80001;MRO-10046,CNC Lathe,PUN-01,train,12,risk,risk,approved_on_validation,우선 점검 후보
2022-06-09,AST-1042,A2,5,5.8622655386718145,0.0950042326901532,0.0589849931339205,MRO-10045;MRO-80001;MRO-10047,MRO-10045;MRO-80001;MRO-10047,CNC Lathe,PUN-01,train,12,caution,risk,approved_on_validation,우선 점검 후보
2022-06-09,AST-2017,A2,6,8.876761861752874,0.2856830554889714,0.2116757460759604,MRO-10047;MRO-10046;MRO-80001,MRO-10047;MRO-10046;MRO-80001,Hydraulic Press,PUN-01,train,12,risk,risk,approved_on_validation,우선 점검 후보
2022-06-09,AST-2031,A2,4,7.469961199627179,0.1827418770956274,0.1279937940930265,MRO-60015;MRO-10047;MRO-50009,MRO-10047;MRO-50009;MRO-80001,Hydraulic Press,CHN-02,train,12,caution,risk,approved_on_validation,우선 점검 후보
2022-06-09,AST-3008,A2,5,6.342419270495918,0.1158866046345011,0.0770936927688818,MRO-90011;MRO-10046;MRO-50009,MRO-10046;MRO-50009;MRO-10047,Belt Conveyor,CHN-02,train,12,caution,risk,approved_on_validation,우선 점검 후보
2022-06-09,AST-3019,A2,0,5.074305021591164,0.0622790439431843,0.0368857844317345,MRO-90011;MRO-80001;MRO-10047,MRO-80001;MRO-10047;MRO-10046,Belt Conveyor,CHN-02,train,12,normal,caution,approved_on_validation,우선 점검 후보
2022-06-09,AST-4055,A2,4,7.557269535111751,0.1917311648315787,0.1327400591453264,MRO-10046;MRO-10047;MRO-80001,MRO-10046;MRO-10047;MRO-80001,Screw Compressor,DHR-03,train,12,caution,risk,approved_on_validation,우선 점검 후보
2022-06-09,AST-4061,A2,16,6.800471628484981,0.1446384959768281,0.0965241679353969,MRO-80001;MRO-10047;MRO-50009,MRO-80001;MRO-10047;MRO-50009,Screw Compressor,DHR-03,train,12,high_risk,risk,approved_on_validation,우선 점검 후보
2022-06-09,AST-5003,A2,6,7.356636423890795,0.1803503047579213,0.1208323021501605,MRO-80001;MRO-50009;MRO-20031,MRO-80001;MRO-50009;MRO-20031,EOT Crane,DHR-03,train,12,risk,risk,approved_on_validation,우선 점검 후보
2022-06-09,AST-5007,A2,6,5.146717895474465,0.0632891658204107,0.037324038719931,MRO-10047;MRO-10045;MRO-50009,MRO-10047;MRO-10045;MRO-50009,EOT Crane,PUN-01,train,12,risk,caution,approved_on_validation,우선 점검 후보
2022-06-10,AST-1041,A2,13,6.36925951858771,0.1181581862400796,0.078421263228875,MRO-20031;MRO-50009;MRO-80001,MRO-20031;MRO-50009;MRO-80001,CNC Lathe,PUN-01,train,12,high_risk,risk,approved_on_validation,우선 점검 후보
2022-06-10,AST-1042,A2,6,5.8118438092146025,0.0938710006526239,0.0572474383727926,MRO-10047;MRO-10046;MRO-10045,MRO-10047;MRO-10046;MRO-10045,CNC Lathe,PUN-01,train,12,risk,risk,approved_on_validation,우선 점검 후보
2022-06-10,AST-2017,A2,0,7.382644989533828,0.1816457025755976,0.1245634891528833,MRO-50009;MRO-20031;MRO-10047,MRO-50009;MRO-20031;MRO-10047,Hydraulic Press,PUN-01,train,12,normal,risk,approved_on_validation,우선 점검 후보
2022-06-10,AST-2031,A2,20,8.555314039963081,0.2579808223651266,0.191392016663003,MRO-10047;MRO-80001;MRO-10046,MRO-10047;MRO-80001;MRO-10046,Hydraulic Press,CHN-02,train,12,high_risk,risk,approved_on_validation,우선 점검 후보
2022-06-10,AST-3008,A2,6,6.239131620112875,0.1125102832959883,0.0732726406007302,MRO-10046;MRO-20031;MRO-10047,MRO-10046;MRO-20031;MRO-10047,Belt Conveyor,CHN-02,train,12,risk,risk,approved_on_validation,우선 점검 후보
2022-06-10,AST-3019,A2,0,5.181208027654823,0.0664266559430295,0.0395986629068207,MRO-90011;MRO-10045;MRO-80001,MRO-10045;MRO-80001;MRO-10046,Belt Conveyor,CHN-02,train,12,normal,caution,approved_on_validation,우선 점검 후보
2022-06-10,AST-4055,A2,12,8.999304831591065,0.2911331073660696,0.2178822322347612,MRO-10047;MRO-10046;MRO-50009,MRO-10047;MRO-10046;MRO-50009,Screw Compressor,DHR-03,train,12,high_risk,risk,approved_on_validation,우선 점검 후보
2022-06-10,AST-4061,A2,0,5.986761233187833,0.0996787637242285,0.0634766331600799,MRO-80001;MRO-10046;MRO-50009,MRO-80001;MRO-10046;MRO-50009,Screw Compressor,DHR-03,train,12,normal,risk,approved_on_validation,우선 점검 후보
2022-06-10,AST-5003,A2,2,6.536453737846092,0.1315761123122605,0.0827641664467642,MRO-80002;MRO-50009;MRO-80001,MRO-50009;MRO-80001;MRO-20031,EOT Crane,DHR-03,train,12,caution,risk,approved_on_validation,우선 점검 후보
2022-06-10,AST-5007,A2,6,5.454832014687207,0.0783939875278533,0.0468214749932376,MRO-20031;MRO-10046;MRO-10047,MRO-20031;MRO-10046;MRO-10047,EOT Crane,PUN-01,train,12,risk,caution,approved_on_validation,우선 점검 후보
2022-06-11,AST-1041,A2,0,0.0031346748432004,6.880623725825248e-12,6.3242544929541336e-15,MRO-10047;MRO-10045;MRO-50009,MRO-10047;MRO-10045;MRO-50009,CNC Lathe,PUN-01,train,12,normal,normal,approved_on_validation,우선 점검 후보
2022-06-11,AST-1042,A2,0,0.0031735204165773,6.2663761334329585e-12,6.212099485915306e-15,MRO-10045;MRO-10046;MRO-20031,MRO-10045;MRO-10046;MRO-20031,CNC Lathe,PUN-01,train,12,normal,normal,approved_on_validation,우선 점검 후보
2022-06-11,AST-2017,A2,0,0.0033609178498079,6.500117824035144e-12,6.9917013056674475e-15,MRO-30011;MRO-80001;MRO-10045,MRO-30011;MRO-80001;MRO-10045,Hydraulic Press,PUN-01,train,12,normal,normal,approved_on_validation,우선 점검 후보
2022-06-11,AST-2031,A2,0,0.0032917337801949,6.852732868965909e-12,7.128028146054615e-15,MRO-70005;MRO-90011;MRO-90012,MRO-50009;MRO-80001;MRO-20031,Hydraulic Press,CHN-02,train,12,normal,normal,approved_on_validation,우선 점검 후보
2022-06-11,AST-3008,A2,0,0.0032331673480255,6.597966103243528e-12,6.653723029770155e-15,MRO-10045;MRO-10047;MRO-20031,MRO-10045;MRO-10047;MRO-20031,Belt Conveyor,CHN-02,train,12,normal,normal,approved_on_validation,우선 점검 후보
2022-06-11,AST-3019,A2,0,0.0032007752177778,6.532985545945765e-12,6.468363806555483e-15,MRO-10045;MRO-10046;MRO-10047,MRO-10045;MRO-10046;MRO-10047,Belt Conveyor,CHN-02,train,12,normal,normal,approved_on_validation,우선 점검 후보
2022-06-11,AST-4055,A2,0,0.0032467503728872,6.619210330553799e-12,6.7252413056710116e-15,MRO-10045;MRO-20031;MRO-50009,MRO-10045;MRO-20031;MRO-50009,Screw Compressor,DHR-03,train,12,normal,normal,approved_on_validation,우선 점검 후보
2022-06-11,AST-4061,A2,0,0.003254479976384,6.61469143680176e-12,6.7760556792942976e-15,MRO-90012;MRO-10045;MRO-10047,MRO-10045;MRO-10047;MRO-20031,Screw Compressor,DHR-03,train,12,normal,normal,approved_on_validation,우선 점검 후보
2022-06-11,AST-5003,A2,0,0.0031452321554553,5.814176845087652e-12,5.800621750398343e-15,MRO-10045;MRO-10046;MRO-20031,MRO-10045;MRO-10046;MRO-20031,EOT Crane,DHR-03,train,12,normal,normal,approved_on_validation,우선 점검 후보
2022-06-11,AST-5007,A2,0,0.0032509247861566,6.729657825705073e-12,6.7995568884576706e-15,MRO-20031;MRO-40021;MRO-10045,MRO-20031;MRO-10045;MRO-10046,EOT Crane,PUN-01,train,12,normal,normal,approved_on_validation,우선 점검 후보
2022-06-12,AST-1041,A2,0,0.003033834866453,6.111312378065242e-12,5.502002726079634e-15,MRO-10047;MRO-70004;MRO-10045,MRO-10047;MRO-10045;MRO-50009,CNC Lathe,PUN-01,train,12,normal,normal,approved_on_validation,우선 점검 후보
2022-06-12,AST-1042,A2,0,0.0031369197541239,6.932901627889285e-12,6.3601324078306016e-15,MRO-10047;MRO-10045;MRO-10046,MRO-10047;MRO-10045;MRO-10046,CNC Lathe,PUN-01,train,12,normal,normal,approved_on_validation,우선 점검 후보
2022-06-12,AST-2017,A2,0,0.0033550820793332,6.488129048689051e-12,6.963038293185099e-15,MRO-30011;MRO-10045;MRO-10047,MRO-30011;MRO-10045;MRO-10047,Hydraulic Press,PUN-01,train,12,normal,normal,approved_on_validation,우선 점검 후보
2022-06-12,AST-2031,A2,0,0.0031620032082553,5.7452761358489904e-12,5.861516874899209e-15,MRO-70005;MRO-90011;MRO-90012,MRO-20031;MRO-50009;MRO-80001,Hydraulic Press,CHN-02,train,12,normal,normal,approved_on_validation,우선 점검 후보
2022-06-12,AST-3008,A2,0,0.0032165195095249,6.495581817488198e-12,6.517722019677451e-15,MRO-10045;MRO-10047;MRO-20031,MRO-10045;MRO-10047;MRO-20031,Belt Conveyor,CHN-02,train,12,normal,normal,approved_on_validation,우선 점검 후보
2022-06-12,AST-3019,A2,0,0.0032023175422116,6.533009655152769e-12,6.4743636778391016e-15,MRO-10045;MRO-10046;MRO-10047,MRO-10045;MRO-10046;MRO-10047,Belt Conveyor,CHN-02,train,12,normal,normal,approved_on_validation,우선 점검 후보
2022-06-12,AST-4055,A2,0,0.0032494416804449,6.640734292604757e-12,6.751942205961564e-15,MRO-10045;MRO-20031;MRO-50009,MRO-10045;MRO-20031;MRO-50009,Screw Compressor,DHR-03,train,12,normal,normal,approved_on_validation,우선 점검 후보
2022-06-12,AST-4061,A2,0,0.0032592090599533,6.657242043918403e-12,6.824304559532249e-15,MRO-90012;MRO-10045;MRO-10046,MRO-10045;MRO-10046;MRO-10047,Screw Compressor,DHR-03,train,12,normal,normal,approved_on_validation,우선 점검 후보
2022-06-12,AST-5003,A2,0,0.0031586553104045,5.985033638363181e-12,5.94859662299545e-15,MRO-10045;MRO-10046;MRO-20031,MRO-10045;MRO-10046;MRO-20031,EOT Crane,DHR-03,train,12,normal,normal,approved_on_validation,우선 점검 후보
2022-06-12,AST-5007,A2,0,0.0031456789690045,6.034103219704743e-12,5.925973812307425e-15,MRO-10045;MRO-10046;MRO-10047,MRO-10045;MRO-10046;MRO-10047,EOT Crane,PUN-01,train,12,normal,normal,approved_on_validation,우선 점검 후보
2022-06-13,AST-1041,A2,12,6.794712158001865,0.143452779003107,0.0962559154399604,MRO-80001;MRO-10045;MRO-20031,MRO-80001;MRO-10045;MRO-20031,CNC Lathe,PUN-01,train,12,high_risk,risk,approved_on_validation,우선 점검 후보
2022-06-13,AST-1042,A2,2,5.891610992164088,0.0965492799052403,0.0599297084326826,MRO-10047;MRO-10046;MRO-10045,MRO-10047;MRO-10046;MRO-10045,CNC Lathe,PUN-01,train,12,caution,risk,approved_on_validation,우선 점검 후보
2022-06-13,AST-2017,A2,17,8.680721258061336,0.2652768625306388,0.1960717206771694,MRO-50008;MRO-10047;MRO-10045,MRO-10047;MRO-10045;MRO-50009,Hydraulic Press,PUN-01,train,12,high_risk,risk,approved_on_validation,우선 점검 후보
2022-06-13,AST-2031,A2,5,7.632840553527812,0.1944253447896716,0.1356239166925636,MRO-50009;MRO-10047;MRO-80001,MRO-50009;MRO-10047;MRO-80001,Hydraulic Press,CHN-02,train,12,caution,risk,approved_on_validation,우선 점검 후보
2022-06-13,AST-3008,A2,3,6.091900207939943,0.1043339410722595,0.0671764123501955,MRO-50009;MRO-10047;MRO-10045,MRO-50009;MRO-10047;MRO-10045,Belt Conveyor,CHN-02,train,12,caution,risk,approved_on_validation,우선 점검 후보
2022-06-13,AST-3019,A2,3,7.199736497653694,0.1573909979075851,0.1103451295532538,MRO-90011;MRO-40022;MRO-20033,MRO-80001;MRO-10046;MRO-50009,Belt Conveyor,CHN-02,train,12,caution,risk,approved_on_validation,우선 점검 후보
2022-06-13,AST-4055,A2,8,7.4749220119828275,0.182461954552125,0.1287348740351514,MRO-70005;MRO-50008;MRO-10046,MRO-10046;MRO-10047;MRO-20031,Screw Compressor,DHR-03,train,12,risk,risk,approved_on_validation,우선 점검 후보
2022-06-13,AST-4061,A2,2,7.010675841447164,0.1537059626708664,0.105560514226162,MRO-40021;MRO-20031;MRO-10046,MRO-20031;MRO-10046;MRO-10047,Screw Compressor,DHR-03,train,12,caution,risk,approved_on_validation,우선 점검 후보
2022-06-13,AST-5003,A2,6,7.148064043282824,0.1609196208346019,0.1098153692701002,MRO-40022;MRO-50009;MRO-60015,MRO-50009;MRO-10047;MRO-20031,EOT Crane,DHR-03,train,12,risk,risk,approved_on_validation,우선 점검 후보
2022-06-13,AST-5007,A2,8,5.705816233984862,0.0832841118786802,0.0524709205338127,MRO-10046;MRO-20033;MRO-60015,MRO-10046;MRO-10045;MRO-20031,EOT Crane,PUN-01,train,12,risk,caution,approved_on_validation,우선 점검 후보
2022-06-14,AST-1041,A2,4,6.046603361047117,0.1023358176614673,0.066282183920111,MRO-80001;MRO-20031;MRO-10045,MRO-80001;MRO-20031;MRO-10045,CNC Lathe,PUN-01,train,12,caution,risk,approved_on_validation,우선 점검 후보
2022-06-14,AST-1042,A2,8,5.929124475399656,0.0987795269725294,0.0612729648385878,MRO-10046;MRO-10047;MRO-10045,MRO-10046;MRO-10047;MRO-10045,CNC Lathe,PUN-01,train,12,risk,risk,approved_on_validation,우선 점검 후보
2022-06-14,AST-2017,A2,2,8.00737152636961,0.2218679518012945,0.1578515449047969,MRO-80001;MRO-10045;MRO-10047,MRO-80001;MRO-10045;MRO-10047,Hydraulic Press,PUN-01,train,12,caution,risk,approved_on_validation,우선 점검 후보
2022-06-14,AST-2031,A2,4,7.484486288259023,0.184737241694777,0.1279489577530998,MRO-10045;MRO-10047;MRO-80001,MRO-10045;MRO-10047;MRO-80001,Hydraulic Press,CHN-02,train,12,caution,risk,approved_on_validation,우선 점검 후보
2022-06-14,AST-3008,A2,5,6.390559083739972,0.1198055210796021,0.0789245977480582,MRO-10046;MRO-20031;MRO-10047,MRO-10046;MRO-20031;MRO-10047,Belt Conveyor,CHN-02,train,12,caution,risk,approved_on_validation,우선 점검 후보
2022-06-14,AST-3019,A2,5,5.381220807247747,0.0725561446255964,0.0448111310183267,MRO-90011;MRO-80001;MRO-10046,MRO-80001;MRO-10046;MRO-10047,Belt Conveyor,CHN-02,train,12,caution,caution,approved_on_validation,우선 점검 후보
2022-06-14,AST-4055,A2,0,7.505008746363137,0.1861502156788083,0.1300909180424252,MRO-10046;MRO-50009;MRO-80001,MRO-10046;MRO-50009;MRO-80001,Screw Compressor,DHR-03,train,12,normal,risk,approved_on_validation,우선 점검 후보
2022-06-14,AST-4061,A2,10,6.1966418096770015,0.1103974610569537,0.0710413116600914,MRO-50009;MRO-80001;MRO-10046,MRO-50009;MRO-80001;MRO-10046,Screw Compressor,DHR-03,train,12,risk,risk,approved_on_validation,우선 점검 후보
2022-06-14,AST-5003,A2,4,7.521292201088643,0.1863917132497076,0.1302240372043991,MRO-20031;MRO-10047;MRO-80001,MRO-20031;MRO-10047;MRO-80001,EOT Crane,DHR-03,train,12,caution,risk,approved_on_validation,우선 점검 후보
2022-06-14,AST-5007,A2,2,5.7991749153956595,0.0907219365351339,0.0568489809125739,MRO-20031;MRO-80001;MRO-10047,MRO-20031;MRO-80001;MRO-10047,EOT Crane,PUN-01,train,12,caution,caution,approved_on_validation,우선 점검 후보
2022-06-15,AST-1041,A2,6,6.485461460528457,0.1279130845046964,0.0831995749853796,MRO-10045;MRO-80001;MRO-10047,MRO-10045;MRO-80001;MRO-10047,CNC Lathe,PUN-01,train,12,risk,risk,approved_on_validation,우선 점검 후보
2022-06-15,AST-1042,A2,7,5.798098242398558,0.0924448310874045,0.0568748204225086,MRO-10047;MRO-10045;MRO-20031,MRO-10047;MRO-10045;MRO-20031,CNC Lathe,PUN-01,train,12,risk,caution,approved_on_validation,우선 점검 후보
2022-06-15,AST-2017,A2,16,8.66880356413288,0.2690128448014089,0.1970884637493985,MRO-10045;MRO-80001;MRO-20031,MRO-10045;MRO-80001;MRO-20031,Hydraulic Press,PUN-01,train,12,high_risk,risk,approved_on_validation,우선 점검 후보
2022-06-15,AST-2031,A2,7,7.220963573777056,0.1697399764649887,0.1162505722806161,MRO-80001;MRO-10045;MRO-10046,MRO-80001;MRO-10045;MRO-10046,Hydraulic Press,CHN-02,train,12,risk,risk,approved_on_validation,우선 점검 후보
2022-06-15,AST-3008,A2,13,6.3369088630038695,0.1175311552069624,0.0772023904185649,MRO-10046;MRO-20031;MRO-80001,MRO-10046;MRO-20031;MRO-80001,Belt Conveyor,CHN-02,train,12,high_risk,risk,approved_on_validation,우선 점검 후보
2022-06-15,AST-3019,A2,4,5.072745395572696,0.0646834423574796,0.0368868350228617,MRO-10047;MRO-80001;MRO-10046,MRO-10047;MRO-80001;MRO-10046,Belt Conveyor,CHN-02,train,12,caution,caution,approved_on_validation,우선 점검 후보
2022-06-15,AST-4055,A2,16,7.652701273164886,0.1986112354141105,0.1368182168285222,MRO-10047;MRO-10046;MRO-80001,MRO-10047;MRO-10046;MRO-80001,Screw Compressor,DHR-03,train,12,high_risk,risk,approved_on_validation,우선 점검 후보
2022-06-15,AST-4061,A2,7,6.5151393297653,0.1283252854192156,0.0843416348818842,MRO-10045;MRO-10046;MRO-50009,MRO-10045;MRO-10046;MRO-50009,Screw Compressor,DHR-03,train,12,risk,risk,approved_on_validation,우선 점검 후보
2022-06-15,AST-5003,A2,8,8.346411175243283,0.2427953468832697,0.1761069078780222,MRO-50009;MRO-10046;MRO-40022,MRO-50009;MRO-10046;MRO-10047,EOT Crane,DHR-03,train,12,risk,risk,approved_on_validation,우선 점검 후보
2022-06-15,AST-5007,A2,0,5.228391594334337,0.0656169427766359,0.0391827890698377,MRO-10047;MRO-20031;MRO-40022,MRO-10047;MRO-20031;MRO-10045,EOT Crane,PUN-01,train,12,normal,caution,approved_on_validation,우선 점검 후보
2022-06-16,AST-1041,A2,8,6.860721795349327,0.1511467953250211,0.0988488796655793,MRO-80001;MRO-10047;MRO-20031,MRO-80001;MRO-10047;MRO-20031,CNC Lathe,PUN-01,train,12,risk,risk,approved_on_validation,우선 점검 후보
2022-06-16,AST-1042,A2,4,6.349120284400704,0.1204276105581116,0.077605860119639,MRO-80001;MRO-20031;MRO-10046,MRO-80001;MRO-20031;MRO-10046,CNC Lathe,PUN-01,train,12,caution,risk,approved_on_validation,우선 점검 후보
2022-06-16,AST-2017,A2,13,7.3495504265542815,0.1729673487833154,0.120504220535827,MRO-10045;MRO-50008;MRO-20031,MRO-10045;MRO-20031;MRO-50009,Hydraulic Press,PUN-01,train,12,high_risk,risk,approved_on_validation,우선 점검 후보
2022-06-16,AST-2031,A2,14,7.475796044992454,0.1839049964703607,0.128639954732154,MRO-40022;MRO-10046;MRO-50009,MRO-10046;MRO-50009;MRO-10045,Hydraulic Press,CHN-02,train,12,high_risk,risk,approved_on_validation,우선 점검 후보
2022-06-16,AST-3008,A2,11,6.139173591445903,0.1066261317556871,0.068610682665649,MRO-10046;MRO-20031;MRO-10047,MRO-10046;MRO-20031;MRO-10047,Belt Conveyor,CHN-02,train,12,risk,risk,approved_on_validation,우선 점검 후보
2022-06-16,AST-3019,A2,0,5.375444922293557,0.0757267784320404,0.0445843034940792,MRO-10047;MRO-80001;MRO-10045,MRO-10047;MRO-80001;MRO-10045,Belt Conveyor,CHN-02,train,12,normal,caution,approved_on_validation,우선 점검 후보
2022-06-16,AST-4055,A2,3,6.908562945782601,0.1525087958517535,0.100358821399596,MRO-80001;MRO-10045;MRO-20031,MRO-80001;MRO-10045;MRO-20031,Screw Compressor,DHR-03,train,12,caution,risk,approved_on_validation,우선 점검 후보
2022-06-16,AST-4061,A2,2,6.24627334889976,0.1143759073253861,0.073336607541944,MRO-50009;MRO-80001;MRO-10045,MRO-50009;MRO-80001;MRO-10045,Screw Compressor,DHR-03,train,12,caution,risk,approved_on_validation,우선 점검 후보
2022-06-16,AST-5003,A2,0,6.284277436854492,0.1131936919537192,0.0727153707163601,MRO-10045;MRO-40022;MRO-20031,MRO-10045;MRO-20031;MRO-50009,EOT Crane,DHR-03,train,12,normal,risk,approved_on_validation,우선 점검 후보
2022-06-16,AST-5007,A2,4,5.138026935213351,0.0626156742295343,0.0367730433161358,MRO-40022;MRO-20031;MRO-10047,MRO-20031;MRO-10047;MRO-10045,EOT Crane,PUN-01,train,12,caution,caution,approved_on_validation,우선 점검 후보
2022-06-17,AST-1041,A2,4,6.375201996791461,0.117513517888195,0.0788082818593433,MRO-70004;MRO-10047;MRO-20031,MRO-10047;MRO-20031;MRO-80001,CNC Lathe,PUN-01,train,12,caution,risk,approved_on_validation,우선 점검 후보
2022-06-17,AST-1042,A2,2,6.003239809899004,0.1027961669712536,0.0643894596452818,MRO-80001;MRO-20031;MRO-10046,MRO-80001;MRO-20031;MRO-10046,CNC Lathe,PUN-01,train,12,caution,risk,approved_on_validation,우선 점검 후보
2022-06-17,AST-2017,A2,13,10.134611882042332,0.3771959746941914,0.2987446739137713,MRO-10047;MRO-10045;MRO-80001,MRO-10047;MRO-10045;MRO-80001,Hydraulic Press,PUN-01,train,12,high_risk,risk,approved_on_validation,우선 점검 후보
2022-06-17,AST-2031,A2,10,7.523239787268013,0.189065245848088,0.1315188483005481,MRO-10046;MRO-20031;MRO-10047,MRO-10046;MRO-20031;MRO-10047,Hydraulic Press,CHN-02,train,12,risk,risk,approved_on_validation,우선 점검 후보
2022-06-17,AST-3008,A2,3,6.392137291864097,0.1203854898195928,0.0789796685605356,MRO-10046;MRO-10045;MRO-50009,MRO-10046;MRO-10045;MRO-50009,Belt Conveyor,CHN-02,train,12,caution,risk,approved_on_validation,우선 점검 후보
2022-06-17,AST-3019,A2,2,5.357893146828544,0.0744274176570418,0.0441160199607736,MRO-10046;MRO-10047;MRO-80001,MRO-10046;MRO-10047;MRO-80001,Belt Conveyor,CHN-02,train,12,caution,caution,approved_on_validation,우선 점검 후보
2022-06-17,AST-4055,A2,16,8.442790532014635,0.2514825687324968,0.1821183441332496,MRO-10046;MRO-20031;MRO-10047,MRO-10046;MRO-20031;MRO-10047,Screw Compressor,DHR-03,train,12,high_risk,risk,approved_on_validation,우선 점검 후보
2022-06-17,AST-4061,A2,2,6.2317865996919215,0.1127755952291992,0.0730189379484739,MRO-10045;MRO-10046;MRO-50009,MRO-10045;MRO-10046;MRO-50009,Screw Compressor,DHR-03,train,12,caution,risk,approved_on_validation,우선 점검 후보
2022-06-17,AST-5003,A2,10,8.32136948680049,0.2387912181482797,0.1744523082817698,MRO-20031;MRO-10045;MRO-10047,MRO-20031;MRO-10045;MRO-10047,EOT Crane,DHR-03,train,12,risk,risk,approved_on_validation,우선 점검 후보
2022-06-17,AST-5007,A2,0,5.67933332766237,0.085793174643563,0.0531733385865616,MRO-80001;MRO-10046;MRO-10047,MRO-80001;MRO-10046;MRO-10047,EOT Crane,PUN-01,train,12,normal,caution,approved_on_validation,우선 점검 후보
2022-06-18,AST-1041,A2,0,0.0032510168704459,6.8650519445008036e-12,6.7558825075735435e-15,MRO-30012;MRO-10047;MRO-70004,MRO-10047;MRO-10045;MRO-10046,CNC Lathe,PUN-01,train,12,normal,normal,approved_on_validation,우선 점검 후보
2022-06-18,AST-1042,A2,0,0.003224965334516,6.567067664695249e-12,6.610001069751844e-15,MRO-10045;MRO-10046;MRO-10047,MRO-10045;MRO-10046;MRO-10047,CNC Lathe,PUN-01,train,12,normal,normal,approved_on_validation,우선 점검 후보
2022-06-18,AST-2017,A2,0,0.0032167984618147,5.392996059486382e-12,5.668510147688956e-15,MRO-30012;MRO-40021;MRO-40022,MRO-10045;MRO-20031;MRO-50009,Hydraulic Press,PUN-01,train,12,normal,normal,approved_on_validation,우선 점검 후보
2022-06-18,AST-2031,A2,0,0.0032688871854539,7.396531481466512e-12,7.315123697869462e-15,MRO-20031;MRO-80001;MRO-10046,MRO-20031;MRO-80001;MRO-10046,Hydraulic Press,CHN-02,train,12,normal,normal,approved_on_validation,우선 점검 후보
2022-06-18,AST-3008,A2,0,0.0032136719157347,6.481700923390831e-12,6.496029780348618e-15,MRO-10045;MRO-10047;MRO-20031,MRO-10045;MRO-10047;MRO-20031,Belt Conveyor,CHN-02,train,12,normal,normal,approved_on_validation,우선 점검 후보
2022-06-18,AST-3019,A2,0,0.0032945995639129,6.5335126174088625e-12,6.990711400577166e-15,MRO-70004;MRO-60015;MRO-10045,MRO-10045;MRO-10046;MRO-10047,Belt Conveyor,CHN-02,train,12,normal,normal,approved_on_validation,우선 점검 후보
2022-06-18,AST-4055,A2,0,0.0032527265364909,6.619160613822334e-12,6.773071294219765e-15,MRO-70005;MRO-10045;MRO-10046,MRO-10045;MRO-10046;MRO-10047,Screw Compressor,DHR-03,train,12,normal,normal,approved_on_validation,우선 점검 후보
2022-06-18,AST-4061,A2,0,0.003271413142885,6.6572157222112516e-12,6.909894665012289e-15,MRO-90012;MRO-10045;MRO-10046,MRO-10045;MRO-10046;MRO-10047,Screw Compressor,DHR-03,train,12,normal,normal,approved_on_validation,우선 점검 후보
2022-06-18,AST-5003,A2,0,0.0033122409165992,7.913938286330867e-12,7.708155284422897e-15,MRO-50008;MRO-80001;MRO-10047,MRO-80001;MRO-10047;MRO-10045,EOT Crane,DHR-03,train,12,normal,normal,approved_on_validation,우선 점검 후보
2022-06-18,AST-5007,A2,0,0.0032310871166917,6.567293768803441e-12,6.612442756093383e-15,MRO-10045;MRO-10047;MRO-20031,MRO-10045;MRO-10047;MRO-20031,EOT Crane,PUN-01,train,12,normal,normal,approved_on_validation,우선 점검 후보
2022-06-19,AST-1041,A2,0,0.0032297886981459,6.574241471593947e-12,6.610346963542345e-15,MRO-10045;MRO-10046;MRO-10047,MRO-10045;MRO-10046;MRO-10047,CNC Lathe,PUN-01,train,12,normal,normal,approved_on_validation,우선 점검 후보
2022-06-19,AST-1042,A2,0,0.003237061081905,6.574260211373175e-12,6.654998213143619e-15,MRO-10045;MRO-10046;MRO-10047,MRO-10045;MRO-10046;MRO-10047,CNC Lathe,PUN-01,train,12,normal,normal,approved_on_validation,우선 점검 후보
2022-06-19,AST-2017,A2,0,0.0033802725089211,6.720468850498794e-12,7.235240063246039e-15,MRO-30012;MRO-10046;MRO-10047,MRO-10046;MRO-10047;MRO-10045,Hydraulic Press,PUN-01,train,12,normal,normal,approved_on_validation,우선 점검 후보
2022-06-19,AST-2031,A2,0,0.0033257669293173,8.145873595664603e-12,8.121748873868396e-15,MRO-10047;MRO-70005;MRO-10045,MRO-10047;MRO-10045;MRO-10046,Hydraulic Press,CHN-02,train,12,normal,normal,approved_on_validation,우선 점검 후보
2022-06-19,AST-3008,A2,0,0.0032345150067617,6.615684279060528e-12,6.671460370832329e-15,MRO-10045;MRO-10046;MRO-10047,MRO-10045;MRO-10046;MRO-10047,Belt Conveyor,CHN-02,train,12,normal,normal,approved_on_validation,우선 점검 후보
2022-06-19,AST-3019,A2,0,0.0032918041596913,6.5332066159953396e-12,7.025467207187131e-15,MRO-70004;MRO-10045;MRO-10046,MRO-10045;MRO-10046;MRO-10047,Belt Conveyor,CHN-02,train,12,normal,normal,approved_on_validation,우선 점검 후보
2022-06-19,AST-4055,A2,0,0.0032567535596812,6.64071692550853e-12,6.803366333596804e-15,MRO-70005;MRO-10045;MRO-10046,MRO-10045;MRO-10046;MRO-10047,Screw Compressor,DHR-03,train,12,normal,normal,approved_on_validation,우선 점검 후보
2022-06-19,AST-4061,A2,0,0.0032721546276032,6.657230464515302e-12,6.9123647622806664e-15,MRO-90012;MRO-10045;MRO-10046,MRO-10045;MRO-10046;MRO-10047,Screw Compressor,DHR-03,train,12,normal,normal,approved_on_validation,우선 점검 후보
2022-06-19,AST-5003,A2,0,0.0032807421502266,7.177464389067739e-12,7.238742602630581e-15,MRO-80001;MRO-10047;MRO-10045,MRO-80001;MRO-10047;MRO-10045,EOT Crane,DHR-03,train,12,normal,normal,approved_on_validation,우선 점검 후보
2022-06-19,AST-5007,A2,0,0.003231672234177,6.5742602934255144e-12,6.619579380355541e-15,MRO-10045;MRO-10046;MRO-10047,MRO-10045;MRO-10046;MRO-10047,EOT Crane,PUN-01,train,12,normal,normal,approved_on_validation,우선 점검 후보
2022-06-20,AST-1041,A2,2,4.978936872042368,0.0566904502042334,0.0329363860258951,MRO-10047;MRO-20031;MRO-60015,MRO-10047;MRO-20031;MRO-80001,CNC Lathe,PUN-01,train,12,caution,caution,approved_on_validation,우선 점검 후보
2022-06-20,AST-1042,A2,6,5.794250034240454,0.0922533427392822,0.0565809549836011,MRO-20031;MRO-50009;MRO-80001,MRO-20031;MRO-50009;MRO-80001,CNC Lathe,PUN-01,train,12,risk,caution,approved_on_validation,우선 점검 후보
2022-06-20,AST-2017,A2,8,8.43435320580088,0.2511563480838681,0.1823847913938673,MRO-80001;MRO-10046;MRO-10045,MRO-80001;MRO-10046;MRO-10045,Hydraulic Press,PUN-01,train,12,risk,risk,approved_on_validation,우선 점검 후보
2022-06-20,AST-2031,A2,9,7.344560846633072,0.1770594024031399,0.121971417147041,MRO-10046;MRO-20031;MRO-10047,MRO-10046;MRO-20031;MRO-10047,Hydraulic Press,CHN-02,train,12,risk,risk,approved_on_validation,우선 점검 후보
2022-06-20,AST-3008,A2,10,6.488461832514369,0.1261314943312993,0.0830501007367057,MRO-10046;MRO-20033;MRO-50009,MRO-10046;MRO-50009;MRO-10045,Belt Conveyor,CHN-02,train,12,risk,risk,approved_on_validation,우선 점검 후보
2022-06-20,AST-3019,A2,0,4.937505746062766,0.0587076448524424,0.0335620174894191,MRO-10046;MRO-10047;MRO-20031,MRO-10046;MRO-10047;MRO-20031,Belt Conveyor,CHN-02,train,12,normal,caution,approved_on_validation,우선 점검 후보
2022-06-20,AST-4055,A2,10,7.994329005023093,0.2214948341391394,0.1559545435858655,MRO-80001;MRO-20031;MRO-10046,MRO-80001;MRO-20031;MRO-10046,Screw Compressor,DHR-03,train,12,risk,risk,approved_on_validation,우선 점검 후보
2022-06-20,AST-4061,A2,11,6.42497167607568,0.1223226951762748,0.0800924038398813,MRO-50009;MRO-10045;MRO-10046,MRO-50009;MRO-10045;MRO-10046,Screw Compressor,DHR-03,train,12,risk,risk,approved_on_validation,우선 점검 후보
2022-06-20,AST-5003,A2,13,7.913522219439058,0.2145704696051751,0.1525622040273726,MRO-10047;MRO-80001;MRO-20031,MRO-10047;MRO-80001;MRO-20031,EOT Crane,DHR-03,train,12,high_risk,risk,approved_on_validation,우선 점검 후보
2022-06-20,AST-5007,A2,2,7.176185749862187,0.1591188707951799,0.1115006776022374,MRO-10046;MRO-40022;MRO-20032,MRO-10046;MRO-10045;MRO-10047,EOT Crane,PUN-01,train,12,caution,risk,approved_on_validation,우선 점검 후보
2022-06-21,AST-1041,A2,1,6.232909932833187,0.1126626391670355,0.072705280013445,MRO-50009;MRO-80001;MRO-10046,MRO-50009;MRO-80001;MRO-10046,CNC Lathe,PUN-01,train,12,caution,risk,approved_on_validation,우선 점검 후보
2022-06-21,AST-1042,A2,16,6.180942144904089,0.1118967032323827,0.0705825275312335,MRO-80001;MRO-20031;MRO-10046,MRO-80001;MRO-20031;MRO-10046,CNC Lathe,PUN-01,train,12,high_risk,risk,approved_on_validation,우선 점검 후보
2022-06-21,AST-2017,A2,0,6.839407939831974,0.1431788953722953,0.0966997056778112,MRO-80001;MRO-10047;MRO-10045,MRO-80001;MRO-10047;MRO-10045,Hydraulic Press,PUN-01,train,12,normal,risk,approved_on_validation,우선 점검 후보
2022-06-21,AST-2031,A2,14,7.658888553495928,0.1959349983391544,0.1383932059433295,MRO-20031;MRO-10047;MRO-10046,MRO-20031;MRO-10047;MRO-10046,Hydraulic Press,CHN-02,train,12,high_risk,risk,approved_on_validation,우선 점검 후보
2022-06-21,AST-3008,A2,6,6.339173507988905,0.1177381204013167,0.077273344239355,MRO-10047;MRO-10045;MRO-10046,MRO-10047;MRO-10045;MRO-10046,Belt Conveyor,CHN-02,train,12,risk,risk,approved_on_validation,우선 점검 후보
2022-06-21,AST-3019,A2,13,5.230164451191555,0.0682441916264206,0.04072744456233,MRO-10046;MRO-10047;MRO-20031,MRO-10046;MRO-10047;MRO-20031,Belt Conveyor,CHN-02,train,12,high_risk,caution,approved_on_validation,우선 점검 후보
2022-06-21,AST-4055,A2,6,7.826632083500263,0.2065900090908025,0.1476427512010017,MRO-10046;MRO-80001;MRO-10047,MRO-10046;MRO-80001;MRO-10047,Screw Compressor,DHR-03,train,12,risk,risk,approved_on_validation,우선 점검 후보
2022-06-21,AST-4061,A2,0,6.737792361059045,0.1399581832094388,0.0924496485492087,MRO-20031;MRO-50009;MRO-10045,MRO-20031;MRO-50009;MRO-10045,Screw Compressor,DHR-03,train,12,normal,risk,approved_on_validation,우선 점검 후보
2022-06-21,AST-5003,A2,6,7.178569458088363,0.1677333987987343,0.1124988341215692,MRO-10047;MRO-80001;MRO-50009,MRO-10047;MRO-80001;MRO-50009,EOT Crane,DHR-03,train,12,risk,risk,approved_on_validation,우선 점검 후보
2022-06-21,AST-5007,A2,8,5.241973587454491,0.0666192670679844,0.0392564424224885,MRO-50008;MRO-10046;MRO-40022,MRO-10046;MRO-10047;MRO-10045,EOT Crane,PUN-01,train,12,risk,caution,approved_on_validation,우선 점검 후보
2022-06-22,AST-1041,A2,8,6.216524932486884,0.1119187385540761,0.0721824104064735,MRO-10047;MRO-20031;MRO-10046,MRO-10047;MRO-20031;MRO-10046,CNC Lathe,PUN-01,train,12,risk,risk,approved_on_validation,우선 점검 후보
2022-06-22,AST-1042,A2,16,10.714641063983894,0.4256631130963476,0.3409022302739573,MRO-80001;MRO-10047;MRO-50009,MRO-80001;MRO-10047;MRO-50009,CNC Lathe,PUN-01,train,12,high_risk,risk,approved_on_validation,우선 점검 후보
2022-06-22,AST-2017,A2,2,6.626246573033407,0.1340287685539446,0.0883483242427383,MRO-10047;MRO-20031;MRO-10045,MRO-10047;MRO-20031;MRO-10045,Hydraulic Press,PUN-01,train,12,caution,risk,approved_on_validation,우선 점검 후보
2022-06-22,AST-2031,A2,10,9.63304494250217,0.3379737381145644,0.261779049111185,MRO-20031;MRO-10045;MRO-10047,MRO-20031;MRO-10045;MRO-10047,Hydraulic Press,CHN-02,train,12,risk,risk,approved_on_validation,우선 점검 후보
2022-06-22,AST-3008,A2,8,6.529612585629768,0.1291681791436403,0.0844360265527432,MRO-80001;MRO-10047;MRO-60016,MRO-80001;MRO-10047;MRO-10045,Belt Conveyor,CHN-02,train,12,risk,risk,approved_on_validation,우선 점검 후보
2022-06-22,AST-3019,A2,6,5.417564347583424,0.0752348082779389,0.0450515343022266,MRO-40022;MRO-10047;MRO-20031,MRO-10047;MRO-20031;MRO-50009,Belt Conveyor,CHN-02,train,12,risk,caution,approved_on_validation,우선 점검 후보
2022-06-22,AST-4055,A2,12,7.523095599350595,0.191311694239706,0.1309861169792398,MRO-10047;MRO-10046;MRO-20031,MRO-10047;MRO-10046;MRO-20031,Screw Compressor,DHR-03,train,12,high_risk,risk,approved_on_validation,우선 점검 후보
2022-06-22,AST-4061,A2,2,6.262406605637037,0.1156667194804915,0.0744132862140017,MRO-20031;MRO-50009;MRO-10045,MRO-20031;MRO-50009;MRO-10045,Screw Compressor,DHR-03,train,12,caution,risk,approved_on_validation,우선 점검 후보
2022-06-22,AST-5003,A2,4,7.498826423763373,0.1846193365565452,0.1291373938872866,MRO-10047;MRO-80001;MRO-50009,MRO-10047;MRO-80001;MRO-50009,EOT Crane,DHR-03,train,12,caution,risk,approved_on_validation,우선 점검 후보
2022-06-22,AST-5007,A2,3,5.280522796624871,0.066974312425114,0.0404315756412484,MRO-80001;MRO-40022;MRO-10047,MRO-80001;MRO-10047;MRO-20031,EOT Crane,PUN-01,train,12,caution,caution,approved_on_validation,우선 점검 후보
2022-06-23,AST-1041,A2,12,6.243301853131138,0.1146276875543186,0.0733212354122911,MRO-10046;MRO-20031;MRO-10047,MRO-10046;MRO-20031;MRO-10047,CNC Lathe,PUN-01,train,12,high_risk,risk,approved_on_validation,우선 점검 후보
2022-06-23,AST-1042,A2,3,6.323663814516804,0.1167219765911948,0.0754059020676212,MRO-10045;MRO-40022;MRO-20031,MRO-10045;MRO-20031;MRO-80001,CNC Lathe,PUN-01,train,12,caution,risk,approved_on_validation,우선 점검 후보
2022-06-23,AST-2017,A2,6,8.72131821925341,0.2725210217290875,0.2008594577308848,MRO-10046;MRO-10047;MRO-10045,MRO-10046;MRO-10047;MRO-10045,Hydraulic Press,PUN-01,train,12,risk,risk,approved_on_validation,우선 점검 후보
2022-06-23,AST-2031,A2,1,7.169144313285034,0.1661861587823899,0.1135011431860071,MRO-10046;MRO-20031;MRO-10045,MRO-10046;MRO-20031;MRO-10045,Hydraulic Press,CHN-02,train,12,caution,risk,approved_on_validation,우선 점검 후보
2022-06-23,AST-3008,A2,6,6.561625285991251,0.1307421760045468,0.0858108871160614,MRO-10045;MRO-10047;MRO-50009,MRO-10045;MRO-10047;MRO-50009,Belt Conveyor,CHN-02,train,12,risk,risk,approved_on_validation,우선 점검 후보
2022-06-23,AST-3019,A2,8,5.219719504216324,0.0698595563067673,0.040254731078317,MRO-10046;MRO-10045;MRO-10047,MRO-10046;MRO-10045;MRO-10047,Belt Conveyor,CHN-02,train,12,risk,caution,approved_on_validation,우선 점검 후보
2022-06-23,AST-4055,A2,6,8.088078780745978,0.2273162873929097,0.1621889097383519,MRO-80001;MRO-10046;MRO-10047,MRO-80001;MRO-10046;MRO-10047,Screw Compressor,DHR-03,train,12,risk,risk,approved_on_validation,우선 점검 후보
2022-06-23,AST-4061,A2,6,6.387459552873567,0.1203349190103331,0.0776815949627518,MRO-20031;MRO-50009;MRO-80001,MRO-20031;MRO-50009;MRO-80001,Screw Compressor,DHR-03,train,12,risk,risk,approved_on_validation,우선 점검 후보
2022-06-23,AST-5003,A2,0,8.229761920221712,0.2346480027040428,0.1688463469122451,MRO-50009;MRO-80001;MRO-10047,MRO-50009;MRO-80001;MRO-10047,EOT Crane,DHR-03,train,12,normal,risk,approved_on_validation,우선 점검 후보
2022-06-23,AST-5007,A2,3,5.081472230173132,0.0600952059798319,0.0357393320146616,MRO-10047;MRO-20032;MRO-20031,MRO-10047;MRO-20031;MRO-50009,EOT Crane,PUN-01,train,12,caution,caution,approved_on_validation,우선 점검 후보
2022-06-24,AST-1041,A2,13,6.974967986171556,0.1528399488210402,0.1047804741324851,MRO-80001;MRO-50009;MRO-10045,MRO-80001;MRO-50009;MRO-10045,CNC Lathe,PUN-01,train,12,high_risk,risk,approved_on_validation,우선 점검 후보
2022-06-24,AST-1042,A2,7,6.5471500632403075,0.1247821092128805,0.084787428517675,MRO-90012;MRO-50009;MRO-10045,MRO-50009;MRO-10045;MRO-20031,CNC Lathe,PUN-01,train,12,risk,risk,approved_on_validation,우선 점검 후보
2022-06-24,AST-2017,A2,10,9.0667227311832,0.2956378082442119,0.2224332697866813,MRO-20031;MRO-40021;MRO-10047,MRO-20031;MRO-10047;MRO-10046,Hydraulic Press,PUN-01,train,12,risk,risk,approved_on_validation,우선 점검 후보
2022-06-24,AST-2031,A2,13,8.333227256092265,0.239599316104709,0.1773883921485965,MRO-20032;MRO-10047;MRO-20031,MRO-10047;MRO-20031;MRO-10045,Hydraulic Press,CHN-02,train,12,high_risk,risk,approved_on_validation,우선 점검 후보
2022-06-24,AST-3008,A2,7,6.5388922572527655,0.1297747561865651,0.0852454148417082,MRO-10045;MRO-10047;MRO-50009,MRO-10045;MRO-10047;MRO-50009,Belt Conveyor,CHN-02,train,12,risk,risk,approved_on_validation,우선 점검 후보
2022-06-24,AST-3019,A2,2,5.420057901956503,0.075649017983026,0.0447549392976078,MRO-80002;MRO-40022;MRO-80001,MRO-80001;MRO-10047;MRO-10046,Belt Conveyor,CHN-02,train,12,caution,caution,approved_on_validation,우선 점검 후보
2022-06-24,AST-4055,A2,10,8.624692642514946,0.2672447680075081,0.19310690717015,MRO-20031;MRO-80001;MRO-10046,MRO-20031;MRO-80001;MRO-10046,Screw Compressor,DHR-03,train,12,risk,risk,approved_on_validation,우선 점검 후보
2022-06-24,AST-4061,A2,9,6.916611010040269,0.1449098507608184,0.1003595307080344,MRO-20033;MRO-90012;MRO-10045,MRO-10045;MRO-20031;MRO-10046,Screw Compressor,DHR-03,train,12,risk,risk,approved_on_validation,우선 점검 후보
2022-06-24,AST-5003,A2,7,7.728060159240387,0.2001500800799599,0.1412056195350837,MRO-40022;MRO-80001;MRO-50009,MRO-80001;MRO-50009;MRO-10047,EOT Crane,DHR-03,train,12,risk,risk,approved_on_validation,우선 점검 후보
2022-06-24,AST-5007,A2,8,5.6361942663595075,0.0839041296085146,0.0508936001920889,MRO-80001;MRO-10047;MRO-10046,MRO-80001;MRO-10047;MRO-10046,EOT Crane,PUN-01,train,12,risk,caution,approved_on_validation,우선 점검 후보
2022-06-25,AST-1041,A2,0,0.0032261119452242,6.81316764014433e-12,6.567006845589579e-15,MRO-30012;MRO-20031;MRO-50009,MRO-20031;MRO-50009;MRO-10045,CNC Lathe,PUN-01,train,12,normal,normal,approved_on_validation,우선 점검 후보
2022-06-25,AST-1042,A2,0,0.003231085484075,6.576174745363666e-12,6.636530462511379e-15,MRO-10047;MRO-10045;MRO-10046,MRO-10047;MRO-10045;MRO-10046,CNC Lathe,PUN-01,train,12,normal,normal,approved_on_validation,우선 점검 후보
2022-06-25,AST-2017,A2,0,0.0032893375752696,6.885452177756206e-12,7.179578592320762e-15,MRO-20032;MRO-70004;MRO-10047,MRO-10047;MRO-20031;MRO-10045,Hydraulic Press,PUN-01,train,12,normal,normal,approved_on_validation,우선 점검 후보
2022-06-25,AST-2031,A2,0,0.0032141298006414,6.478828726007793e-12,6.529033345808526e-15,MRO-70005;MRO-10047;MRO-10045,MRO-10047;MRO-10045;MRO-10046,Hydraulic Press,CHN-02,train,12,normal,normal,approved_on_validation,우선 점검 후보
2022-06-25,AST-3008,A2,0,0.0032430096280344,6.591125848439932e-12,6.689340371799845e-15,MRO-30011;MRO-10046;MRO-10047,MRO-10046;MRO-10047;MRO-20031,Belt Conveyor,CHN-02,train,12,normal,normal,approved_on_validation,우선 점검 후보
2022-06-25,AST-3019,A2,0,0.0032434831509618,6.5199328083438165e-12,6.604857814781479e-15,MRO-60015;MRO-10045;MRO-10046,MRO-10045;MRO-10046;MRO-20031,Belt Conveyor,CHN-02,train,12,normal,normal,approved_on_validation,우선 점검 후보
2022-06-25,AST-4055,A2,0,0.0032537477640796,6.950208092999191e-12,6.894243029717766e-15,MRO-60016;MRO-50009;MRO-30012,MRO-50009;MRO-10045;MRO-10046,Screw Compressor,DHR-03,train,12,normal,normal,approved_on_validation,우선 점검 후보
2022-06-25,AST-4061,A2,0,0.0033164769612668,6.9750535426861586e-12,7.308400126320182e-15,MRO-90012;MRO-20033;MRO-10045,MRO-10045;MRO-20031;MRO-10046,Screw Compressor,DHR-03,train,12,normal,normal,approved_on_validation,우선 점검 후보
2022-06-25,AST-5003,A2,0,0.0032665576614535,8.673702144126301e-12,7.958658685640386e-15,MRO-80001;MRO-10047;MRO-10045,MRO-80001;MRO-10047;MRO-10045,EOT Crane,DHR-03,train,12,normal,normal,approved_on_validation,우선 점검 후보
2022-06-25,AST-5007,A2,0,0.0032575820265036,6.7297943707441394e-12,6.8214832887807815e-15,MRO-80001;MRO-30011;MRO-30012,MRO-80001;MRO-10045;MRO-10046,EOT Crane,PUN-01,train,12,normal,normal,approved_on_validation,우선 점검 후보
2022-06-26,AST-1041,A2,0,0.0032252437145471,6.532268570036215e-12,6.556737784617809e-15,MRO-20031;MRO-50009;MRO-80001,MRO-20031;MRO-50009;MRO-80001,CNC Lathe,PUN-01,train,12,normal,normal,approved_on_validation,우선 점검 후보
2022-06-26,AST-1042,A2,0,0.0032363306326593,6.567293685052233e-12,6.6468705219309025e-15,MRO-10045;MRO-10046;MRO-20031,MRO-10045;MRO-10046;MRO-20031,CNC Lathe,PUN-01,train,12,normal,normal,approved_on_validation,우선 점검 후보
2022-06-26,AST-2017,A2,0,0.0032725785398249,7.016245577102151e-12,7.066697788548063e-15,MRO-10047;MRO-20031;MRO-30011,MRO-10047;MRO-20031;MRO-10045,Hydraulic Press,PUN-01,train,12,normal,normal,approved_on_validation,우선 점검 후보
2022-06-26,AST-2031,A2,0,0.0032114724283761,6.4550210877354346e-12,6.5037696213482615e-15,MRO-70005;MRO-10045;MRO-10046,MRO-10045;MRO-10046;MRO-50009,Hydraulic Press,CHN-02,train,12,normal,normal,approved_on_validation,우선 점검 후보
2022-06-26,AST-3008,A2,0,0.0032358311229486,6.608707053742566e-12,6.6712783577404185e-15,MRO-10046;MRO-10047;MRO-20031,MRO-10046;MRO-10047;MRO-20031,Belt Conveyor,CHN-02,train,12,normal,normal,approved_on_validation,우선 점검 후보
2022-06-26,AST-3019,A2,0,0.003199065834529,6.5329252899994545e-12,6.4672955670127005e-15,MRO-10045;MRO-10046;MRO-10047,MRO-10045;MRO-10046;MRO-10047,Belt Conveyor,CHN-02,train,12,normal,normal,approved_on_validation,우선 점검 후보
2022-06-26,AST-4055,A2,0,0.0032576334605086,6.640734393234854e-12,6.806290076237877e-15,MRO-70005;MRO-10046;MRO-10047,MRO-10046;MRO-10047;MRO-50009,Screw Compressor,DHR-03,train,12,normal,normal,approved_on_validation,우선 점검 후보
2022-06-26,AST-4061,A2,0,0.003251183580677,6.546619018569635e-12,6.6704403467536775e-15,MRO-20033;MRO-10046;MRO-10047,MRO-10046;MRO-10047;MRO-50009,Screw Compressor,DHR-03,train,12,normal,normal,approved_on_validation,우선 점검 후보
2022-06-26,AST-5003,A2,0,0.0032302876355939,6.249738823181318e-12,6.452645559578057e-15,MRO-70004;MRO-10045;MRO-10046,MRO-10045;MRO-10046;MRO-50009,EOT Crane,DHR-03,train,12,normal,normal,approved_on_validation,우선 점검 후보
2022-06-26,AST-5007,A2,0,0.0029253707523822,4.849548868509668e-12,4.437926530005009e-15,MRO-10045;MRO-10046;MRO-10047,MRO-10045;MRO-10046;MRO-10047,EOT Crane,PUN-01,train,12,normal,normal,approved_on_validation,우선 점검 후보
2022-06-27,AST-1041,A2,6,6.525158263765491,0.129074061977046,0.0847476557714763,MRO-80001;MRO-20031;MRO-10046,MRO-80001;MRO-20031;MRO-10046,CNC Lathe,PUN-01,train,12,risk,risk,approved_on_validation,우선 점검 후보
2022-06-27,AST-1042,A2,0,6.1091523437790425,0.1076294570471217,0.0678263229446878,MRO-20031;MRO-80001;MRO-10045,MRO-20031;MRO-80001;MRO-10045,CNC Lathe,PUN-01,train,12,normal,risk,approved_on_validation,우선 점검 후보
2022-06-27,AST-2017,A2,4,7.552328253829887,0.1908943353306169,0.131882992715054,MRO-20031;MRO-10047;MRO-10045,MRO-20031;MRO-10047;MRO-10045,Hydraulic Press,PUN-01,train,12,caution,risk,approved_on_validation,우선 점검 후보
2022-06-27,AST-2031,A2,3,7.689927709142265,0.1986203209545202,0.1392493105753791,MRO-20031;MRO-50009;MRO-10047,MRO-20031;MRO-50009;MRO-10047,Hydraulic Press,CHN-02,train,12,caution,risk,approved_on_validation,우선 점검 후보
2022-06-27,AST-3008,A2,8,6.589637613073453,0.1341103493746727,0.0863104951064196,MRO-10045;MRO-50009;MRO-80001,MRO-10045;MRO-50009;MRO-80001,Belt Conveyor,CHN-02,train,12,risk,risk,approved_on_validation,우선 점검 후보
2022-06-27,AST-3019,A2,4,4.240465896474753,0.0363502179072452,0.019289870760606,MRO-40022;MRO-80001;MRO-10046,MRO-80001;MRO-10046;MRO-20031,Belt Conveyor,CHN-02,train,12,caution,caution,approved_on_validation,우선 점검 후보
2022-06-27,AST-4055,A2,2,6.807404329836705,0.1408854314966339,0.0927956968868534,MRO-40022;MRO-40021;MRO-80001,MRO-80001;MRO-10046;MRO-10047,Screw Compressor,DHR-03,train,12,caution,risk,approved_on_validation,우선 점검 후보
2022-06-27,AST-4061,A2,1,7.111218141945848,0.1585594750129516,0.1068693469101716,MRO-20033;MRO-80001;MRO-10047,MRO-80001;MRO-10047;MRO-20031,Screw Compressor,DHR-03,train,12,caution,risk,approved_on_validation,우선 점검 후보
2022-06-27,AST-5003,A2,10,9.040567652858773,0.2964706536292649,0.2191610527478884,MRO-20031;MRO-10047;MRO-80001,MRO-20031;MRO-10047;MRO-80001,EOT Crane,DHR-03,train,12,risk,risk,approved_on_validation,우선 점검 후보
2022-06-27,AST-5007,A2,4,5.072950325826574,0.0597652883863998,0.0350882545806806,MRO-10047;MRO-60015;MRO-20033,MRO-10047;MRO-10046;MRO-20031,EOT Crane,PUN-01,train,12,caution,caution,approved_on_validation,우선 점검 후보
2022-06-28,AST-1041,A2,10,6.400096197067072,0.1205259547863688,0.0784102482722553,MRO-40022;MRO-20031;MRO-50009,MRO-20031;MRO-50009;MRO-10046,CNC Lathe,PUN-01,train,12,risk,risk,approved_on_validation,우선 점검 후보
2022-06-28,AST-1042,A2,6,7.04153838869349,0.1615914140795268,0.1078135325519646,MRO-20031;MRO-80001;MRO-10045,MRO-20031;MRO-80001;MRO-10045,CNC Lathe,PUN-01,train,12,risk,risk,approved_on_validation,우선 점검 후보
2022-06-28,AST-2017,A2,0,7.273726894128239,0.1737650774433044,0.118385603701659,MRO-10046;MRO-20031;MRO-10047,MRO-10046;MRO-20031;MRO-10047,Hydraulic Press,PUN-01,train,12,normal,risk,approved_on_validation,우선 점검 후보
2022-06-28,AST-2031,A2,2,7.325393689407596,0.1731224053043522,0.1202674645263779,MRO-20031;MRO-50009;MRO-10045,MRO-20031;MRO-50009;MRO-10045,Hydraulic Press,CHN-02,train,12,caution,risk,approved_on_validation,우선 점검 후보
2022-06-28,AST-3008,A2,5,6.064450376212984,0.1054261943631703,0.0667961432225061,MRO-10046;MRO-10045;MRO-50009,MRO-10046;MRO-10045;MRO-50009,Belt Conveyor,CHN-02,train,12,caution,risk,approved_on_validation,우선 점검 후보
2022-06-28,AST-3019,A2,6,4.616844605035129,0.0457278080517765,0.0245500593010602,MRO-40022;MRO-80002;MRO-20031,MRO-40022;MRO-20031;MRO-50009,Belt Conveyor,CHN-02,train,12,risk,caution,approved_on_validation,우선 점검 후보
2022-06-28,AST-4055,A2,21,11.749220602898625,0.5016679321508992,0.4201560043545206,MRO-10046;MRO-20031;MRO-40021,MRO-10046;MRO-20031;MRO-10045,Screw Compressor,DHR-03,train,12,high_risk,high_risk,approved_on_validation,우선 점검 후보
2022-06-28,AST-4061,A2,8,7.769463299170256,0.1992763366070835,0.142771270615216,MRO-20033;MRO-20031;MRO-10045,MRO-20031;MRO-10045;MRO-10047,Screw Compressor,DHR-03,train,12,risk,risk,approved_on_validation,우선 점검 후보
2022-06-28,AST-5003,A2,0,5.737624714547849,0.0896002649621887,0.0539738535288707,MRO-80001;MRO-20031;MRO-60016,MRO-80001;MRO-20031;MRO-10046,EOT Crane,DHR-03,train,12,normal,caution,approved_on_validation,우선 점검 후보
2022-06-28,AST-5007,A2,12,6.290744943146615,0.1158198534331685,0.0733737541328327,MRO-20031;MRO-10047;MRO-40021,MRO-20031;MRO-10047;MRO-50009,EOT Crane,PUN-01,train,12,high_risk,risk,approved_on_validation,우선 점검 후보
2022-06-29,AST-1041,A2,11,6.429427353136691,0.1251575854112762,0.0807380230070354,MRO-80001;MRO-50009;MRO-10045,MRO-80001;MRO-50009;MRO-10045,CNC Lathe,PUN-01,train,12,risk,risk,approved_on_validation,우선 점검 후보
2022-06-29,AST-1042,A2,4,5.485626142400834,0.0782336304685573,0.0470565389131506,MRO-10047;MRO-80001;MRO-10046,MRO-10047;MRO-80001;MRO-10046,CNC Lathe,PUN-01,train,12,caution,caution,approved_on_validation,우선 점검 후보
2022-06-29,AST-2017,A2,7,7.653339708094853,0.2011920052255589,0.137516856299005,MRO-20031;MRO-10047;MRO-10046,MRO-20031;MRO-10047;MRO-10046,Hydraulic Press,PUN-01,train,12,risk,risk,approved_on_validation,우선 점검 후보
2022-06-29,AST-2031,A2,14,7.723863195652252,0.2008349586789193,0.1410597916924547,MRO-20031;MRO-10045;MRO-50009,MRO-20031;MRO-10045;MRO-50009,Hydraulic Press,CHN-02,train,12,high_risk,risk,approved_on_validation,우선 점검 후보
2022-06-29,AST-3008,A2,2,4.326561851397364,0.0392447522094954,0.0204544442866261,MRO-10045;MRO-10046;MRO-40021,MRO-10045;MRO-10046;MRO-10047,Belt Conveyor,CHN-02,train,12,caution,caution,approved_on_validation,우선 점검 후보
2022-06-29,AST-3019,A2,0,4.160343493856568,0.0347377282248007,0.0183545756498076,MRO-50009;MRO-10047;MRO-80001,MRO-50009;MRO-10047;MRO-80001,Belt Conveyor,CHN-02,train,12,normal,caution,approved_on_validation,우선 점검 후보
2022-06-29,AST-4055,A2,2,6.235620151613026,0.1106588142070754,0.0706003250504879,MRO-40021;MRO-40022;MRO-10046,MRO-10046;MRO-80001;MRO-10047,Screw Compressor,DHR-03,train,12,caution,risk,approved_on_validation,우선 점검 후보
2022-06-29,AST-4061,A2,11,6.415409219076779,0.1218036809970639,0.0797717839894324,MRO-20031;MRO-10045;MRO-10046,MRO-20031;MRO-10045;MRO-10046,Screw Compressor,DHR-03,train,12,risk,risk,approved_on_validation,우선 점검 후보
2022-06-29,AST-5003,A2,10,6.94957355750051,0.1510180459396793,0.1003243537656751,MRO-20031;MRO-10045;MRO-40022,MRO-20031;MRO-10045;MRO-80001,EOT Crane,DHR-03,train,12,risk,risk,approved_on_validation,우선 점검 후보
2022-06-29,AST-5007,A2,11,6.486844158324828,0.1260751582783794,0.0820965159231638,MRO-10047;MRO-20031;MRO-10045,MRO-10047;MRO-20031;MRO-10045,EOT Crane,PUN-01,train,12,risk,risk,approved_on_validation,우선 점검 후보
2022-06-30,AST-1041,A2,12,6.71744470850888,0.1374022187989646,0.0920438315543559,MRO-50009;MRO-80001;MRO-10045,MRO-50009;MRO-80001;MRO-10045,CNC Lathe,PUN-01,train,12,high_risk,risk,approved_on_validation,우선 점검 후보
2022-06-30,AST-1042,A2,2,5.86765547569111,0.0962753475976882,0.0595370332401218,MRO-10045;MRO-20031;MRO-80001,MRO-10045;MRO-20031;MRO-80001,CNC Lathe,PUN-01,train,12,caution,risk,approved_on_validation,우선 점검 후보
2022-06-30,AST-2017,A2,15,8.492949733680565,0.2542884669845751,0.1865781532432464,MRO-10045;MRO-10046;MRO-20031,MRO-10045;MRO-10046;MRO-20031,Hydraulic Press,PUN-01,train,12,high_risk,risk,approved_on_validation,우선 점검 후보
2022-06-30,AST-2031,A2,18,7.934355423658322,0.2177103581926342,0.1540013743448532,MRO-10045;MRO-20031;MRO-10047,MRO-10045;MRO-20031;MRO-10047,Hydraulic Press,CHN-02,train,12,high_risk,risk,approved_on_validation,우선 점검 후보
2022-06-30,AST-3008,A2,11,6.203843035710675,0.1127128866964467,0.0722074416442681,MRO-50009;MRO-10046;MRO-10045,MRO-50009;MRO-10046;MRO-10045,Belt Conveyor,CHN-02,train,12,risk,risk,approved_on_validation,우선 점검 후보
2022-06-30,AST-3019,A2,1,5.371533874713742,0.0754344164370061,0.0436986485470463,MRO-80002;MRO-10046;MRO-20031,MRO-10046;MRO-20031;MRO-10047,Belt Conveyor,CHN-02,train,12,caution,caution,approved_on_validation,우선 점검 후보
2022-06-30,AST-4055,A2,2,7.969742082308936,0.2211185330717489,0.1547285496674454,MRO-80001;MRO-10046;MRO-20031,MRO-80001;MRO-10046;MRO-20031,Screw Compressor,DHR-03,train,12,caution,risk,approved_on_validation,우선 점검 후보
2022-06-30,AST-4061,A2,9,6.44307875855494,0.1250345491990803,0.0814734116837985,MRO-20031;MRO-10045;MRO-10046,MRO-20031;MRO-10045;MRO-10046,Screw Compressor,DHR-03,train,12,risk,risk,approved_on_validation,우선 점검 후보
2022-06-30,AST-5003,A2,3,7.186247781773104,0.1657085625661546,0.1128296699393066,MRO-10046;MRO-10045;MRO-20031,MRO-10046;MRO-10045;MRO-20031,EOT Crane,DHR-03,train,12,caution,risk,approved_on_validation,우선 점검 후보
2022-06-30,AST-5007,A2,8,5.786230690507352,0.0906575686791659,0.0562483253533846,MRO-10045;MRO-10047;MRO-20031,MRO-10045;MRO-10047;MRO-20031,EOT Crane,PUN-01,train,12,risk,caution,approved_on_validation,우선 점검 후보
2022-07-01,AST-1041,A2,9,6.529534217896414,0.1294153178896253,0.0848325621244134,MRO-80001;MRO-20031;MRO-50009,MRO-80001;MRO-20031;MRO-50009,CNC Lathe,PUN-01,train,12,risk,risk,approved_on_validation,우선 점검 후보
2022-07-01,AST-1042,A2,4,5.727415361115613,0.0893430826859815,0.0546164676557133,MRO-20031;MRO-10045;MRO-80001,MRO-20031;MRO-10045;MRO-80001,CNC Lathe,PUN-01,train,12,caution,caution,approved_on_validation,우선 점검 후보
2022-07-01,AST-2017,A2,1,8.08363576483347,0.2244120426101525,0.1620964448626663,MRO-20031;MRO-10045;MRO-80001,MRO-20031;MRO-10045;MRO-80001,Hydraulic Press,PUN-01,train,12,caution,risk,approved_on_validation,우선 점검 후보
2022-07-01,AST-2031,A2,4,7.346303276865323,0.1757502237108472,0.1227551280104546,MRO-20031;MRO-10045;MRO-10047,MRO-20031;MRO-10045;MRO-10047,Hydraulic Press,CHN-02,train,12,caution,risk,approved_on_validation,우선 점검 후보
2022-07-01,AST-3008,A2,9,6.566393930512073,0.1316817061151934,0.0866033608814019,MRO-10045;MRO-10047;MRO-10046,MRO-10045;MRO-10047;MRO-10046,Belt Conveyor,CHN-02,train,12,risk,risk,approved_on_validation,우선 점검 후보
2022-07-01,AST-3019,A2,6,5.284205005998701,0.0725982940458161,0.0421349390417413,MRO-10047;MRO-10045;MRO-80001,MRO-10047;MRO-10045;MRO-80001,Belt Conveyor,CHN-02,train,12,risk,caution,approved_on_validation,우선 점검 후보
2022-07-01,AST-4055,A2,8,8.156831415207554,0.2312697981265649,0.1655625326647235,MRO-20031;MRO-10045;MRO-10046,MRO-20031;MRO-10045;MRO-10046,Screw Compressor,DHR-03,train,12,risk,risk,approved_on_validation,우선 점검 후보
2022-07-01,AST-4061,A2,9,6.5100159726003906,0.1286468445629938,0.0841071708846396,MRO-20031;MRO-50009;MRO-80001,MRO-20031;MRO-50009;MRO-80001,Screw Compressor,DHR-03,train,12,risk,risk,approved_on_validation,우선 점검 후보
2022-07-01,AST-5003,A2,13,8.756702233587063,0.2702795605678692,0.2009128699925768,MRO-40021;MRO-10046;MRO-10045,MRO-10046;MRO-10045;MRO-80001,EOT Crane,DHR-03,train,12,high_risk,risk,approved_on_validation,우선 점검 후보
2022-07-01,AST-5007,A2,0,5.075042420955515,0.0603753465567491,0.0354775074779376,MRO-10047;MRO-20031;MRO-50009,MRO-10047;MRO-20031;MRO-50009,EOT Crane,PUN-01,train,12,normal,caution,approved_on_validation,우선 점검 후보
2022-07-02,AST-1041,A2,0,0.0034514762484135,9.689174283346244e-12,9.435939785317076e-15,MRO-20031;MRO-80001;MRO-30012,MRO-20031;MRO-80001;MRO-10045,CNC Lathe,PUN-01,train,12,normal,normal,approved_on_validation,우선 점검 후보
2022-07-02,AST-1042,A2,0,0.0032372318569263,6.5762934925701386e-12,6.657092094520282e-15,MRO-10046;MRO-10045;MRO-10047,MRO-10046;MRO-10045;MRO-10047,CNC Lathe,PUN-01,train,12,normal,normal,approved_on_validation,우선 점검 후보
2022-07-02,AST-2017,A2,0,0.0031544322244515,5.598255595382361e-12,5.665075371981907e-15,MRO-70005;MRO-10045;MRO-20031,MRO-10045;MRO-20031;MRO-50009,Hydraulic Press,PUN-01,train,12,normal,normal,approved_on_validation,우선 점검 후보
2022-07-02,AST-2031,A2,0,0.0032597068467135,7.374985335265206e-12,7.305280906560447e-15,MRO-20031;MRO-10046;MRO-80001,MRO-20031;MRO-10046;MRO-80001,Hydraulic Press,CHN-02,train,12,normal,normal,approved_on_validation,우선 점검 후보
2022-07-02,AST-3008,A2,0,0.0032032104623145,6.460800346056649e-12,6.416260601562052e-15,MRO-10046;MRO-20031;MRO-50009,MRO-10046;MRO-20031;MRO-50009,Belt Conveyor,CHN-02,train,12,normal,normal,approved_on_validation,우선 점검 후보
2022-07-02,AST-3019,A2,0,0.0031107442737595,5.955442486520372e-12,5.7552070400915225e-15,MRO-80001;MRO-20033;MRO-10045,MRO-80001;MRO-10045;MRO-10046,Belt Conveyor,CHN-02,train,12,normal,normal,approved_on_validation,우선 점검 후보
2022-07-02,AST-4055,A2,0,0.0033624489836451,7.396650063226288e-12,7.739813466496176e-15,MRO-60016;MRO-20031;MRO-10045,MRO-20031;MRO-10045;MRO-10046,Screw Compressor,DHR-03,train,12,normal,normal,approved_on_validation,우선 점검 후보
2022-07-02,AST-4061,A2,0,0.0032772203326975,6.7841800683771355e-12,6.9623727181504224e-15,MRO-50009;MRO-30011;MRO-60016,MRO-50009;MRO-10045;MRO-10046,Screw Compressor,DHR-03,train,12,normal,normal,approved_on_validation,우선 점검 후보
2022-07-02,AST-5003,A2,0,0.0034301029821228,9.162039325518574e-12,8.991091092853262e-15,MRO-10047;MRO-90012;MRO-70004,MRO-10047;MRO-10045;MRO-10046,EOT Crane,DHR-03,train,12,normal,normal,approved_on_validation,우선 점검 후보
2022-07-02,AST-5007,A2,0,0.0032762194210043,6.8053626104870155e-12,6.9604138669184615e-15,MRO-10045;MRO-20033;MRO-60015,MRO-10045;MRO-10046;MRO-10047,EOT Crane,PUN-01,train,12,normal,normal,approved_on_validation,우선 점검 후보
2022-07-03,AST-1041,A2,0,0.0032333463332481,6.563456211790173e-12,6.632658655596721e-15,MRO-10045;MRO-10046;MRO-10047,MRO-10045;MRO-10046;MRO-10047,CNC Lathe,PUN-01,train,12,normal,normal,approved_on_validation,우선 점검 후보
2022-07-03,AST-1042,A2,0,0.0032367680769504,6.5672994227151395e-12,6.6487839152310235e-15,MRO-10045;MRO-10047;MRO-20031,MRO-10045;MRO-10047;MRO-20031,CNC Lathe,PUN-01,train,12,normal,normal,approved_on_validation,우선 점검 후보
2022-07-03,AST-2017,A2,0,0.0032672705531255,6.574266313145983e-12,6.8524581017062135e-15,MRO-70005;MRO-10045;MRO-10046,MRO-10045;MRO-10046;MRO-10047,Hydraulic Press,PUN-01,train,12,normal,normal,approved_on_validation,우선 점검 후보
2022-07-03,AST-2031,A2,0,0.003279654558849,7.218262805584827e-12,7.262654291716313e-15,MRO-50009;MRO-10045;MRO-10046,MRO-50009;MRO-10045;MRO-10046,Hydraulic Press,CHN-02,train,12,normal,normal,approved_on_validation,우선 점검 후보
2022-07-03,AST-3008,A2,0,0.0032275349314126,6.587496977064332e-12,6.610191154369268e-15,MRO-10046;MRO-20031;MRO-50009,MRO-10046;MRO-20031;MRO-50009,Belt Conveyor,CHN-02,train,12,normal,normal,approved_on_validation,우선 점검 후보
2022-07-03,AST-3019,A2,0,0.0032696587861757,6.525869164951357e-12,6.947087470256767e-15,MRO-20032;MRO-10045;MRO-10046,MRO-10045;MRO-10046;MRO-10047,Belt Conveyor,CHN-02,train,12,normal,normal,approved_on_validation,우선 점검 후보
2022-07-03,AST-4055,A2,0,0.0032270248158326,6.647380675466884e-12,6.673098007406984e-15,MRO-10045;MRO-10046;MRO-10047,MRO-10045;MRO-10046;MRO-10047,Screw Compressor,DHR-03,train,12,normal,normal,approved_on_validation,우선 점검 후보
2022-07-03,AST-4061,A2,0,0.0032482505775068,6.643018524806843e-12,6.748531431723281e-15,MRO-10045;MRO-10046;MRO-10047,MRO-10045;MRO-10046;MRO-10047,Screw Compressor,DHR-03,train,12,normal,normal,approved_on_validation,우선 점검 후보
2022-07-03,AST-5003,A2,0,0.003364572058363,8.936106647268423e-12,8.509275454210727e-15,MRO-10047;MRO-90012;MRO-50009,MRO-10047;MRO-50009;MRO-10046,EOT Crane,DHR-03,train,12,normal,normal,approved_on_validation,우선 점검 후보
2022-07-03,AST-5007,A2,0,0.0031953184661773,6.150165948356085e-12,6.256538385221878e-15,MRO-20032;MRO-70004;MRO-30011,MRO-10045;MRO-10046;MRO-10047,EOT Crane,PUN-01,train,12,normal,normal,approved_on_validation,우선 점검 후보
2022-07-04,AST-1041,A2,4,6.179092288013156,0.1108407629863139,0.0708037252275116,MRO-50009;MRO-80001;MRO-20031,MRO-50009;MRO-80001;MRO-20031,CNC Lathe,PUN-01,train,12,caution,risk,approved_on_validation,우선 점검 후보
2022-07-04,AST-1042,A2,7,6.31870600127367,0.116368548016383,0.075638100073285,MRO-10045;MRO-80001;MRO-20031,MRO-10045;MRO-80001;MRO-20031,CNC Lathe,PUN-01,train,12,risk,risk,approved_on_validation,우선 점검 후보
2022-07-04,AST-2017,A2,7,7.919007111083054,0.2108911156968703,0.1514113382772097,MRO-60016;MRO-10045;MRO-20031,MRO-10045;MRO-20031;MRO-80001,Hydraulic Press,PUN-01,train,12,risk,risk,approved_on_validation,우선 점검 후보
2022-07-04,AST-2031,A2,14,7.429766535420589,0.1805446413465093,0.1258892543128085,MRO-50009;MRO-20031;MRO-10045,MRO-50009;MRO-20031;MRO-10045,Hydraulic Press,CHN-02,train,12,high_risk,risk,approved_on_validation,우선 점검 후보
2022-07-04,AST-3008,A2,8,6.41732645345967,0.1195706614700028,0.0799000104941826,MRO-10045;MRO-90012;MRO-10047,MRO-10045;MRO-10047;MRO-80001,Belt Conveyor,CHN-02,train,12,risk,risk,approved_on_validation,우선 점검 후보
2022-07-04,AST-3019,A2,6,5.422259631042508,0.0770446952337878,0.0457681416234633,MRO-80001;MRO-40021;MRO-10046,MRO-80001;MRO-10046;MRO-20031,Belt Conveyor,CHN-02,train,12,risk,caution,approved_on_validation,우선 점검 후보
2022-07-04,AST-4055,A2,11,7.965232272575616,0.2160210477033848,0.1553251277470696,MRO-10046;MRO-20031;MRO-10045,MRO-10046;MRO-20031;MRO-10045,Screw Compressor,DHR-03,train,12,risk,risk,approved_on_validation,우선 점검 후보
2022-07-04,AST-4061,A2,2,7.211188658889259,0.1682944472568104,0.11548616080345,MRO-80001;MRO-50009;MRO-10045,MRO-80001;MRO-50009;MRO-10045,Screw Compressor,DHR-03,train,12,caution,risk,approved_on_validation,우선 점검 후보
2022-07-04,AST-5003,A2,10,8.040380361428015,0.2197211532860614,0.1575814152490909,MRO-10046;MRO-20033;MRO-20031,MRO-10046;MRO-20031;MRO-80001,EOT Crane,DHR-03,train,12,risk,risk,approved_on_validation,우선 점검 후보
2022-07-04,AST-5007,A2,6,4.764392622374719,0.0499216441037261,0.0275735270480836,MRO-10045;MRO-50008;MRO-30011,MRO-10045;MRO-10047;MRO-20031,EOT Crane,PUN-01,train,12,risk,caution,approved_on_validation,우선 점검 후보
2022-07-05,AST-1041,A2,7,6.063347836818854,0.104050449711137,0.0664104085268298,MRO-50009;MRO-10047;MRO-80001,MRO-50009;MRO-10047;MRO-80001,CNC Lathe,PUN-01,train,12,risk,risk,approved_on_validation,우선 점검 후보
2022-07-05,AST-1042,A2,9,5.890289833031417,0.0962069641391757,0.0600055254563041,MRO-10045;MRO-20031;MRO-10046,MRO-10045;MRO-20031;MRO-10046,CNC Lathe,PUN-01,train,12,risk,risk,approved_on_validation,우선 점검 후보
2022-07-05,AST-2017,A2,11,8.125183906582492,0.2270908420620722,0.1637860772607209,MRO-50009;MRO-10045;MRO-60016,MRO-50009;MRO-10045;MRO-10047,Hydraulic Press,PUN-01,train,12,risk,risk,approved_on_validation,우선 점검 후보
2022-07-05,AST-2031,A2,12,7.72430865721275,0.1973796761668975,0.1427800141100442,MRO-20031;MRO-70005;MRO-50009,MRO-20031;MRO-50009;MRO-80001,Hydraulic Press,CHN-02,train,12,high_risk,risk,approved_on_validation,우선 점검 후보
2022-07-05,AST-3008,A2,6,6.158265098296942,0.1092404826672609,0.0696861299234157,MRO-10047;MRO-10046;MRO-20031,MRO-10047;MRO-10046;MRO-20031,Belt Conveyor,CHN-02,train,12,risk,risk,approved_on_validation,우선 점검 후보
2022-07-05,AST-3019,A2,2,5.211524555816728,0.0696316551275314,0.0409223810143742,MRO-10047;MRO-80001;MRO-20031,MRO-10047;MRO-80001;MRO-20031,Belt Conveyor,CHN-02,train,12,caution,caution,approved_on_validation,우선 점검 후보
2022-07-05,AST-4055,A2,13,7.79363258592375,0.2011558518001197,0.1465540176450881,MRO-90012;MRO-20031;MRO-80001,MRO-20031;MRO-80001;MRO-10047,Screw Compressor,DHR-03,train,12,high_risk,risk,approved_on_validation,우선 점검 후보
2022-07-05,AST-4061,A2,8,6.869802857827502,0.1479551391579573,0.0996407261016641,MRO-80001;MRO-50009;MRO-20031,MRO-80001;MRO-50009;MRO-20031,Screw Compressor,DHR-03,train,12,risk,risk,approved_on_validation,우선 점검 후보
2022-07-05,AST-5003,A2,8,9.53288652151734,0.3265342293407439,0.2544030581863881,MRO-20033;MRO-50009;MRO-70005,MRO-50009;MRO-10045;MRO-10047,EOT Crane,DHR-03,train,12,risk,risk,approved_on_validation,우선 점검 후보
2022-07-05,AST-5007,A2,2,5.318211424725571,0.0708807057841393,0.0420780116150297,MRO-10045;MRO-10047;MRO-20031,MRO-10045;MRO-10047;MRO-20031,EOT Crane,PUN-01,train,12,caution,caution,approved_on_validation,우선 점검 후보
2022-07-06,AST-1041,A2,9,6.01495010988262,0.1031779675449983,0.0652525337572439,MRO-80001;MRO-50009;MRO-10047,MRO-80001;MRO-50009;MRO-10047,CNC Lathe,PUN-01,train,12,risk,risk,approved_on_validation,우선 점검 후보
2022-07-06,AST-1042,A2,12,10.197579030061108,0.3819327442057513,0.3055894928821583,MRO-10045;MRO-10046;MRO-20031,MRO-10045;MRO-10046;MRO-20031,CNC Lathe,PUN-01,train,12,high_risk,risk,approved_on_validation,우선 점검 후보
2022-07-06,AST-2017,A2,5,8.5968393459146,0.2636540173629646,0.1921585703480112,MRO-10046;MRO-50009;MRO-10045,MRO-10046;MRO-50009;MRO-10045,Hydraulic Press,PUN-01,train,12,caution,risk,approved_on_validation,우선 점검 후보
2022-07-06,AST-2031,A2,9,7.293535157590502,0.1721883514157267,0.1197184052110637,MRO-10047;MRO-20031;MRO-50009,MRO-10047;MRO-20031;MRO-50009,Hydraulic Press,CHN-02,train,12,risk,risk,approved_on_validation,우선 점검 후보
2022-07-06,AST-3008,A2,6,6.081014380533715,0.1053091274230439,0.0665859664947027,MRO-10045;MRO-10047;MRO-20031,MRO-10045;MRO-10047;MRO-20031,Belt Conveyor,CHN-02,train,12,risk,risk,approved_on_validation,우선 점검 후보
2022-07-06,AST-3019,A2,0,5.399153973095002,0.0768151199878172,0.0457170853370348,MRO-10047;MRO-10045;MRO-50009,MRO-10047;MRO-10045;MRO-50009,Belt Conveyor,CHN-02,train,12,normal,caution,approved_on_validation,우선 점검 후보
2022-07-06,AST-4055,A2,8,7.910095792152764,0.2161880714602287,0.1519668046346977,MRO-20031;MRO-10047;MRO-10046,MRO-20031;MRO-10047;MRO-10046,Screw Compressor,DHR-03,train,12,risk,risk,approved_on_validation,우선 점검 후보
2022-07-06,AST-4061,A2,4,6.360678475680945,0.1190328849711157,0.0766581713865626,MRO-10047;MRO-80001;MRO-10046,MRO-10047;MRO-80001;MRO-10046,Screw Compressor,DHR-03,train,12,caution,risk,approved_on_validation,우선 점검 후보
2022-07-06,AST-5003,A2,3,6.585879266286732,0.1292593504573179,0.0856850826082168,MRO-50009;MRO-80001;MRO-10045,MRO-50009;MRO-80001;MRO-10045,EOT Crane,DHR-03,train,12,caution,risk,approved_on_validation,우선 점검 후보
2022-07-06,AST-5007,A2,6,5.729177908854615,0.0886816776944685,0.0542568698496116,MRO-10045;MRO-10047;MRO-20031,MRO-10045;MRO-10047;MRO-20031,EOT Crane,PUN-01,train,12,risk,caution,approved_on_validation,우선 점검 후보
2022-07-07,AST-1041,A2,2,5.6881980068510005,0.086804380696261,0.053743072024636,MRO-50009;MRO-10045;MRO-80001,MRO-50009;MRO-10045;MRO-80001,CNC Lathe,PUN-01,train,12,caution,caution,approved_on_validation,우선 점검 후보
2022-07-07,AST-1042,A2,5,6.358886598410082,0.1204966621413734,0.0770359906668257,MRO-10047;MRO-10045;MRO-60015,MRO-10047;MRO-10045;MRO-50009,CNC Lathe,PUN-01,train,12,caution,risk,approved_on_validation,우선 점검 후보
2022-07-07,AST-2017,A2,2,8.235898810380785,0.2375557878090082,0.1711095240673414,MRO-50009;MRO-10045;MRO-10046,MRO-50009;MRO-10045;MRO-10046,Hydraulic Press,PUN-01,train,12,caution,risk,approved_on_validation,우선 점검 후보
2022-07-07,AST-2031,A2,8,7.301290808127016,0.173834566593858,0.1202844664999534,MRO-20031;MRO-50009;MRO-10047,MRO-20031;MRO-50009;MRO-10047,Hydraulic Press,CHN-02,train,12,risk,risk,approved_on_validation,우선 점검 후보
2022-07-07,AST-3008,A2,12,6.288415490399069,0.1148621000574389,0.0741290539501508,MRO-40022;MRO-10046;MRO-50009,MRO-10046;MRO-50009;MRO-10047,Belt Conveyor,CHN-02,train,12,high_risk,risk,approved_on_validation,우선 점검 후보
2022-07-07,AST-3019,A2,4,5.362495365415963,0.074209204527062,0.0447466750371168,MRO-10047;MRO-80001;MRO-10046,MRO-10047;MRO-80001;MRO-10046,Belt Conveyor,CHN-02,train,12,caution,caution,approved_on_validation,우선 점검 후보
2022-07-07,AST-4055,A2,6,7.855541381639091,0.2107726288671671,0.1499012247980005,MRO-20031;MRO-10046;MRO-80001,MRO-20031;MRO-10046;MRO-80001,Screw Compressor,DHR-03,train,12,risk,risk,approved_on_validation,우선 점검 후보
2022-07-07,AST-4061,A2,5,6.265092179219261,0.1146211497101707,0.074291215088979,MRO-80001;MRO-50009;MRO-10045,MRO-80001;MRO-50009;MRO-10045,Screw Compressor,DHR-03,train,12,caution,risk,approved_on_validation,우선 점검 후보
2022-07-07,AST-5003,A2,16,8.943873414080198,0.2873732190660665,0.2124326909255349,MRO-50009;MRO-80001;MRO-40021,MRO-50009;MRO-80001;MRO-10046,EOT Crane,DHR-03,train,12,high_risk,risk,approved_on_validation,우선 점검 후보
2022-07-07,AST-5007,A2,5,5.584721162088911,0.0815032533008605,0.0498044608920433,MRO-10045;MRO-10047;MRO-20031,MRO-10045;MRO-10047;MRO-20031,EOT Crane,PUN-01,train,12,caution,caution,approved_on_validation,우선 점검 후보
2022-07-08,AST-1041,A2,0,5.8411842524489925,0.0930410132242766,0.0581843392476708,MRO-80001;MRO-10047;MRO-50009,MRO-80001;MRO-10047;MRO-50009,CNC Lathe,PUN-01,train,12,normal,caution,approved_on_validation,우선 점검 후보
2022-07-08,AST-1042,A2,10,6.351725723785438,0.1225784466655793,0.0778679966121054,MRO-80001;MRO-10045;MRO-10047,MRO-80001;MRO-10045;MRO-10047,CNC Lathe,PUN-01,train,12,risk,risk,approved_on_validation,우선 점검 후보
2022-07-08,AST-2017,A2,15,8.715571228421814,0.2721676268245395,0.2002049795330797,MRO-10045;MRO-10046;MRO-50009,MRO-10045;MRO-10046;MRO-50009,Hydraulic Press,PUN-01,train,12,high_risk,risk,approved_on_validation,우선 점검 후보
2022-07-08,AST-2031,A2,11,8.81353692499821,0.2714088318686347,0.207699485304717,MRO-20032;MRO-10045;MRO-80001,MRO-10045;MRO-80001;MRO-20031,Hydraulic Press,CHN-02,train,12,risk,risk,approved_on_validation,우선 점검 후보
2022-07-08,AST-3008,A2,4,6.527762775284682,0.1303435200500783,0.0849729611758537,MRO-10045;MRO-20031;MRO-50009,MRO-10045;MRO-20031;MRO-50009,Belt Conveyor,CHN-02,train,12,caution,risk,approved_on_validation,우선 점검 후보
2022-07-08,AST-3019,A2,18,10.146852018887172,0.3690170434944481,0.2979472938816355,MRO-70004;MRO-10047;MRO-40021,MRO-10047;MRO-80001;MRO-50009,Belt Conveyor,CHN-02,train,12,high_risk,risk,approved_on_validation,우선 점검 후보
2022-07-08,AST-4055,A2,9,8.259132370795552,0.2383264836804775,0.1712553000129537,MRO-10046;MRO-10047;MRO-10045,MRO-10046;MRO-10047;MRO-10045,Screw Compressor,DHR-03,train,12,risk,risk,approved_on_validation,우선 점검 후보
2022-07-08,AST-4061,A2,6,6.246961820016632,0.1133317929836007,0.0731844299758708,MRO-80001;MRO-50009;MRO-10046,MRO-80001;MRO-50009;MRO-10046,Screw Compressor,DHR-03,train,12,risk,risk,approved_on_validation,우선 점검 후보
2022-07-08,AST-5003,A2,18,7.636704292200021,0.1930067559392736,0.1362325259015961,MRO-80001;MRO-10046;MRO-20031,MRO-80001;MRO-10046;MRO-20031,EOT Crane,DHR-03,train,12,high_risk,risk,approved_on_validation,우선 점검 후보
2022-07-08,AST-5007,A2,3,5.331556562523307,0.0693398294820151,0.0421252974650393,MRO-10047;MRO-10045;MRO-50009,MRO-10047;MRO-10045;MRO-50009,EOT Crane,PUN-01,train,12,caution,caution,approved_on_validation,우선 점검 후보
2022-07-09,AST-1041,A2,0,0.0034208997142187,9.53242052854373e-12,9.20879520251974e-15,MRO-80001;MRO-20031;MRO-30012,MRO-80001;MRO-20031;MRO-10045,CNC Lathe,PUN-01,train,12,normal,normal,approved_on_validation,우선 점검 후보
2022-07-09,AST-1042,A2,0,0.0032310708258565,6.5782029437329885e-12,6.63833354674616e-15,MRO-20031;MRO-80001;MRO-10045,MRO-20031;MRO-80001;MRO-10045,CNC Lathe,PUN-01,train,12,normal,normal,approved_on_validation,우선 점검 후보
2022-07-09,AST-2017,A2,0,0.0034034826748791,7.041967397068168e-12,7.596437642033473e-15,MRO-30011;MRO-60015;MRO-10046,MRO-10046;MRO-20031;MRO-10047,Hydraulic Press,PUN-01,train,12,normal,normal,approved_on_validation,우선 점검 후보
2022-07-09,AST-2031,A2,0,0.0034489354626973,7.993339547211972e-12,8.650511010642386e-15,MRO-70005;MRO-80001;MRO-50008,MRO-80001;MRO-10045;MRO-10046,Hydraulic Press,CHN-02,train,12,normal,normal,approved_on_validation,우선 점검 후보
2022-07-09,AST-3008,A2,0,0.0032377698137189,6.603020377465433e-12,6.6823334996918875e-15,MRO-10045;MRO-10046;MRO-10047,MRO-10045;MRO-10046;MRO-10047,Belt Conveyor,CHN-02,train,12,normal,normal,approved_on_validation,우선 점검 후보
2022-07-09,AST-3019,A2,0,0.0031151902737145,5.955492435180016e-12,5.746912364699205e-15,MRO-60016;MRO-10047;MRO-20031,MRO-10047;MRO-20031;MRO-80001,Belt Conveyor,CHN-02,train,12,normal,normal,approved_on_validation,우선 점검 후보
2022-07-09,AST-4055,A2,0,0.003085963588414,5.077364503697912e-12,5.081647699523735e-15,MRO-70005;MRO-10045;MRO-10046,MRO-10045;MRO-10046;MRO-50009,Screw Compressor,DHR-03,train,12,normal,normal,approved_on_validation,우선 점검 후보
2022-07-09,AST-4061,A2,0,0.0032429409123854,6.6094670294136794e-12,6.695832342861411e-15,MRO-10045;MRO-10047;MRO-20031,MRO-10045;MRO-10047;MRO-20031,Screw Compressor,DHR-03,train,12,normal,normal,approved_on_validation,우선 점검 후보
2022-07-09,AST-5003,A2,0,0.0032099855046703,6.555281997826059e-12,6.533537237890298e-15,MRO-10047;MRO-20031;MRO-80001,MRO-10047;MRO-20031;MRO-80001,EOT Crane,DHR-03,train,12,normal,normal,approved_on_validation,우선 점검 후보
2022-07-09,AST-5007,A2,0,0.0029293107127753,4.849641859849338e-12,4.441502492990782e-15,MRO-40021;MRO-10045;MRO-10046,MRO-10045;MRO-10046;MRO-20031,EOT Crane,PUN-01,train,12,normal,normal,approved_on_validation,우선 점검 후보
2022-07-10,AST-1041,A2,0,0.0034509885028744,9.643555964422309e-12,9.406915438869592e-15,MRO-80001;MRO-30012;MRO-20031,MRO-80001;MRO-20031;MRO-10045,CNC Lathe,PUN-01,train,12,normal,normal,approved_on_validation,우선 점검 후보
2022-07-10,AST-1042,A2,0,0.0032357481317684,6.5603274863509306e-12,6.640651956247409e-15,MRO-10045;MRO-10046;MRO-10047,MRO-10045;MRO-10046;MRO-10047,CNC Lathe,PUN-01,train,12,normal,normal,approved_on_validation,우선 점검 후보
2022-07-10,AST-2017,A2,0,0.0032351626000305,6.5603216068052256e-12,6.6377945720520506e-15,MRO-10045;MRO-10047;MRO-50009,MRO-10045;MRO-10047;MRO-50009,Hydraulic Press,PUN-01,train,12,normal,normal,approved_on_validation,우선 점검 후보
2022-07-10,AST-2031,A2,0,0.0033138747705534,7.711221623661719e-12,7.778289675743248e-15,MRO-80001;MRO-70005;MRO-10045,MRO-80001;MRO-10045;MRO-10046,Hydraulic Press,CHN-02,train,12,normal,normal,approved_on_validation,우선 점검 후보
2022-07-10,AST-3008,A2,0,0.0032321941978105,6.627821496211483e-12,6.655271316613777e-15,MRO-10045;MRO-10046;MRO-10047,MRO-10045;MRO-10046;MRO-10047,Belt Conveyor,CHN-02,train,12,normal,normal,approved_on_validation,우선 점검 후보
2022-07-10,AST-3019,A2,0,0.0032296389156757,6.51274006568516e-12,6.561647734366261e-15,MRO-60016;MRO-30012;MRO-10045,MRO-10045;MRO-10046;MRO-50009,Belt Conveyor,CHN-02,train,12,normal,normal,approved_on_validation,우선 점검 후보
2022-07-10,AST-4055,A2,0,0.0034250038796211,7.351303791017872e-12,7.938412248943484e-15,MRO-60016;MRO-20031;MRO-70005,MRO-20031;MRO-10047;MRO-10045,Screw Compressor,DHR-03,train,12,normal,normal,approved_on_validation,우선 점검 후보
2022-07-10,AST-4061,A2,0,0.0032445351951278,6.627224698277201e-12,6.7165381043186194e-15,MRO-10045;MRO-10046;MRO-10047,MRO-10045;MRO-10046;MRO-10047,Screw Compressor,DHR-03,train,12,normal,normal,approved_on_validation,우선 점검 후보
2022-07-10,AST-5003,A2,0,0.0032438639801146,6.6423289173288355e-12,6.7158500748306075e-15,MRO-10045;MRO-10046;MRO-50009,MRO-10045;MRO-10046;MRO-50009,EOT Crane,DHR-03,train,12,normal,normal,approved_on_validation,우선 점검 후보
2022-07-10,AST-5007,A2,0,0.0032590099500713,6.574260477643237e-12,6.799159463562219e-15,MRO-70004;MRO-10045;MRO-10046,MRO-10045;MRO-10046;MRO-10047,EOT Crane,PUN-01,train,12,normal,normal,approved_on_validation,우선 점검 후보
2022-07-11,AST-1041,A2,17,7.1722402123436435,0.1651309433928321,0.1137879743975461,MRO-10046;MRO-10045;MRO-80001,MRO-10046;MRO-10045;MRO-80001,CNC Lathe,PUN-01,train,12,high_risk,risk,approved_on_validation,우선 점검 후보
2022-07-11,AST-1042,A2,3,6.366496991167901,0.1171555946143638,0.0782855649054632,MRO-90012;MRO-80001;MRO-20031,MRO-80001;MRO-20031;MRO-10045,CNC Lathe,PUN-01,train,12,caution,risk,approved_on_validation,우선 점검 후보
2022-07-11,AST-2017,A2,5,8.120156864924226,0.2274423610353289,0.1631978549681282,MRO-20031;MRO-10047;MRO-10045,MRO-20031;MRO-10047;MRO-10045,Hydraulic Press,PUN-01,train,12,caution,risk,approved_on_validation,우선 점검 후보
2022-07-11,AST-2031,A2,16,7.270289520880516,0.1687148721721248,0.1176500409028601,MRO-20031;MRO-50009;MRO-10045,MRO-20031;MRO-50009;MRO-10045,Hydraulic Press,CHN-02,train,12,high_risk,risk,approved_on_validation,우선 점검 후보
2022-07-11,AST-3008,A2,10,6.23143359554586,0.1130919526436824,0.0729764206904839,MRO-50009;MRO-80001;MRO-20031,MRO-50009;MRO-80001;MRO-20031,Belt Conveyor,CHN-02,train,12,risk,risk,approved_on_validation,우선 점검 후보
2022-07-11,AST-3019,A2,14,8.808893700845374,0.2679065536308969,0.2009785845628925,MRO-80002;MRO-40021;MRO-20033,MRO-20031;MRO-50009;MRO-10046,Belt Conveyor,CHN-02,train,12,high_risk,risk,approved_on_validation,우선 점검 후보
2022-07-11,AST-4055,A2,9,7.865283309722567,0.2103072032700054,0.1495472294302373,MRO-20031;MRO-10046;MRO-10045,MRO-20031;MRO-10046;MRO-10045,Screw Compressor,DHR-03,train,12,risk,risk,approved_on_validation,우선 점검 후보
2022-07-11,AST-4061,A2,6,6.739942062275571,0.1404056625600216,0.0928455546782642,MRO-80001;MRO-10046;MRO-10045,MRO-80001;MRO-10046;MRO-10045,Screw Compressor,DHR-03,train,12,risk,risk,approved_on_validation,우선 점검 후보
2022-07-11,AST-5003,A2,9,7.854608426920859,0.2056659895247649,0.1494069318397557,MRO-70004;MRO-50009;MRO-20031,MRO-50009;MRO-20031;MRO-80001,EOT Crane,DHR-03,train,12,risk,risk,approved_on_validation,우선 점검 후보
2022-07-11,AST-5007,A2,6,5.603077074362581,0.0827361489388928,0.0504955543907454,MRO-10047;MRO-10045;MRO-50009,MRO-10047;MRO-10045;MRO-50009,EOT Crane,PUN-01,train,12,risk,caution,approved_on_validation,우선 점검 후보
2022-07-12,AST-1041,A2,0,6.090065772955649,0.1061305804371781,0.067589651334482,MRO-50009;MRO-80001;MRO-10045,MRO-50009;MRO-80001;MRO-10045,CNC Lathe,PUN-01,train,12,normal,risk,approved_on_validation,우선 점검 후보
2022-07-12,AST-1042,A2,7,6.181397042508839,0.1089126803034447,0.0705576245532234,MRO-20031;MRO-80001;MRO-10045,MRO-20031;MRO-80001;MRO-10045,CNC Lathe,PUN-01,train,12,risk,risk,approved_on_validation,우선 점검 후보
2022-07-12,AST-2017,A2,11,8.382032668969199,0.2454992073222189,0.1783250940876496,MRO-60016;MRO-10046;MRO-20031,MRO-10046;MRO-20031;MRO-10045,Hydraulic Press,PUN-01,train,12,risk,risk,approved_on_validation,우선 점검 후보
2022-07-12,AST-2031,A2,6,7.539835890948535,0.1867426172217244,0.1317181061274414,MRO-10047;MRO-10046;MRO-50009,MRO-10047;MRO-10046;MRO-50009,Hydraulic Press,CHN-02,train,12,risk,risk,approved_on_validation,우선 점검 후보
2022-07-12,AST-3008,A2,1,6.188801710022906,0.1104375077809028,0.0708910137797839,MRO-50009;MRO-20031;MRO-10046,MRO-50009;MRO-20031;MRO-10046,Belt Conveyor,CHN-02,train,12,caution,risk,approved_on_validation,우선 점검 후보
2022-07-12,AST-3019,A2,11,5.814384450161458,0.0901332975046069,0.0564475126808943,MRO-10045;MRO-50009;MRO-10047,MRO-10045;MRO-50009;MRO-10047,Belt Conveyor,CHN-02,train,12,risk,caution,approved_on_validation,우선 점검 후보
2022-07-12,AST-4055,A2,13,8.079875409302108,0.2235367505683185,0.1621480616833655,MRO-10045;MRO-10047;MRO-20031,MRO-10045;MRO-10047;MRO-20031,Screw Compressor,DHR-03,train,12,high_risk,risk,approved_on_validation,우선 점검 후보
2022-07-12,AST-4061,A2,7,6.736303166361213,0.1387752312217935,0.0928947294597022,MRO-40022;MRO-80001;MRO-50009,MRO-80001;MRO-50009;MRO-10046,Screw Compressor,DHR-03,train,12,risk,risk,approved_on_validation,우선 점검 후보
2022-07-12,AST-5003,A2,6,7.715084489321445,0.1996222230100515,0.1391581258006394,MRO-30012;MRO-30011;MRO-80001,MRO-80001;MRO-10046;MRO-20031,EOT Crane,DHR-03,train,12,risk,risk,approved_on_validation,우선 점검 후보
2022-07-12,AST-5007,A2,0,4.401164961359066,0.0378120265020152,0.0206867227229025,MRO-60016;MRO-10047;MRO-40022,MRO-10047;MRO-50009;MRO-10045,EOT Crane,PUN-01,train,12,normal,caution,approved_on_validation,우선 점검 후보
2022-07-13,AST-1041,A2,7,6.404618957987033,0.1188302666432503,0.0789393172980125,MRO-10045;MRO-50009;MRO-80001,MRO-10045;MRO-50009;MRO-80001,CNC Lathe,PUN-01,train,12,risk,risk,approved_on_validation,우선 점검 후보
2022-07-13,AST-1042,A2,15,7.2674868487747695,0.175472835455908,0.1183628114735282,MRO-50009;MRO-60015;MRO-20031,MRO-50009;MRO-20031;MRO-80001,CNC Lathe,PUN-01,train,12,high_risk,risk,approved_on_validation,우선 점검 후보
2022-07-13,AST-2017,A2,8,8.069407434501013,0.2268203808514212,0.1606755476291056,MRO-20031;MRO-50009;MRO-80001,MRO-20031;MRO-50009;MRO-80001,Hydraulic Press,PUN-01,train,12,risk,risk,approved_on_validation,우선 점검 후보
2022-07-13,AST-2031,A2,16,7.842392750460609,0.2081543525965256,0.1485734898863059,MRO-20031;MRO-80001;MRO-10047,MRO-20031;MRO-80001;MRO-10047,Hydraulic Press,CHN-02,train,12,high_risk,risk,approved_on_validation,우선 점검 후보
2022-07-13,AST-3008,A2,4,6.281457526939742,0.1147815770934755,0.0741165664454655,MRO-50009;MRO-20031;MRO-10046,MRO-50009;MRO-20031;MRO-10046,Belt Conveyor,CHN-02,train,12,caution,risk,approved_on_validation,우선 점검 후보
2022-07-13,AST-3019,A2,6,5.914977549269872,0.0959945752323243,0.0606990536184311,MRO-60016;MRO-80001;MRO-10046,MRO-80001;MRO-10046;MRO-50009,Belt Conveyor,CHN-02,train,12,risk,risk,approved_on_validation,우선 점검 후보
2022-07-13,AST-4055,A2,13,8.969883171270931,0.2874178512942436,0.2167338136256006,MRO-10045;MRO-10046;MRO-10047,MRO-10045;MRO-10046;MRO-10047,Screw Compressor,DHR-03,train,12,high_risk,risk,approved_on_validation,우선 점검 후보
2022-07-13,AST-4061,A2,13,7.05064623521376,0.1554039025028822,0.1067524430370286,MRO-40021;MRO-50009;MRO-80001,MRO-50009;MRO-80001;MRO-10047,Screw Compressor,DHR-03,train,12,high_risk,risk,approved_on_validation,우선 점검 후보
2022-07-13,AST-5003,A2,3,8.049715075095792,0.222756735528345,0.1604567744586475,MRO-10046;MRO-20031;MRO-50009,MRO-10046;MRO-20031;MRO-50009,EOT Crane,DHR-03,train,12,caution,risk,approved_on_validation,우선 점검 후보
2022-07-13,AST-5007,A2,6,5.05473316792872,0.0591735507344261,0.0344778041729605,MRO-40022;MRO-50009;MRO-10047,MRO-50009;MRO-10047;MRO-20031,EOT Crane,PUN-01,train,12,risk,caution,approved_on_validation,우선 점검 후보
2022-07-14,AST-1041,A2,8,6.476847799336615,0.1254020540905528,0.0825305031876329,MRO-10046;MRO-80001;MRO-10045,MRO-10046;MRO-80001;MRO-10045,CNC Lathe,PUN-01,train,12,risk,risk,approved_on_validation,우선 점검 후보
2022-07-14,AST-1042,A2,2,6.33505359099263,0.1192682298618423,0.0765508458313612,MRO-10045;MRO-10047;MRO-50009,MRO-10045;MRO-10047;MRO-50009,CNC Lathe,PUN-01,train,12,caution,risk,approved_on_validation,우선 점검 후보
2022-07-14,AST-2017,A2,7,8.24142226815048,0.2371407971750185,0.1711479956800012,MRO-50009;MRO-20031;MRO-10045,MRO-50009;MRO-20031;MRO-10045,Hydraulic Press,PUN-01,train,12,risk,risk,approved_on_validation,우선 점검 후보
2022-07-14,AST-2031,A2,14,8.1301088851397,0.2300909046588611,0.1650778229380889,MRO-50009;MRO-10046;MRO-80001,MRO-50009;MRO-10046;MRO-80001,Hydraulic Press,CHN-02,train,12,high_risk,risk,approved_on_validation,우선 점검 후보
2022-07-14,AST-3008,A2,6,6.201929263990506,0.1124398052801062,0.0716991402245166,MRO-50009;MRO-10045;MRO-10046,MRO-50009;MRO-10045;MRO-10046,Belt Conveyor,CHN-02,train,12,risk,risk,approved_on_validation,우선 점검 후보
2022-07-14,AST-3019,A2,8,6.029070649483339,0.0978876481657061,0.0639483885258715,MRO-60016;MRO-90011;MRO-10046,MRO-10046;MRO-50009;MRO-10045,Belt Conveyor,CHN-02,train,12,risk,risk,approved_on_validation,우선 점검 후보
2022-07-14,AST-4055,A2,3,8.037536568190804,0.2252826882273524,0.1597251966724713,MRO-10046;MRO-20031;MRO-10045,MRO-10046;MRO-20031;MRO-10045,Screw Compressor,DHR-03,train,12,caution,risk,approved_on_validation,우선 점검 후보
2022-07-14,AST-4061,A2,0,6.037325373278592,0.103061323980263,0.0652691046157272,MRO-50009;MRO-10047;MRO-80001,MRO-50009;MRO-10047;MRO-80001,Screw Compressor,DHR-03,train,12,normal,risk,approved_on_validation,우선 점검 후보
2022-07-14,AST-5003,A2,16,8.00904260332075,0.2194378463192039,0.1573971917312104,MRO-10045;MRO-10046;MRO-20031,MRO-10045;MRO-10046;MRO-20031,EOT Crane,DHR-03,train,12,high_risk,risk,approved_on_validation,우선 점검 후보
2022-07-14,AST-5007,A2,8,5.38751275050999,0.0737081836929385,0.0442323720219673,MRO-10046;MRO-50009;MRO-20031,MRO-10046;MRO-50009;MRO-20031,EOT Crane,PUN-01,train,12,risk,caution,approved_on_validation,우선 점검 후보
2022-07-15,AST-1041,A2,8,6.81064276979348,0.1424011714546795,0.0960790359166615,MRO-10045;MRO-80001;MRO-50009,MRO-10045;MRO-80001;MRO-50009,CNC Lathe,PUN-01,train,12,risk,risk,approved_on_validation,우선 점검 후보
2022-07-15,AST-1042,A2,7,5.916682888201789,0.098747301982714,0.0611209005189854,MRO-20031;MRO-80001;MRO-10046,MRO-20031;MRO-80001;MRO-10046,CNC Lathe,PUN-01,train,12,risk,risk,approved_on_validation,우선 점검 후보
2022-07-15,AST-2017,A2,4,8.352481507308607,0.2453062731524322,0.1777675741116067,MRO-20031;MRO-50009;MRO-10047,MRO-20031;MRO-50009;MRO-10047,Hydraulic Press,PUN-01,train,12,caution,risk,approved_on_validation,우선 점검 후보
2022-07-15,AST-2031,A2,6,8.289845599936323,0.2396217920554751,0.1746516516560161,MRO-80001;MRO-40021;MRO-10046,MRO-80001;MRO-10046;MRO-50009,Hydraulic Press,CHN-02,train,12,risk,risk,approved_on_validation,우선 점검 후보
2022-07-15,AST-3008,A2,6,6.108457001171259,0.1072852914562583,0.0676178082549137,MRO-10045;MRO-60015;MRO-50009,MRO-10045;MRO-50009;MRO-20031,Belt Conveyor,CHN-02,train,12,risk,risk,approved_on_validation,우선 점검 후보
2022-07-15,AST-3019,A2,0,5.455520023446102,0.0798780144312865,0.0473382707912573,MRO-50009;MRO-80001;MRO-10046,MRO-50009;MRO-80001;MRO-10046,Belt Conveyor,CHN-02,train,12,normal,caution,approved_on_validation,우선 점검 후보
2022-07-15,AST-4055,A2,13,8.686338490699496,0.2650845985459208,0.2000220026787864,MRO-20031;MRO-10046;MRO-10045,MRO-20031;MRO-10046;MRO-10045,Screw Compressor,DHR-03,train,12,high_risk,risk,approved_on_validation,우선 점검 후보
2022-07-15,AST-4061,A2,8,6.609373391122332,0.1333283664068829,0.0878267065951208,MRO-50009;MRO-10047;MRO-10046,MRO-50009;MRO-10047;MRO-10046,Screw Compressor,DHR-03,train,12,risk,risk,approved_on_validation,우선 점검 후보
2022-07-15,AST-5003,A2,5,7.816783761012061,0.2054258755398799,0.1456411865693458,MRO-10046;MRO-20031;MRO-10045,MRO-10046;MRO-20031;MRO-10045,EOT Crane,DHR-03,train,12,caution,risk,approved_on_validation,우선 점검 후보
2022-07-15,AST-5007,A2,0,4.684117310409939,0.0459389243791079,0.0258759374956382,MRO-40021;MRO-50008;MRO-60016,MRO-50009;MRO-10047;MRO-80001,EOT Crane,PUN-01,train,12,normal,caution,approved_on_validation,우선 점검 후보
2022-07-16,AST-1041,A2,0,0.0031276872912454,6.7150110096693006e-12,6.2350998730983994e-15,MRO-20031;MRO-90012;MRO-50009,MRO-20031;MRO-50009;MRO-80001,CNC Lathe,PUN-01,train,12,normal,normal,approved_on_validation,우선 점검 후보
2022-07-16,AST-1042,A2,0,0.0031304755397721,4.859142711916394e-12,4.941172751914978e-15,MRO-60015;MRO-20031;MRO-10045,MRO-60015;MRO-20031;MRO-10045,CNC Lathe,PUN-01,train,12,normal,normal,approved_on_validation,우선 점검 후보
2022-07-16,AST-2017,A2,0,0.0033371286581549,6.722185050979076e-12,7.319278368822926e-15,MRO-20032;MRO-30012;MRO-80002,MRO-10045;MRO-80001;MRO-10046,Hydraulic Press,PUN-01,train,12,normal,normal,approved_on_validation,우선 점검 후보
2022-07-16,AST-2031,A2,0,0.003464606689154,1.0142930970439952e-11,1.0085928059329811e-14,MRO-20031;MRO-50009;MRO-10045,MRO-20031;MRO-50009;MRO-10045,Hydraulic Press,CHN-02,train,12,normal,normal,approved_on_validation,우선 점검 후보
2022-07-16,AST-3008,A2,0,0.0031973205424746,6.509182757818647e-12,6.4471394783576675e-15,MRO-10045;MRO-10046;MRO-10047,MRO-10045;MRO-10046;MRO-10047,Belt Conveyor,CHN-02,train,12,normal,normal,approved_on_validation,우선 점검 후보
2022-07-16,AST-3019,A2,0,0.0032008655258996,6.525984468740386e-12,6.4789770577574025e-15,MRO-10045;MRO-10046;MRO-10047,MRO-10045;MRO-10046;MRO-10047,Belt Conveyor,CHN-02,train,12,normal,normal,approved_on_validation,우선 점검 후보
2022-07-16,AST-4055,A2,0,0.0032217556608618,6.4515658396219515e-12,6.5100311062257e-15,MRO-10045;MRO-10047;MRO-50009,MRO-10045;MRO-10047;MRO-50009,Screw Compressor,DHR-03,train,12,normal,normal,approved_on_validation,우선 점검 후보
2022-07-16,AST-4061,A2,0,0.0033986485489168,6.817279733897459e-12,7.381902015288267e-15,MRO-20033;MRO-10045;MRO-30011,MRO-10045;MRO-10046;MRO-10047,Screw Compressor,DHR-03,train,12,normal,normal,approved_on_validation,우선 점검 후보
2022-07-16,AST-5003,A2,0,0.0032196939818595,6.5355307654565945e-12,6.553057941162565e-15,MRO-10047;MRO-50009;MRO-80001,MRO-10047;MRO-50009;MRO-80001,EOT Crane,DHR-03,train,12,normal,normal,approved_on_validation,우선 점검 후보
2022-07-16,AST-5007,A2,0,0.0032307874965116,6.567287887013684e-12,6.611458256249619e-15,MRO-10045;MRO-10046;MRO-10047,MRO-10045;MRO-10046;MRO-10047,EOT Crane,PUN-01,train,12,normal,normal,approved_on_validation,우선 점검 후보
2022-07-17,AST-1041,A2,0,0.0033095295119824,7.755380563128529e-12,7.786657509507493e-15,MRO-80001;MRO-20031;MRO-70004,MRO-80001;MRO-20031;MRO-10045,CNC Lathe,PUN-01,train,12,normal,normal,approved_on_validation,우선 점검 후보
2022-07-17,AST-1042,A2,0,0.0032231114823262,6.567028621835161e-12,6.604361939263709e-15,MRO-10045;MRO-10046;MRO-10047,MRO-10045;MRO-10046;MRO-10047,CNC Lathe,PUN-01,train,12,normal,normal,approved_on_validation,우선 점검 후보
2022-07-17,AST-2017,A2,0,0.0032605855635193,6.5746478405642635e-12,6.7451196553015866e-15,MRO-30012;MRO-80002;MRO-20032,MRO-10045;MRO-10046;MRO-10047,Hydraulic Press,PUN-01,train,12,normal,normal,approved_on_validation,우선 점검 후보
2022-07-17,AST-2031,A2,0,0.0032318015625471,6.610031763305113e-12,6.655901942274668e-15,MRO-20031;MRO-50008;MRO-10045,MRO-20031;MRO-10045;MRO-10047,Hydraulic Press,CHN-02,train,12,normal,normal,approved_on_validation,우선 점검 후보
2022-07-17,AST-3008,A2,0,0.0032371513545095,6.615678638594028e-12,6.6898385252077135e-15,MRO-10045;MRO-10046;MRO-10047,MRO-10045;MRO-10046;MRO-10047,Belt Conveyor,CHN-02,train,12,normal,normal,approved_on_validation,우선 점검 후보
2022-07-17,AST-3019,A2,0,0.0032109624945893,6.53305614348691e-12,6.522947188581565e-15,MRO-70005;MRO-10045;MRO-10046,MRO-10045;MRO-10046;MRO-10047,Belt Conveyor,CHN-02,train,12,normal,normal,approved_on_validation,우선 점검 후보
2022-07-17,AST-4055,A2,0,0.0033590631910056,6.929826973233879e-12,7.335812918278147e-15,MRO-60016;MRO-20031;MRO-10045,MRO-20031;MRO-10045;MRO-10047,Screw Compressor,DHR-03,train,12,normal,normal,approved_on_validation,우선 점검 후보
2022-07-17,AST-4061,A2,0,0.0033560596126492,6.562638470504641e-12,7.0273820249616375e-15,MRO-20033;MRO-10046;MRO-10047,MRO-10046;MRO-10047;MRO-20031,Screw Compressor,DHR-03,train,12,normal,normal,approved_on_validation,우선 점검 후보
2022-07-17,AST-5003,A2,0,0.0031402873238744,4.844983172530439e-12,4.9401395883823775e-15,MRO-30012;MRO-60015;MRO-10045,MRO-10045;MRO-10046;MRO-10047,EOT Crane,DHR-03,train,12,normal,normal,approved_on_validation,우선 점검 후보
2022-07-17,AST-5007,A2,0,0.0032319568390585,6.574265885849196e-12,6.620515535052533e-15,MRO-10045;MRO-10046;MRO-10047,MRO-10045;MRO-10046;MRO-10047,EOT Crane,PUN-01,train,12,normal,normal,approved_on_validation,우선 점검 후보
2022-07-18,AST-1041,A2,8,6.679860026797934,0.1348410991689902,0.090364833705067,MRO-10045;MRO-30011;MRO-10046,MRO-10045;MRO-10046;MRO-10047,CNC Lathe,PUN-01,train,12,risk,risk,approved_on_validation,우선 점검 후보
2022-07-18,AST-1042,A2,2,5.987102628797289,0.1006059630156243,0.0631819263192873,MRO-20031;MRO-60015;MRO-10047,MRO-20031;MRO-10047;MRO-10045,CNC Lathe,PUN-01,train,12,caution,risk,approved_on_validation,우선 점검 후보
2022-07-18,AST-2017,A2,14,8.20841412838629,0.2348959573077007,0.1688944398190518,MRO-10047;MRO-50009;MRO-20031,MRO-10047;MRO-50009;MRO-20031,Hydraulic Press,PUN-01,train,12,high_risk,risk,approved_on_validation,우선 점검 후보
2022-07-18,AST-2031,A2,4,7.08232707412546,0.1590108464544997,0.1092365433826448,MRO-50009;MRO-20031;MRO-10046,MRO-50009;MRO-20031;MRO-10046,Hydraulic Press,CHN-02,train,12,caution,risk,approved_on_validation,우선 점검 후보
2022-07-18,AST-3008,A2,4,6.383773935350252,0.1204250703766959,0.0786350206191618,MRO-10047;MRO-50009;MRO-10045,MRO-10047;MRO-50009;MRO-10045,Belt Conveyor,CHN-02,train,12,caution,risk,approved_on_validation,우선 점검 후보
2022-07-18,AST-3019,A2,8,7.822025030690281,0.2001655647514208,0.1429841356959567,MRO-40021;MRO-30011;MRO-80002,MRO-10046;MRO-50009;MRO-10047,Belt Conveyor,CHN-02,train,12,risk,risk,approved_on_validation,우선 점검 후보
2022-07-18,AST-4055,A2,0,7.404978256608007,0.1824588349000264,0.1248283411916699,MRO-10046;MRO-50009;MRO-80001,MRO-10046;MRO-50009;MRO-80001,Screw Compressor,DHR-03,train,12,normal,risk,approved_on_validation,우선 점검 후보
2022-07-18,AST-4061,A2,7,6.71520556707752,0.138871896459062,0.0915253971309551,MRO-10045;MRO-10047;MRO-10046,MRO-10045;MRO-10047;MRO-10046,Screw Compressor,DHR-03,train,12,risk,risk,approved_on_validation,우선 점검 후보
2022-07-18,AST-5003,A2,14,8.608124352991734,0.2620443030376484,0.1922679507928859,MRO-20031;MRO-10046;MRO-10047,MRO-20031;MRO-10046;MRO-10047,EOT Crane,DHR-03,train,12,high_risk,risk,approved_on_validation,우선 점검 후보
2022-07-18,AST-5007,A2,0,4.278074093970301,0.0351108193175596,0.0187992822149839,MRO-50009;MRO-20033;MRO-60015,MRO-50009;MRO-10046;MRO-10047,EOT Crane,PUN-01,train,12,normal,caution,approved_on_validation,우선 점검 후보
2022-07-19,AST-1041,A2,6,5.971972617393438,0.0996778465736431,0.0630114191261635,MRO-10047;MRO-10046;MRO-10045,MRO-10047;MRO-10046;MRO-10045,CNC Lathe,PUN-01,train,12,risk,risk,approved_on_validation,우선 점검 후보
2022-07-19,AST-1042,A2,8,6.121050654225574,0.1079110138991998,0.0678986213788321,MRO-60015;MRO-10046;MRO-10045,MRO-10046;MRO-10045;MRO-10047,CNC Lathe,PUN-01,train,12,risk,risk,approved_on_validation,우선 점검 후보
2022-07-19,AST-2017,A2,8,8.151435606514456,0.2310096719203761,0.1653905834455194,MRO-10046;MRO-50009;MRO-10047,MRO-10046;MRO-50009;MRO-10047,Hydraulic Press,PUN-01,train,12,risk,risk,approved_on_validation,우선 점검 후보
2022-07-19,AST-2031,A2,16,8.298701586780679,0.2399612453488694,0.1721050367919288,MRO-30011;MRO-50009;MRO-80001,MRO-50009;MRO-80001;MRO-10045,Hydraulic Press,CHN-02,train,12,high_risk,risk,approved_on_validation,우선 점검 후보
2022-07-19,AST-3008,A2,4,6.430365368369128,0.123725793574925,0.0807831021371053,MRO-10047;MRO-10046;MRO-10045,MRO-10047;MRO-10046;MRO-10045,Belt Conveyor,CHN-02,train,12,caution,risk,approved_on_validation,우선 점검 후보
2022-07-19,AST-3019,A2,6,5.820713317264775,0.0929682450597652,0.0572326768024222,MRO-10047;MRO-40021;MRO-80002,MRO-10047;MRO-50009;MRO-80001,Belt Conveyor,CHN-02,train,12,risk,risk,approved_on_validation,우선 점검 후보
2022-07-19,AST-4055,A2,8,7.741718754575424,0.20375904981071,0.1424284324586665,MRO-20031;MRO-10046;MRO-50009,MRO-20031;MRO-10046;MRO-50009,Screw Compressor,DHR-03,train,12,risk,risk,approved_on_validation,우선 점검 후보
2022-07-19,AST-4061,A2,6,6.4705744564451475,0.1258745218880789,0.0822682322647493,MRO-10045;MRO-10047;MRO-50009,MRO-10045;MRO-10047;MRO-50009,Screw Compressor,DHR-03,train,12,risk,risk,approved_on_validation,우선 점검 후보
2022-07-19,AST-5003,A2,10,8.066547108058346,0.2245324837019396,0.160546703561522,MRO-10046;MRO-20031;MRO-50009,MRO-10046;MRO-20031;MRO-50009,EOT Crane,DHR-03,train,12,risk,risk,approved_on_validation,우선 점검 후보
2022-07-19,AST-5007,A2,6,5.250597384865489,0.0661327827762171,0.0398397194191879,MRO-40022;MRO-50009;MRO-10046,MRO-50009;MRO-10046;MRO-10047,EOT Crane,PUN-01,train,12,risk,caution,approved_on_validation,우선 점검 후보
2022-07-20,AST-1041,A2,11,7.3963645079232,0.1799667850048966,0.125279977394063,MRO-10045;MRO-50009;MRO-80001,MRO-10045;MRO-50009;MRO-80001,CNC Lathe,PUN-01,train,12,risk,risk,approved_on_validation,우선 점검 후보
2022-07-20,AST-1042,A2,8,6.242258937879352,0.1143226912788806,0.072162703751871,MRO-60015;MRO-10046;MRO-10047,MRO-10046;MRO-10047;MRO-10045,CNC Lathe,PUN-01,train,12,risk,risk,approved_on_validation,우선 점검 후보
2022-07-20,AST-2017,A2,8,8.554931076850131,0.2596938173320043,0.1890320815218239,MRO-10047;MRO-50009;MRO-20031,MRO-10047;MRO-50009;MRO-20031,Hydraulic Press,PUN-01,train,12,risk,risk,approved_on_validation,우선 점검 후보
2022-07-20,AST-2031,A2,11,7.464000567459308,0.1845736600208096,0.1281180232787545,MRO-80001;MRO-10046;MRO-10045,MRO-80001;MRO-10046;MRO-10045,Hydraulic Press,CHN-02,train,12,risk,risk,approved_on_validation,우선 점검 후보
2022-07-20,AST-3008,A2,0,6.349545498196661,0.1178141595336395,0.0772759063525799,MRO-10047;MRO-10045;MRO-20031,MRO-10047;MRO-10045;MRO-20031,Belt Conveyor,CHN-02,train,12,normal,risk,approved_on_validation,우선 점검 후보
2022-07-20,AST-3019,A2,4,5.498077403669566,0.0796311856023316,0.0484792436479104,MRO-10047;MRO-50009;MRO-80001,MRO-10047;MRO-50009;MRO-80001,Belt Conveyor,CHN-02,train,12,caution,caution,approved_on_validation,우선 점검 후보
2022-07-20,AST-4055,A2,5,8.111501171455235,0.2276459492446687,0.1642648897346813,MRO-50009;MRO-10046;MRO-80001,MRO-50009;MRO-10046;MRO-80001,Screw Compressor,DHR-03,train,12,caution,risk,approved_on_validation,우선 점검 후보
2022-07-20,AST-4061,A2,6,6.433513344365112,0.1239060222850632,0.0807415136529719,MRO-20031;MRO-10045;MRO-10047,MRO-20031;MRO-10045;MRO-10047,Screw Compressor,DHR-03,train,12,risk,risk,approved_on_validation,우선 점검 후보
2022-07-20,AST-5003,A2,2,8.17791607739597,0.230104933285053,0.1666166329238746,MRO-50009;MRO-20031;MRO-10046,MRO-50009;MRO-20031;MRO-10046,EOT Crane,DHR-03,train,12,caution,risk,approved_on_validation,우선 점검 후보
2022-07-20,AST-5007,A2,10,5.569495341511897,0.0802086310023579,0.0496912384650264,MRO-10047;MRO-10046;MRO-50009,MRO-10047;MRO-10046;MRO-50009,EOT Crane,PUN-01,train,12,risk,caution,approved_on_validation,우선 점검 후보
2022-07-21,AST-1041,A2,12,6.584617987964582,0.1300083925513885,0.0862785182300388,MRO-10045;MRO-10046;MRO-50009,MRO-10045;MRO-10046;MRO-50009,CNC Lathe,PUN-01,train,12,high_risk,risk,approved_on_validation,우선 점검 후보
2022-07-21,AST-1042,A2,0,6.332905578236706,0.1174984993307543,0.0756848693053342,MRO-40022;MRO-10047;MRO-10045,MRO-10047;MRO-10045;MRO-80001,CNC Lathe,PUN-01,train,12,normal,risk,approved_on_validation,우선 점검 후보
2022-07-21,AST-2017,A2,3,8.268734541984433,0.239308843364103,0.1723091447474196,MRO-10047;MRO-50009;MRO-20031,MRO-10047;MRO-50009;MRO-20031,Hydraulic Press,PUN-01,train,12,caution,risk,approved_on_validation,우선 점검 후보
2022-07-21,AST-2031,A2,3,7.464512864496827,0.184292978336038,0.1291312623921763,MRO-10047;MRO-10045;MRO-20031,MRO-10047;MRO-10045;MRO-20031,Hydraulic Press,CHN-02,train,12,caution,risk,approved_on_validation,우선 점검 후보
2022-07-21,AST-3008,A2,5,6.362043960329479,0.1192702723227233,0.0780003306017643,MRO-10047;MRO-10045;MRO-20031,MRO-10047;MRO-10045;MRO-20031,Belt Conveyor,CHN-02,train,12,caution,risk,approved_on_validation,우선 점검 후보
2022-07-21,AST-3019,A2,4,5.288590099039777,0.07299104415415,0.0428672497682687,MRO-10046;MRO-10047;MRO-50009,MRO-10046;MRO-10047;MRO-50009,Belt Conveyor,CHN-02,train,12,caution,caution,approved_on_validation,우선 점검 후보
2022-07-21,AST-4055,A2,4,8.044803549883271,0.2215637582712784,0.1599623443038956,MRO-10046;MRO-10047;MRO-10045,MRO-10046;MRO-10047;MRO-10045,Screw Compressor,DHR-03,train,12,caution,risk,approved_on_validation,우선 점검 후보
2022-07-21,AST-4061,A2,0,6.275106891846663,0.1162740476375565,0.0745046941723861,MRO-10045;MRO-20031;MRO-10047,MRO-10045;MRO-20031;MRO-10047,Screw Compressor,DHR-03,train,12,normal,risk,approved_on_validation,우선 점검 후보
2022-07-21,AST-5003,A2,3,8.304874724925313,0.2369008634642668,0.1745092971277826,MRO-50009;MRO-20031;MRO-10046,MRO-50009;MRO-20031;MRO-10046,EOT Crane,DHR-03,train,12,caution,risk,approved_on_validation,우선 점검 후보
2022-07-21,AST-5007,A2,4,5.539681678817017,0.0798582736524002,0.0483588424659066,MRO-10047;MRO-20031;MRO-50009,MRO-10047;MRO-20031;MRO-50009,EOT Crane,PUN-01,train,12,caution,caution,approved_on_validation,우선 점검 후보
2022-07-22,AST-1041,A2,1,6.959813950961984,0.1486008672232249,0.1038215445322317,MRO-90012;MRO-10045;MRO-50009,MRO-10045;MRO-50009;MRO-80001,CNC Lathe,PUN-01,train,12,caution,risk,approved_on_validation,우선 점검 후보
2022-07-22,AST-1042,A2,0,5.935629218850609,0.0994667293480234,0.0620880015953067,MRO-10045;MRO-10047;MRO-10046,MRO-10045;MRO-10047;MRO-10046,CNC Lathe,PUN-01,train,12,normal,risk,approved_on_validation,우선 점검 후보
2022-07-22,AST-2017,A2,11,9.284733976578506,0.3097528797299876,0.237419644189451,MRO-10047;MRO-20031;MRO-40022,MRO-10047;MRO-20031;MRO-50009,Hydraulic Press,PUN-01,train,12,risk,risk,approved_on_validation,우선 점검 후보
2022-07-22,AST-2031,A2,4,7.297742592073124,0.1726929449345496,0.1199832815324713,MRO-10045;MRO-10047;MRO-50009,MRO-10045;MRO-10047;MRO-50009,Hydraulic Press,CHN-02,train,12,caution,risk,approved_on_validation,우선 점검 후보
2022-07-22,AST-3008,A2,9,6.945348034197989,0.1499523159537078,0.1035311643063413,MRO-10047;MRO-10046;MRO-20031,MRO-10047;MRO-10046;MRO-20031,Belt Conveyor,CHN-02,train,12,risk,risk,approved_on_validation,우선 점검 후보
2022-07-22,AST-3019,A2,4,5.5902818255397335,0.0841638005718376,0.0508950238526334,MRO-20031;MRO-10046;MRO-10047,MRO-20031;MRO-10046;MRO-10047,Belt Conveyor,CHN-02,train,12,caution,caution,approved_on_validation,우선 점검 후보
2022-07-22,AST-4055,A2,12,7.344444672666257,0.1778021168086684,0.1216945453071472,MRO-10046;MRO-80001;MRO-10045,MRO-10046;MRO-80001;MRO-10045,Screw Compressor,DHR-03,train,12,high_risk,risk,approved_on_validation,우선 점검 후보
2022-07-22,AST-4061,A2,10,7.379325018235344,0.1811066915032243,0.1237136525699134,MRO-20031;MRO-10045;MRO-10047,MRO-20031;MRO-10045;MRO-10047,Screw Compressor,DHR-03,train,12,risk,risk,approved_on_validation,우선 점검 후보
2022-07-22,AST-5003,A2,6,7.193293703708193,0.1647546273661178,0.1134520899640735,MRO-10046;MRO-80001;MRO-20031,MRO-10046;MRO-80001;MRO-20031,EOT Crane,DHR-03,train,12,risk,risk,approved_on_validation,우선 점검 후보
2022-07-22,AST-5007,A2,6,6.157960391856394,0.1108230490095509,0.0701177281252064,MRO-10045;MRO-50009;MRO-80001,MRO-10045;MRO-50009;MRO-80001,EOT Crane,PUN-01,train,12,risk,risk,approved_on_validation,우선 점검 후보
2022-07-23,AST-1041,A2,0,0.0033463964065309,9.64596292333393e-12,8.910259165692729e-15,MRO-20031;MRO-80001;MRO-10047,MRO-20031;MRO-80001;MRO-10047,CNC Lathe,PUN-01,train,12,normal,normal,approved_on_validation,우선 점검 후보
2022-07-23,AST-1042,A2,0,0.0032345932699706,6.574260328952724e-12,6.638764874628617e-15,MRO-10045;MRO-10046;MRO-10047,MRO-10045;MRO-10046;MRO-10047,CNC Lathe,PUN-01,train,12,normal,normal,approved_on_validation,우선 점검 후보
2022-07-23,AST-2017,A2,0,0.0033722569424597,6.912368092737959e-12,7.605147245126087e-15,MRO-20032;MRO-20033;MRO-10047,MRO-10047;MRO-10045;MRO-80001,Hydraulic Press,PUN-01,train,12,normal,normal,approved_on_validation,우선 점검 후보
2022-07-23,AST-2031,A2,0,0.003269097630299,6.47833321512587e-12,6.749971896620797e-15,MRO-70005;MRO-30012;MRO-90011,MRO-10046;MRO-10047;MRO-50009,Hydraulic Press,CHN-02,train,12,normal,normal,approved_on_validation,우선 점검 후보
2022-07-23,AST-3008,A2,0,0.0032276794053951,6.580319429286358e-12,6.603200437726141e-15,MRO-10045;MRO-20031;MRO-50009,MRO-10045;MRO-20031;MRO-50009,Belt Conveyor,CHN-02,train,12,normal,normal,approved_on_validation,우선 점검 후보
2022-07-23,AST-3019,A2,0,0.0032517814811317,6.526475694883851e-12,6.7284814846463045e-15,MRO-90012;MRO-70004;MRO-20033,MRO-10045;MRO-10046;MRO-10047,Belt Conveyor,CHN-02,train,12,normal,normal,approved_on_validation,우선 점검 후보
2022-07-23,AST-4055,A2,0,0.0032334630214472,6.8549752945736456e-12,6.848480788856243e-15,MRO-20031;MRO-10046;MRO-10047,MRO-20031;MRO-10046;MRO-10047,Screw Compressor,DHR-03,train,12,normal,normal,approved_on_validation,우선 점검 후보
2022-07-23,AST-4061,A2,0,0.0034078347128453,6.977377398619741e-12,7.553789407479844e-15,MRO-20033;MRO-20031;MRO-50009,MRO-20031;MRO-50009;MRO-10045,Screw Compressor,DHR-03,train,12,normal,normal,approved_on_validation,우선 점검 후보
2022-07-23,AST-5003,A2,0,0.0032338709215296,6.644768463004708e-12,6.798879785585831e-15,MRO-70004;MRO-10045;MRO-10046,MRO-10045;MRO-10046;MRO-20031,EOT Crane,DHR-03,train,12,normal,normal,approved_on_validation,우선 점검 후보
2022-07-23,AST-5007,A2,0,0.0029384499131029,4.964214469476895e-12,4.535104055925159e-15,MRO-50009;MRO-80002;MRO-10045,MRO-50009;MRO-10045;MRO-10046,EOT Crane,PUN-01,train,12,normal,normal,approved_on_validation,우선 점검 후보
2022-07-24,AST-1041,A2,0,0.0029256127091615,4.8547012482601615e-12,4.440045303827907e-15,MRO-10045;MRO-10046;MRO-10047,MRO-10045;MRO-10046;MRO-10047,CNC Lathe,PUN-01,train,12,normal,normal,approved_on_validation,우선 점검 후보
2022-07-24,AST-1042,A2,0,0.0030327042582975,4.856245134226603e-12,4.7018192003373995e-15,MRO-60015;MRO-10045;MRO-10046,MRO-10045;MRO-10046;MRO-10047,CNC Lathe,PUN-01,train,12,normal,normal,approved_on_validation,우선 점검 후보
2022-07-24,AST-2017,A2,0,0.0032843943540291,6.805560541806991e-12,6.9831629921133835e-15,MRO-10047;MRO-30011;MRO-30012,MRO-10047;MRO-10045;MRO-10046,Hydraulic Press,PUN-01,train,12,normal,normal,approved_on_validation,우선 점검 후보
2022-07-24,AST-2031,A2,0,0.0032504797575382,6.481790275882809e-12,6.646024746310506e-15,MRO-50008;MRO-70005;MRO-10046,MRO-10046;MRO-10047;MRO-50009,Hydraulic Press,CHN-02,train,12,normal,normal,approved_on_validation,우선 점검 후보
2022-07-24,AST-3008,A2,0,0.0032392544579282,6.587663590536432e-12,6.65955975932149e-15,MRO-30011;MRO-10045;MRO-20031,MRO-10045;MRO-20031;MRO-50009,Belt Conveyor,CHN-02,train,12,normal,normal,approved_on_validation,우선 점검 후보
2022-07-24,AST-3019,A2,0,0.0032046576446026,6.53310947967087e-12,6.472748189057908e-15,MRO-30011;MRO-10045;MRO-10046,MRO-10045;MRO-10046;MRO-10047,Belt Conveyor,CHN-02,train,12,normal,normal,approved_on_validation,우선 점검 후보
2022-07-24,AST-4055,A2,0,0.0031647217238525,5.660679830529865e-12,5.737877121472005e-15,MRO-10047;MRO-50009;MRO-80001,MRO-10047;MRO-50009;MRO-80001,Screw Compressor,DHR-03,train,12,normal,normal,approved_on_validation,우선 점검 후보
2022-07-24,AST-4061,A2,0,0.0033688613393963,6.599794028710378e-12,7.11301740354087e-15,MRO-20033;MRO-10045;MRO-10046,MRO-10045;MRO-10046;MRO-10047,Screw Compressor,DHR-03,train,12,normal,normal,approved_on_validation,우선 점검 후보
2022-07-24,AST-5003,A2,0,0.0033504502655333,7.706590719095212e-12,7.985603412659383e-15,MRO-10045;MRO-10046;MRO-20031,MRO-10045;MRO-10046;MRO-20031,EOT Crane,DHR-03,train,12,normal,normal,approved_on_validation,우선 점검 후보
2022-07-24,AST-5007,A2,0,0.0032309507728182,6.567293619822152e-12,6.611572781230884e-15,MRO-10045;MRO-10046;MRO-10047,MRO-10045;MRO-10046;MRO-10047,EOT Crane,PUN-01,train,12,normal,normal,approved_on_validation,우선 점검 후보
2022-07-25,AST-1041,A2,2,6.487523001101858,0.1265075400829174,0.0828079891992628,MRO-10045;MRO-50009;MRO-80001,MRO-10045;MRO-50009;MRO-80001,CNC Lathe,PUN-01,train,12,caution,risk,approved_on_validation,우선 점검 후보
2022-07-25,AST-1042,A2,8,6.047722528240604,0.1048696464738898,0.0659334153565194,MRO-10046;MRO-10045;MRO-10047,MRO-10046;MRO-10045;MRO-10047,CNC Lathe,PUN-01,train,12,risk,risk,approved_on_validation,우선 점검 후보
2022-07-25,AST-2017,A2,5,8.017011230185444,0.2208020361390149,0.157191128258966,MRO-10047;MRO-50009;MRO-20031,MRO-10047;MRO-50009;MRO-20031,Hydraulic Press,PUN-01,train,12,caution,risk,approved_on_validation,우선 점검 후보
2022-07-25,AST-2031,A2,5,6.864151265411593,0.1440682411939943,0.0994103670699324,MRO-10045;MRO-10047;MRO-80001,MRO-10045;MRO-10047;MRO-80001,Hydraulic Press,CHN-02,train,12,caution,risk,approved_on_validation,우선 점검 후보
2022-07-25,AST-3008,A2,5,6.68829588689234,0.1342738934768708,0.0898231227562531,MRO-10046;MRO-10047;MRO-40021,MRO-10046;MRO-10047;MRO-10045,Belt Conveyor,CHN-02,train,12,caution,risk,approved_on_validation,우선 점검 후보
2022-07-25,AST-3019,A2,10,5.397770681096204,0.0767181783799798,0.0452973892201364,MRO-20031;MRO-10046;MRO-10047,MRO-20031;MRO-10046;MRO-10047,Belt Conveyor,CHN-02,train,12,risk,caution,approved_on_validation,우선 점검 후보
2022-07-25,AST-4055,A2,8,8.311293738102341,0.2400727654028156,0.1752811013847239,MRO-10046;MRO-10045;MRO-80001,MRO-10046;MRO-10045;MRO-80001,Screw Compressor,DHR-03,train,12,risk,risk,approved_on_validation,우선 점검 후보
2022-07-25,AST-4061,A2,4,6.29065140192032,0.1163741608069158,0.0748767587657293,MRO-10047;MRO-20031;MRO-50009,MRO-10047;MRO-20031;MRO-50009,Screw Compressor,DHR-03,train,12,caution,risk,approved_on_validation,우선 점검 후보
2022-07-25,AST-5003,A2,5,7.785753960375152,0.2037716773385842,0.1443505444560782,MRO-60015;MRO-10047;MRO-10045,MRO-10047;MRO-10045;MRO-10046,EOT Crane,DHR-03,train,12,caution,risk,approved_on_validation,우선 점검 후보
2022-07-25,AST-5007,A2,8,5.189766105594899,0.0650807013227805,0.0383686149689553,MRO-20031;MRO-10047;MRO-50009,MRO-20031;MRO-10047;MRO-50009,EOT Crane,PUN-01,train,12,risk,caution,approved_on_validation,우선 점검 후보
2022-07-26,AST-1041,A2,15,7.398929550419713,0.1755590165827412,0.1246603489165081,MRO-50009;MRO-10045;MRO-80001,MRO-50009;MRO-10045;MRO-80001,CNC Lathe,PUN-01,train,12,high_risk,risk,approved_on_validation,우선 점검 후보
2022-07-26,AST-1042,A2,3,6.323467123797459,0.1160593409089872,0.0750343479012394,MRO-60015;MRO-80001;MRO-10045,MRO-80001;MRO-10045;MRO-10047,CNC Lathe,PUN-01,train,12,caution,risk,approved_on_validation,우선 점검 후보
2022-07-26,AST-2017,A2,6,7.973915779147793,0.2169253725568471,0.1544363336544497,MRO-10047;MRO-50009;MRO-10045,MRO-10047;MRO-50009;MRO-10045,Hydraulic Press,PUN-01,train,12,risk,risk,approved_on_validation,우선 점검 후보
2022-07-26,AST-2031,A2,2,7.107161864142202,0.1606097755582361,0.1103336955759531,MRO-20031;MRO-10045;MRO-50009,MRO-20031;MRO-10045;MRO-50009,Hydraulic Press,CHN-02,train,12,caution,risk,approved_on_validation,우선 점검 후보
2022-07-26,AST-3008,A2,0,6.6654656363394515,0.1374157240181611,0.0911171506402118,MRO-10045;MRO-10047;MRO-10046,MRO-10045;MRO-10047;MRO-10046,Belt Conveyor,CHN-02,train,12,normal,risk,approved_on_validation,우선 점검 후보
2022-07-26,AST-3019,A2,6,5.571254015496364,0.0834958673656203,0.0501558559805326,MRO-20031;MRO-10045;MRO-10046,MRO-20031;MRO-10045;MRO-10046,Belt Conveyor,CHN-02,train,12,risk,caution,approved_on_validation,우선 점검 후보
2022-07-26,AST-4055,A2,6,7.777100934458109,0.2053111160206939,0.1438882475743251,MRO-10045;MRO-50009;MRO-80001,MRO-10045;MRO-50009;MRO-80001,Screw Compressor,DHR-03,train,12,risk,risk,approved_on_validation,우선 점검 후보
2022-07-26,AST-4061,A2,2,6.4419396579945145,0.1214545789638743,0.0808559995460583,MRO-20031;MRO-80001;MRO-50009,MRO-20031;MRO-80001;MRO-50009,Screw Compressor,DHR-03,train,12,caution,risk,approved_on_validation,우선 점검 후보
2022-07-26,AST-5003,A2,2,7.42522115740254,0.1809409340293312,0.1258558010130667,MRO-10046;MRO-20031;MRO-50009,MRO-10046;MRO-20031;MRO-50009,EOT Crane,DHR-03,train,12,caution,risk,approved_on_validation,우선 점검 후보
2022-07-26,AST-5007,A2,4,5.004781602016818,0.0587961637784803,0.0340435717014717,MRO-10047;MRO-50009;MRO-80001,MRO-10047;MRO-50009;MRO-80001,EOT Crane,PUN-01,train,12,caution,caution,approved_on_validation,우선 점검 후보
2022-07-27,AST-1041,A2,5,6.1920277919130555,0.1114984856105889,0.0710834037431594,MRO-80001;MRO-50009;MRO-10046,MRO-80001;MRO-50009;MRO-10046,CNC Lathe,PUN-01,train,12,caution,risk,approved_on_validation,우선 점검 후보
2022-07-27,AST-1042,A2,3,6.393375303899308,0.1208304860664064,0.0769762508409891,MRO-60015;MRO-10045;MRO-10047,MRO-10045;MRO-10047;MRO-80001,CNC Lathe,PUN-01,train,12,caution,risk,approved_on_validation,우선 점검 후보
2022-07-27,AST-2017,A2,10,8.147077241119748,0.230422609026711,0.1643907195914269,MRO-10047;MRO-20031;MRO-50009,MRO-10047;MRO-20031;MRO-50009,Hydraulic Press,PUN-01,train,12,risk,risk,approved_on_validation,우선 점검 후보
2022-07-27,AST-2031,A2,10,7.884952502941766,0.2112405723133479,0.1497300720276704,MRO-10045;MRO-20031;MRO-10047,MRO-10045;MRO-20031;MRO-10047,Hydraulic Press,CHN-02,train,12,risk,risk,approved_on_validation,우선 점검 후보
2022-07-27,AST-3008,A2,6,6.527285422393319,0.1279108757716089,0.0842441528955432,MRO-10045;MRO-10047;MRO-50009,MRO-10045;MRO-10047;MRO-50009,Belt Conveyor,CHN-02,train,12,risk,risk,approved_on_validation,우선 점검 후보
2022-07-27,AST-3019,A2,0,5.409557958188032,0.0745427280755393,0.0452229273510057,MRO-10047;MRO-10045;MRO-10046,MRO-10047;MRO-10045;MRO-10046,Belt Conveyor,CHN-02,train,12,normal,caution,approved_on_validation,우선 점검 후보
2022-07-27,AST-4055,A2,20,7.874453277768069,0.2117623078743324,0.1512566650998702,MRO-10046;MRO-80001;MRO-10045,MRO-10046;MRO-80001;MRO-10045,Screw Compressor,DHR-03,train,12,high_risk,risk,approved_on_validation,우선 점검 후보
2022-07-27,AST-4061,A2,2,6.039397552729612,0.1033454749303671,0.0652536582790507,MRO-50009;MRO-80001;MRO-20031,MRO-50009;MRO-80001;MRO-20031,Screw Compressor,DHR-03,train,12,caution,risk,approved_on_validation,우선 점검 후보
2022-07-27,AST-5003,A2,14,8.884969810801941,0.2848195635844471,0.2073902713752561,MRO-60015;MRO-10046;MRO-80001,MRO-10046;MRO-80001;MRO-20031,EOT Crane,DHR-03,train,12,high_risk,risk,approved_on_validation,우선 점검 후보
2022-07-27,AST-5007,A2,1,5.4225427242434385,0.075677099146242,0.0452557844388289,MRO-10046;MRO-50009;MRO-10047,MRO-10046;MRO-50009;MRO-10047,EOT Crane,PUN-01,train,12,caution,caution,approved_on_validation,우선 점검 후보
2022-07-28,AST-1041,A2,8,6.262644613140845,0.1148086681148474,0.0740944087148774,MRO-10046;MRO-80001;MRO-20031,MRO-10046;MRO-80001;MRO-20031,CNC Lathe,PUN-01,train,12,risk,risk,approved_on_validation,우선 점검 후보
2022-07-28,AST-1042,A2,4,6.51450984382212,0.1301483609223473,0.0840914585955743,MRO-50009;MRO-10045;MRO-10047,MRO-50009;MRO-10045;MRO-10047,CNC Lathe,PUN-01,train,12,caution,risk,approved_on_validation,우선 점검 후보
2022-07-28,AST-2017,A2,9,8.32928909915251,0.2439703260370612,0.1754893379057475,MRO-10046;MRO-10047;MRO-20031,MRO-10046;MRO-10047;MRO-20031,Hydraulic Press,PUN-01,train,12,risk,risk,approved_on_validation,우선 점검 후보
2022-07-28,AST-2031,A2,5,7.444455580783975,0.1844848563123819,0.127906242061171,MRO-20031;MRO-80001;MRO-10045,MRO-20031;MRO-80001;MRO-10045,Hydraulic Press,CHN-02,train,12,caution,risk,approved_on_validation,우선 점검 후보
2022-07-28,AST-3008,A2,10,6.380467913567987,0.1193546931463219,0.0782317508308353,MRO-50009;MRO-20031;MRO-10047,MRO-50009;MRO-20031;MRO-10047,Belt Conveyor,CHN-02,train,12,risk,risk,approved_on_validation,우선 점검 후보
2022-07-28,AST-3019,A2,9,8.761523129202288,0.2655424230464744,0.1987245803194568,MRO-40022;MRO-50008;MRO-30011,MRO-10045;MRO-20031;MRO-50009,Belt Conveyor,CHN-02,train,12,risk,risk,approved_on_validation,우선 점검 후보
2022-07-28,AST-4055,A2,8,7.91107658833217,0.2157936337269227,0.1515023521328167,MRO-10046;MRO-10045;MRO-80001,MRO-10046;MRO-10045;MRO-80001,Screw Compressor,DHR-03,train,12,risk,risk,approved_on_validation,우선 점검 후보
2022-07-28,AST-4061,A2,15,9.680694610460208,0.3417357277090966,0.2639316034041151,MRO-10046;MRO-10047;MRO-10045,MRO-10046;MRO-10047;MRO-10045,Screw Compressor,DHR-03,train,12,high_risk,risk,approved_on_validation,우선 점검 후보
2022-07-28,AST-5003,A2,2,6.683200560417128,0.1396367044332472,0.0917713914266786,MRO-10045;MRO-10047;MRO-10046,MRO-10045;MRO-10047;MRO-10046,EOT Crane,DHR-03,train,12,caution,risk,approved_on_validation,우선 점검 후보
2022-07-28,AST-5007,A2,12,6.00007024616058,0.099663818540185,0.0620364431216535,MRO-80002;MRO-40022;MRO-10045,MRO-10045;MRO-10046;MRO-20031,EOT Crane,PUN-01,train,12,high_risk,risk,approved_on_validation,우선 점검 후보
2022-07-29,AST-1041,A2,0,6.158999022665082,0.1089100300550209,0.0699094198305584,MRO-80001;MRO-10046;MRO-50009,MRO-80001;MRO-10046;MRO-50009,CNC Lathe,PUN-01,train,12,normal,risk,approved_on_validation,우선 점검 후보
2022-07-29,AST-1042,A2,10,6.497542991283565,0.1276009814172712,0.0830043923037189,MRO-10046;MRO-60015;MRO-50009,MRO-10046;MRO-50009;MRO-10045,CNC Lathe,PUN-01,train,12,risk,risk,approved_on_validation,우선 점검 후보
2022-07-29,AST-2017,A2,17,9.024175300544798,0.2934229095899906,0.2201094531964178,MRO-10046;MRO-50009;MRO-10047,MRO-10046;MRO-50009;MRO-10047,Hydraulic Press,PUN-01,train,12,high_risk,risk,approved_on_validation,우선 점검 후보
2022-07-29,AST-2031,A2,3,7.667921433895037,0.1948050782483395,0.1390408762203886,MRO-20031;MRO-10045;MRO-10046,MRO-20031;MRO-10045;MRO-10046,Hydraulic Press,CHN-02,train,12,caution,risk,approved_on_validation,우선 점검 후보
2022-07-29,AST-3008,A2,8,6.395262276777881,0.1212798377927451,0.0795488318858015,MRO-20031;MRO-50009;MRO-10046,MRO-20031;MRO-50009;MRO-10046,Belt Conveyor,CHN-02,train,12,risk,risk,approved_on_validation,우선 점검 후보
2022-07-29,AST-3019,A2,1,5.416928765740069,0.076426451765272,0.0460254980218782,MRO-50009;MRO-20031;MRO-10046,MRO-50009;MRO-20031;MRO-10046,Belt Conveyor,CHN-02,train,12,caution,caution,approved_on_validation,우선 점검 후보
2022-07-29,AST-4055,A2,6,8.766559730941188,0.2736646840823085,0.2038981842211789,MRO-20031;MRO-50009;MRO-10045,MRO-20031;MRO-50009;MRO-10045,Screw Compressor,DHR-03,train,12,risk,risk,approved_on_validation,우선 점검 후보
2022-07-29,AST-4061,A2,7,6.450382411215749,0.1235952803824056,0.0814334427383008,MRO-50009;MRO-10047;MRO-10045,MRO-50009;MRO-10047;MRO-10045,Screw Compressor,DHR-03,train,12,risk,risk,approved_on_validation,우선 점검 후보
2022-07-29,AST-5003,A2,7,7.689110049131708,0.1990714639993046,0.1396080356736509,MRO-10047;MRO-10045;MRO-50009,MRO-10047;MRO-10045;MRO-50009,EOT Crane,DHR-03,train,12,risk,risk,approved_on_validation,우선 점검 후보
2022-07-29,AST-5007,A2,6,5.205778059657848,0.0662344027755016,0.0390349391693796,MRO-10046;MRO-20031;MRO-10047,MRO-10046;MRO-20031;MRO-10047,EOT Crane,PUN-01,train,12,risk,caution,approved_on_validation,우선 점검 후보
2022-07-30,AST-1041,A2,0,0.0029218021617694,4.811033674801573e-12,4.402720677003679e-15,MRO-10045;MRO-10046;MRO-20031,MRO-10045;MRO-10046;MRO-20031,CNC Lathe,PUN-01,train,12,normal,normal,approved_on_validation,우선 점검 후보
2022-07-30,AST-1042,A2,0,0.0032710783449821,6.570001185808398e-12,6.763557261527201e-15,MRO-40021;MRO-60015;MRO-20031,MRO-20031;MRO-10045;MRO-10047,CNC Lathe,PUN-01,train,12,normal,normal,approved_on_validation,우선 점검 후보
2022-07-30,AST-2017,A2,0,0.0033367196195022,7.293553849983902e-12,7.575328774269162e-15,MRO-30012;MRO-10047;MRO-90011,MRO-10047;MRO-10046;MRO-20031,Hydraulic Press,PUN-01,train,12,normal,normal,approved_on_validation,우선 점검 후보
2022-07-30,AST-2031,A2,0,0.0032069672785947,6.509682667337465e-12,6.494725467208024e-15,MRO-10046;MRO-10047;MRO-20031,MRO-10046;MRO-10047;MRO-20031,Hydraulic Press,CHN-02,train,12,normal,normal,approved_on_validation,우선 점검 후보
2022-07-30,AST-3008,A2,0,0.0032321189494872,6.569796241339278e-12,6.63875233478361e-15,MRO-10045;MRO-10046;MRO-80001,MRO-10045;MRO-10046;MRO-80001,Belt Conveyor,CHN-02,train,12,normal,normal,approved_on_validation,우선 점검 후보
2022-07-30,AST-3019,A2,0,0.0031104560792543,5.943504498626542e-12,5.740838714950394e-15,MRO-10046;MRO-10047;MRO-20031,MRO-10046;MRO-10047;MRO-20031,Belt Conveyor,CHN-02,train,12,normal,normal,approved_on_validation,우선 점검 후보
2022-07-30,AST-4055,A2,0,0.0031798517948714,6.095742875964388e-12,6.114461260805519e-15,MRO-10045;MRO-10047;MRO-20031,MRO-10045;MRO-10047;MRO-20031,Screw Compressor,DHR-03,train,12,normal,normal,approved_on_validation,우선 점검 후보
2022-07-30,AST-4061,A2,0,0.0032705549080133,6.8001027719078305e-12,6.953131124303946e-15,MRO-10047;MRO-40021;MRO-90011,MRO-10047;MRO-10046;MRO-20031,Screw Compressor,DHR-03,train,12,normal,normal,approved_on_validation,우선 점검 후보
2022-07-30,AST-5003,A2,0,0.0031094641957346,4.831541802737427e-12,4.8544841367808835e-15,MRO-30011;MRO-30012;MRO-10045,MRO-10045;MRO-10046;MRO-10047,EOT Crane,DHR-03,train,12,normal,normal,approved_on_validation,우선 점검 후보
2022-07-30,AST-5007,A2,0,0.0031473410937338,7.030465520634538e-12,6.4749429526008915e-15,MRO-50009;MRO-10045;MRO-40021,MRO-50009;MRO-10045;MRO-10046,EOT Crane,PUN-01,train,12,normal,normal,approved_on_validation,우선 점검 후보
2022-07-31,AST-1041,A2,0,0.0032340208703327,6.574265910920887e-12,6.634072200396473e-15,MRO-10045;MRO-10046;MRO-10047,MRO-10045;MRO-10046;MRO-10047,CNC Lathe,PUN-01,train,12,normal,normal,approved_on_validation,우선 점검 후보
2022-07-31,AST-1042,A2,0,0.0031338589293582,4.852570188800451e-12,4.943778679281643e-15,MRO-60015;MRO-10045;MRO-10046,MRO-60015;MRO-10045;MRO-10046,CNC Lathe,PUN-01,train,12,normal,normal,approved_on_validation,우선 점검 후보
2022-07-31,AST-2017,A2,0,0.003323592242905,7.257640410625264e-12,7.49738780187244e-15,MRO-10046;MRO-20031;MRO-50009,MRO-10046;MRO-20031;MRO-50009,Hydraulic Press,PUN-01,train,12,normal,normal,approved_on_validation,우선 점검 후보
2022-07-31,AST-2031,A2,0,0.0032067965360739,6.5391771974203436e-12,6.5016503057639394e-15,MRO-10045;MRO-10046;MRO-10047,MRO-10045;MRO-10046;MRO-10047,Hydraulic Press,CHN-02,train,12,normal,normal,approved_on_validation,우선 점검 후보
2022-07-31,AST-3008,A2,0,0.0032370454180603,6.6088406768985224e-12,6.656982631293022e-15,MRO-30011;MRO-10045;MRO-10046,MRO-10045;MRO-10046;MRO-20031,Belt Conveyor,CHN-02,train,12,normal,normal,approved_on_validation,우선 점검 후보
2022-07-31,AST-3019,A2,0,0.0032027945212371,6.533020405831712e-12,6.475657791046024e-15,MRO-10045;MRO-10046;MRO-10047,MRO-10045;MRO-10046;MRO-10047,Belt Conveyor,CHN-02,train,12,normal,normal,approved_on_validation,우선 점검 후보
2022-07-31,AST-4055,A2,0,0.0032617379367334,6.7896162602901395e-12,6.905211945990606e-15,MRO-10046;MRO-10045;MRO-10047,MRO-10046;MRO-10045;MRO-10047,Screw Compressor,DHR-03,train,12,normal,normal,approved_on_validation,우선 점검 후보
2022-07-31,AST-4061,A2,0,0.003233003589532,6.5446173141257945e-12,6.618261562712578e-15,MRO-10045;MRO-10046;MRO-20031,MRO-10045;MRO-10046;MRO-20031,Screw Compressor,DHR-03,train,12,normal,normal,approved_on_validation,우선 점검 후보
2022-07-31,AST-5003,A2,0,0.0032293008342366,6.5495664321528895e-12,6.596032144437804e-15,MRO-10045;MRO-10046;MRO-10047,MRO-10045;MRO-10046;MRO-10047,EOT Crane,DHR-03,train,12,normal,normal,approved_on_validation,우선 점검 후보
2022-07-31,AST-5007,A2,0,0.0032704627385967,6.567294098826854e-12,6.8708143268768785e-15,MRO-70004;MRO-10046;MRO-10047,MRO-10046;MRO-10047;MRO-20031,EOT Crane,PUN-01,train,12,normal,normal,approved_on_validation,우선 점검 후보
2022-08-01,AST-1041,A2,7,6.7996983675054405,0.1439794025901333,0.096666654626825,MRO-50009;MRO-10047;MRO-10045,MRO-50009;MRO-10047;MRO-10045,CNC Lathe,PUN-01,train,12,risk,risk,approved_on_validation,우선 점검 후보
2022-08-01,AST-1042,A2,0,6.164041786825117,0.1095152814490445,0.0695583348578675,MRO-60015;MRO-20031;MRO-40022,MRO-20031;MRO-80001;MRO-10045,CNC Lathe,PUN-01,train,12,normal,risk,approved_on_validation,우선 점검 후보
2022-08-01,AST-2017,A2,9,8.47501817436837,0.2536900992542845,0.1859257730313234,MRO-20031;MRO-50009;MRO-10046,MRO-20031;MRO-50009;MRO-10046,Hydraulic Press,PUN-01,train,12,risk,risk,approved_on_validation,우선 점검 후보
2022-08-01,AST-2031,A2,7,7.352301368615248,0.1775625981473304,0.1224480042210101,MRO-10045;MRO-10046;MRO-20031,MRO-10045;MRO-10046;MRO-20031,Hydraulic Press,CHN-02,train,12,risk,risk,approved_on_validation,우선 점검 후보
2022-08-01,AST-3008,A2,9,6.2264194414254685,0.1109187829719982,0.0727302822923563,MRO-10047;MRO-20031;MRO-50009,MRO-10047;MRO-20031;MRO-50009,Belt Conveyor,CHN-02,train,12,risk,risk,approved_on_validation,우선 점검 후보
2022-08-01,AST-3019,A2,11,5.558751398642594,0.0826980700460438,0.049905133895196,MRO-10045;MRO-20031;MRO-50009,MRO-10045;MRO-20031;MRO-50009,Belt Conveyor,CHN-02,train,12,risk,caution,approved_on_validation,우선 점검 후보
2022-08-01,AST-4055,A2,11,7.482997315985849,0.1879512964476498,0.1290470225017996,MRO-10046;MRO-50009;MRO-10045,MRO-10046;MRO-50009;MRO-10045,Screw Compressor,DHR-03,train,12,risk,risk,approved_on_validation,우선 점검 후보
2022-08-01,AST-4061,A2,4,6.378754126803582,0.1208753193535767,0.0784217685709191,MRO-10047;MRO-10046;MRO-10045,MRO-10047;MRO-10046;MRO-10045,Screw Compressor,DHR-03,train,12,caution,risk,approved_on_validation,우선 점검 후보
2022-08-01,AST-5003,A2,12,8.827785820789648,0.2779822968007315,0.2052816875329908,MRO-30012;MRO-50009;MRO-10046,MRO-50009;MRO-10046;MRO-10045,EOT Crane,DHR-03,train,12,high_risk,risk,approved_on_validation,우선 점검 후보
2022-08-01,AST-5007,A2,4,5.107500048343298,0.0623403649117175,0.0365181171251998,MRO-50009;MRO-10045;MRO-10046,MRO-50009;MRO-10045;MRO-10046,EOT Crane,PUN-01,train,12,caution,caution,approved_on_validation,우선 점검 후보
2022-08-02,AST-1041,A2,4,6.348262129655075,0.1195680244899537,0.0773314517036656,MRO-10047;MRO-50009;MRO-80001,MRO-10047;MRO-50009;MRO-80001,CNC Lathe,PUN-01,train,12,caution,risk,approved_on_validation,우선 점검 후보
2022-08-02,AST-1042,A2,6,5.957553668673834,0.1004281308397134,0.0623880999591674,MRO-50008;MRO-20031;MRO-10046,MRO-20031;MRO-10046;MRO-10045,CNC Lathe,PUN-01,train,12,risk,risk,approved_on_validation,우선 점검 후보
2022-08-02,AST-2017,A2,6,8.643730418254908,0.2629146545063012,0.1959664254969568,MRO-10047;MRO-20031;MRO-50009,MRO-10047;MRO-20031;MRO-50009,Hydraulic Press,PUN-01,train,12,risk,risk,approved_on_validation,우선 점검 후보
2022-08-02,AST-2031,A2,2,7.337482147535017,0.1726321184777151,0.1205271338496205,MRO-10046;MRO-10045;MRO-20033,MRO-10046;MRO-10045;MRO-10047,Hydraulic Press,CHN-02,train,12,caution,risk,approved_on_validation,우선 점검 후보
2022-08-02,AST-3008,A2,4,6.257694784920855,0.1156564564049339,0.0746746870122486,MRO-50009;MRO-10047;MRO-20031,MRO-50009;MRO-10047;MRO-20031,Belt Conveyor,CHN-02,train,12,caution,risk,approved_on_validation,우선 점검 후보
2022-08-02,AST-3019,A2,4,5.44465248001621,0.0784352614967932,0.0467282210322531,MRO-10045;MRO-80001;MRO-20031,MRO-10045;MRO-80001;MRO-20031,Belt Conveyor,CHN-02,train,12,caution,caution,approved_on_validation,우선 점검 후보
2022-08-02,AST-4055,A2,6,8.145629766545504,0.2306018505522951,0.1648537815324537,MRO-10045;MRO-50009;MRO-10046,MRO-10045;MRO-50009;MRO-10046,Screw Compressor,DHR-03,train,12,risk,risk,approved_on_validation,우선 점검 후보
2022-08-02,AST-4061,A2,2,6.575239447071691,0.1302099678087201,0.0855530360510347,MRO-10045;MRO-50009;MRO-80002,MRO-10045;MRO-50009;MRO-20031,Screw Compressor,DHR-03,train,12,caution,risk,approved_on_validation,우선 점검 후보
2022-08-02,AST-5003,A2,16,8.3674834109061,0.2437008569169521,0.1774067788304853,MRO-50009;MRO-10046;MRO-10047,MRO-50009;MRO-10046;MRO-10047,EOT Crane,DHR-03,train,12,high_risk,risk,approved_on_validation,우선 점검 후보
2022-08-02,AST-5007,A2,10,6.150764335928903,0.1107968096670991,0.070206565455819,MRO-10045;MRO-50009;MRO-10046,MRO-10045;MRO-50009;MRO-10046,EOT Crane,PUN-01,train,12,risk,risk,approved_on_validation,우선 점검 후보
2022-08-03,AST-1041,A2,19,8.813330805957024,0.2765808029496308,0.2092368364529868,MRO-50009;MRO-20032;MRO-10045,MRO-50009;MRO-10045;MRO-10047,CNC Lathe,PUN-01,train,12,high_risk,risk,approved_on_validation,우선 점검 후보
2022-08-03,AST-1042,A2,8,6.852930601905633,0.148067113441949,0.0969006288840247,MRO-60015;MRO-20031;MRO-50009,MRO-20031;MRO-50009;MRO-10045,CNC Lathe,PUN-01,train,12,risk,risk,approved_on_validation,우선 점검 후보
2022-08-03,AST-2017,A2,10,8.398493552696745,0.2502399262395955,0.1798665590044396,MRO-20031;MRO-10046;MRO-10047,MRO-20031;MRO-10046;MRO-10047,Hydraulic Press,PUN-01,train,12,risk,risk,approved_on_validation,우선 점검 후보
2022-08-03,AST-2031,A2,8,7.517068326718673,0.1863775288661527,0.1304473571127345,MRO-10045;MRO-10046;MRO-20031,MRO-10045;MRO-10046;MRO-20031,Hydraulic Press,CHN-02,train,12,risk,risk,approved_on_validation,우선 점검 후보
2022-08-03,AST-3008,A2,2,6.367046170340027,0.1201207979991246,0.0784950196296405,MRO-50009;MRO-10047;MRO-10045,MRO-50009;MRO-10047;MRO-10045,Belt Conveyor,CHN-02,train,12,caution,risk,approved_on_validation,우선 점검 후보
2022-08-03,AST-3019,A2,9,5.635535465136907,0.0892152966799329,0.0524337874030076,MRO-10045;MRO-80001;MRO-50009,MRO-10045;MRO-80001;MRO-50009,Belt Conveyor,CHN-02,train,12,risk,caution,approved_on_validation,우선 점검 후보
2022-08-03,AST-4055,A2,8,7.445905065414656,0.1844794750178299,0.1273368839953308,MRO-50009;MRO-10046;MRO-10045,MRO-50009;MRO-10046;MRO-10045,Screw Compressor,DHR-03,train,12,risk,risk,approved_on_validation,우선 점검 후보
2022-08-03,AST-4061,A2,10,6.633920070866805,0.1342276655039815,0.0879950813816355,MRO-20031;MRO-10047;MRO-10045,MRO-20031;MRO-10047;MRO-10045,Screw Compressor,DHR-03,train,12,risk,risk,approved_on_validation,우선 점검 후보
2022-08-03,AST-5003,A2,4,7.715488156568024,0.199213043101793,0.1397900550653608,MRO-40022;MRO-10045;MRO-10046,MRO-10045;MRO-10046;MRO-20031,EOT Crane,DHR-03,train,12,caution,risk,approved_on_validation,우선 점검 후보
2022-08-03,AST-5007,A2,6,5.3418246653652,0.07113798445855,0.0423149135707061,MRO-10047;MRO-20031;MRO-10045,MRO-10047;MRO-20031;MRO-10045,EOT Crane,PUN-01,train,12,risk,caution,approved_on_validation,우선 점검 후보
2022-08-04,AST-1041,A2,4,6.256250110984698,0.1166959445769139,0.0737912174510262,MRO-10046;MRO-50009;MRO-20031,MRO-10046;MRO-50009;MRO-20031,CNC Lathe,PUN-01,train,12,caution,risk,approved_on_validation,우선 점검 후보
2022-08-04,AST-1042,A2,4,6.523950832069851,0.1290613384884217,0.0844063663645431,MRO-20031;MRO-50009;MRO-10045,MRO-20031;MRO-50009;MRO-10045,CNC Lathe,PUN-01,train,12,caution,risk,approved_on_validation,우선 점검 후보
2022-08-04,AST-2017,A2,8,8.09249295456257,0.2267905857132212,0.1618869814557708,MRO-10047;MRO-20031;MRO-50009,MRO-10047;MRO-20031;MRO-50009,Hydraulic Press,PUN-01,train,12,risk,risk,approved_on_validation,우선 점검 후보
2022-08-04,AST-2031,A2,0,7.007180128183574,0.1556756975177895,0.1053539843273569,MRO-10045;MRO-20031;MRO-10047,MRO-10045;MRO-20031;MRO-10047,Hydraulic Press,CHN-02,train,12,normal,risk,approved_on_validation,우선 점검 후보
2022-08-04,AST-3008,A2,8,8.30839143990449,0.2375435354502104,0.1736293457295602,MRO-40022;MRO-10045;MRO-80001,MRO-10045;MRO-80001;MRO-10046,Belt Conveyor,CHN-02,train,12,risk,risk,approved_on_validation,우선 점검 후보
2022-08-04,AST-3019,A2,12,5.978168398249168,0.1007376241870058,0.0635793471964117,MRO-10045;MRO-40022;MRO-50009,MRO-10045;MRO-50009;MRO-80001,Belt Conveyor,CHN-02,train,12,high_risk,risk,approved_on_validation,우선 점검 후보
2022-08-04,AST-4055,A2,4,7.710106101863854,0.2002775250831562,0.1409984574074295,MRO-10046;MRO-20031;MRO-10047,MRO-10046;MRO-20031;MRO-10047,Screw Compressor,DHR-03,train,12,caution,risk,approved_on_validation,우선 점검 후보
2022-08-04,AST-4061,A2,5,6.19322264286724,0.1083688308286836,0.07032648300854,MRO-20031;MRO-80001;MRO-40022,MRO-20031;MRO-80001;MRO-10045,Screw Compressor,DHR-03,train,12,caution,risk,approved_on_validation,우선 점검 후보
2022-08-04,AST-5003,A2,12,7.970810258062341,0.2137804728735818,0.1543431073234739,MRO-10046;MRO-80001;MRO-50009,MRO-10046;MRO-80001;MRO-50009,EOT Crane,DHR-03,train,12,high_risk,risk,approved_on_validation,우선 점검 후보
2022-08-04,AST-5007,A2,7,5.480013525716439,0.0768162728647288,0.0463142969866814,MRO-50009;MRO-20032;MRO-60016,MRO-50009;MRO-10045;MRO-10046,EOT Crane,PUN-01,train,12,risk,caution,approved_on_validation,우선 점검 후보
2022-08-05,AST-1041,A2,5,6.1398401447640945,0.110045098061936,0.0697575435741273,MRO-10045;MRO-10046;MRO-50009,MRO-10045;MRO-10046;MRO-50009,CNC Lathe,PUN-01,train,12,caution,risk,approved_on_validation,우선 점검 후보
2022-08-05,AST-1042,A2,0,5.772554680058473,0.0911675507557415,0.0566536379643437,MRO-50009;MRO-20031;MRO-80001,MRO-50009;MRO-20031;MRO-80001,CNC Lathe,PUN-01,train,12,normal,caution,approved_on_validation,우선 점검 후보
2022-08-05,AST-2017,A2,7,8.308798375428927,0.2420521135378422,0.1745564198891522,MRO-50009;MRO-10045;MRO-20031,MRO-50009;MRO-10045;MRO-20031,Hydraulic Press,PUN-01,train,12,risk,risk,approved_on_validation,우선 점검 후보
2022-08-05,AST-2031,A2,3,7.33139733941535,0.1724738825534837,0.1216384741638485,MRO-70004;MRO-20031;MRO-10045,MRO-20031;MRO-10045;MRO-80001,Hydraulic Press,CHN-02,train,12,caution,risk,approved_on_validation,우선 점검 후보
2022-08-05,AST-3008,A2,10,6.28759234220596,0.1166409725745256,0.0748472832188411,MRO-10047;MRO-80001;MRO-50009,MRO-10047;MRO-80001;MRO-50009,Belt Conveyor,CHN-02,train,12,risk,risk,approved_on_validation,우선 점검 후보
2022-08-05,AST-3019,A2,7,5.835599416005568,0.0909372277376352,0.0583158939615245,MRO-80001;MRO-40022;MRO-70004,MRO-80001;MRO-10046;MRO-20031,Belt Conveyor,CHN-02,train,12,risk,caution,approved_on_validation,우선 점검 후보
2022-08-05,AST-4055,A2,8,8.367262101061012,0.2456580473533499,0.1783715491453538,MRO-10046;MRO-10045;MRO-80001,MRO-10046;MRO-10045;MRO-80001,Screw Compressor,DHR-03,train,12,risk,risk,approved_on_validation,우선 점검 후보
2022-08-05,AST-4061,A2,9,7.295147401830171,0.1733787230579319,0.1184359496169438,MRO-40022;MRO-10046;MRO-80001,MRO-10046;MRO-80001;MRO-10047,Screw Compressor,DHR-03,train,12,risk,risk,approved_on_validation,우선 점검 후보
2022-08-05,AST-5003,A2,13,7.952573783053344,0.213692220643131,0.1526068022834016,MRO-10047;MRO-20031;MRO-10046,MRO-10047;MRO-20031;MRO-10046,EOT Crane,DHR-03,train,12,high_risk,risk,approved_on_validation,우선 점검 후보
2022-08-05,AST-5007,A2,9,7.335125763826467,0.1695102305036624,0.118194328446763,MRO-40021;MRO-40022;MRO-50008,MRO-10047;MRO-80001;MRO-10045,EOT Crane,PUN-01,train,12,risk,risk,approved_on_validation,우선 점검 후보
2022-08-06,AST-1041,A2,0,0.0032533861791128,6.545918453089242e-12,6.7471979082358176e-15,MRO-70004;MRO-10047;MRO-20031,MRO-10047;MRO-20031;MRO-50009,CNC Lathe,PUN-01,train,12,normal,normal,approved_on_validation,우선 점검 후보
2022-08-06,AST-1042,A2,0,0.003170123331774,4.853098515262827e-12,5.031768378952442e-15,MRO-60015;MRO-10045;MRO-10046,MRO-60015;MRO-10045;MRO-10046,CNC Lathe,PUN-01,train,12,normal,normal,approved_on_validation,우선 점검 후보
2022-08-06,AST-2017,A2,0,0.0033023150279378,6.989621454722428e-12,7.190877327361505e-15,MRO-10045;MRO-30011;MRO-50008,MRO-10045;MRO-10047;MRO-80001,Hydraulic Press,PUN-01,train,12,normal,normal,approved_on_validation,우선 점검 후보
2022-08-06,AST-2031,A2,0,0.003221760322084,6.5393712957758235e-12,6.566854256831981e-15,MRO-10045;MRO-10046;MRO-10047,MRO-10045;MRO-10046;MRO-10047,Hydraulic Press,CHN-02,train,12,normal,normal,approved_on_validation,우선 점검 후보
2022-08-06,AST-3008,A2,0,0.0031062090437059,6.0006000709870085e-12,5.8060015017788985e-15,MRO-10046;MRO-10047;MRO-20031,MRO-10046;MRO-10047;MRO-20031,Belt Conveyor,CHN-02,train,12,normal,normal,approved_on_validation,우선 점검 후보
2022-08-06,AST-3019,A2,0,0.0032661985026525,6.673354057556758e-12,6.938237175315544e-15,MRO-70004;MRO-10045;MRO-40022,MRO-10045;MRO-10046;MRO-20031,Belt Conveyor,CHN-02,train,12,normal,normal,approved_on_validation,우선 점검 후보
2022-08-06,AST-4055,A2,0,0.0032343620307536,6.856849495303353e-12,6.852199937222798e-15,MRO-20031;MRO-10045;MRO-10047,MRO-20031;MRO-10045;MRO-10047,Screw Compressor,DHR-03,train,12,normal,normal,approved_on_validation,우선 점검 후보
2022-08-06,AST-4061,A2,0,0.0033692725057141,6.641789015726306e-12,7.147563241582398e-15,MRO-20033;MRO-10045;MRO-10047,MRO-10045;MRO-10047;MRO-20031,Screw Compressor,DHR-03,train,12,normal,normal,approved_on_validation,우선 점검 후보
2022-08-06,AST-5003,A2,0,0.0033435552233411,8.123976717625416e-12,7.994359251047844e-15,MRO-10046;MRO-30011;MRO-30012,MRO-10046;MRO-20031;MRO-10047,EOT Crane,DHR-03,train,12,normal,normal,approved_on_validation,우선 점검 후보
2022-08-06,AST-5007,A2,0,0.0031815692142794,6.067928752596102e-12,6.063944440500522e-15,MRO-10045;MRO-10046;MRO-10047,MRO-10045;MRO-10046;MRO-10047,EOT Crane,PUN-01,train,12,normal,normal,approved_on_validation,우선 점검 후보
2022-08-07,AST-1041,A2,0,0.0033312549433571,9.476963952023695e-12,8.734907192569772e-15,MRO-10045;MRO-10046;MRO-10047,MRO-10045;MRO-10046;MRO-10047,CNC Lathe,PUN-01,train,12,normal,normal,approved_on_validation,우선 점검 후보
2022-08-07,AST-1042,A2,0,0.0033194670661873,6.575876689016998e-12,6.926530008613691e-15,MRO-60015;MRO-10045;MRO-10046,MRO-10045;MRO-10046;MRO-10047,CNC Lathe,PUN-01,train,12,normal,normal,approved_on_validation,우선 점검 후보
2022-08-07,AST-2017,A2,0,0.0032839666340318,6.752743937752078e-12,6.9525072397952065e-15,MRO-50008;MRO-80002;MRO-90012,MRO-10047;MRO-80001;MRO-10045,Hydraulic Press,PUN-01,train,12,normal,normal,approved_on_validation,우선 점검 후보
2022-08-07,AST-2031,A2,0,0.0032096313684789,6.539213328480238e-12,6.514110277767292e-15,MRO-10045;MRO-10046;MRO-10047,MRO-10045;MRO-10046;MRO-10047,Hydraulic Press,CHN-02,train,12,normal,normal,approved_on_validation,우선 점검 후보
2022-08-07,AST-3008,A2,0,0.0032215913431965,6.519263060057077e-12,6.561774579605016e-15,MRO-10046;MRO-10047;MRO-20031,MRO-10046;MRO-10047;MRO-20031,Belt Conveyor,CHN-02,train,12,normal,normal,approved_on_validation,우선 점검 후보
2022-08-07,AST-3019,A2,0,0.0031340802691299,5.9437194503121194e-12,5.845142429080148e-15,MRO-70004;MRO-10046;MRO-10047,MRO-10046;MRO-10047;MRO-20031,Belt Conveyor,CHN-02,train,12,normal,normal,approved_on_validation,우선 점검 후보
2022-08-07,AST-4055,A2,0,0.0032110826307999,6.185493947728696e-12,6.2794970281572155e-15,MRO-10045;MRO-10047;MRO-20031,MRO-10045;MRO-10047;MRO-20031,Screw Compressor,DHR-03,train,12,normal,normal,approved_on_validation,우선 점검 후보
2022-08-07,AST-4061,A2,0,0.0033724466421315,6.645483589224236e-12,7.161336083176049e-15,MRO-20033;MRO-10045;MRO-10047,MRO-10045;MRO-10047;MRO-20031,Screw Compressor,DHR-03,train,12,normal,normal,approved_on_validation,우선 점검 후보
2022-08-07,AST-5003,A2,0,0.0031356650732359,6.9073019046317584e-12,6.345293155922948e-15,MRO-10046;MRO-10045;MRO-10047,MRO-10046;MRO-10045;MRO-10047,EOT Crane,DHR-03,train,12,normal,normal,approved_on_validation,우선 점검 후보
2022-08-07,AST-5007,A2,0,0.0030748560867069,6.2468472624795715e-12,5.77682431855155e-15,MRO-50009;MRO-90011;MRO-10045,MRO-50009;MRO-10045;MRO-10046,EOT Crane,PUN-01,train,12,normal,normal,approved_on_validation,우선 점검 후보
2022-08-08,AST-1041,A2,8,6.684147315360589,0.135990792846253,0.0911546312805996,MRO-10045;MRO-50009;MRO-10047,MRO-10045;MRO-50009;MRO-10047,CNC Lathe,PUN-01,train,12,risk,risk,approved_on_validation,우선 점검 후보
2022-08-08,AST-1042,A2,8,6.330304702212344,0.1170368913407555,0.0755721663299056,MRO-60015;MRO-20031;MRO-10046,MRO-20031;MRO-10046;MRO-10045,CNC Lathe,PUN-01,train,12,risk,risk,approved_on_validation,우선 점검 후보
2022-08-08,AST-2017,A2,8,8.112455167045363,0.2282560419061557,0.1636238785353225,MRO-10046;MRO-10045;MRO-20031,MRO-10046;MRO-10045;MRO-20031,Hydraulic Press,PUN-01,train,12,risk,risk,approved_on_validation,우선 점검 후보
2022-08-08,AST-2031,A2,6,7.34714526650543,0.1751401811059889,0.1220335748925534,MRO-10047;MRO-20031;MRO-80001,MRO-10047;MRO-20031;MRO-80001,Hydraulic Press,CHN-02,train,12,risk,risk,approved_on_validation,우선 점검 후보
2022-08-08,AST-3008,A2,11,6.52077578770523,0.1275141553708524,0.084731959482513,MRO-10045;MRO-10046;MRO-80001,MRO-10045;MRO-10046;MRO-80001,Belt Conveyor,CHN-02,train,12,risk,risk,approved_on_validation,우선 점검 후보
2022-08-08,AST-3019,A2,1,5.416152254138595,0.0776274942159115,0.0461280208077516,MRO-10047;MRO-50009;MRO-10045,MRO-10047;MRO-50009;MRO-10045,Belt Conveyor,CHN-02,train,12,caution,caution,approved_on_validation,우선 점검 후보
2022-08-08,AST-4055,A2,5,7.547435849265915,0.1870605028976088,0.1325522793854696,MRO-10046;MRO-50009;MRO-80001,MRO-10046;MRO-50009;MRO-80001,Screw Compressor,DHR-03,train,12,caution,risk,approved_on_validation,우선 점검 후보
2022-08-08,AST-4061,A2,3,6.496748898328035,0.1268976328815179,0.083145529826789,MRO-10046;MRO-20031;MRO-10047,MRO-10046;MRO-20031;MRO-10047,Screw Compressor,DHR-03,train,12,caution,risk,approved_on_validation,우선 점검 후보
2022-08-08,AST-5003,A2,4,7.519423135707419,0.1860370885898954,0.1294286239506911,MRO-30011;MRO-10045;MRO-80001,MRO-10045;MRO-80001;MRO-20031,EOT Crane,DHR-03,train,12,caution,risk,approved_on_validation,우선 점검 후보
2022-08-08,AST-5007,A2,0,5.699424400894435,0.0876046921612881,0.0537876495479752,MRO-50009;MRO-10047;MRO-20031,MRO-50009;MRO-10047;MRO-20031,EOT Crane,PUN-01,train,12,normal,caution,approved_on_validation,우선 점검 후보
2022-08-09,AST-1041,A2,12,10.850974719630358,0.4385695203721933,0.3507765157993512,MRO-10045;MRO-10046;MRO-10047,MRO-10045;MRO-10046;MRO-10047,CNC Lathe,PUN-01,train,12,high_risk,high_risk,approved_on_validation,우선 점검 후보
2022-08-09,AST-1042,A2,8,6.163067951933455,0.1074519363549575,0.0678786642425994,MRO-40022;MRO-30011;MRO-20031,MRO-20031;MRO-50009;MRO-10046,CNC Lathe,PUN-01,train,12,risk,risk,approved_on_validation,우선 점검 후보
2022-08-09,AST-2017,A2,5,8.01264098708845,0.2204874565005942,0.1582369675792974,MRO-10047;MRO-20031;MRO-10045,MRO-10047;MRO-20031;MRO-10045,Hydraulic Press,PUN-01,train,12,caution,risk,approved_on_validation,우선 점검 후보
2022-08-09,AST-2031,A2,2,6.220000357783373,0.1100604047252143,0.0719302840822434,MRO-10045;MRO-10046;MRO-80001,MRO-10045;MRO-10046;MRO-80001,Hydraulic Press,CHN-02,train,12,caution,risk,approved_on_validation,우선 점검 후보
2022-08-09,AST-3008,A2,8,6.458621905747453,0.1230519232655783,0.0810716830190972,MRO-10046;MRO-20031;MRO-50009,MRO-10046;MRO-20031;MRO-50009,Belt Conveyor,CHN-02,train,12,risk,risk,approved_on_validation,우선 점검 후보
2022-08-09,AST-3019,A2,8,6.189072763616299,0.1106557799338578,0.0691488023103535,MRO-10045;MRO-20033;MRO-50008,MRO-10045;MRO-50009;MRO-80001,Belt Conveyor,CHN-02,train,12,risk,risk,approved_on_validation,우선 점검 후보
2022-08-09,AST-4055,A2,0,7.184357396174873,0.1708062002644376,0.1134517483366477,MRO-80001;MRO-20031;MRO-10047,MRO-80001;MRO-20031;MRO-10047,Screw Compressor,DHR-03,train,12,normal,risk,approved_on_validation,우선 점검 후보
2022-08-09,AST-4061,A2,7,6.557176511841252,0.1292045742997345,0.0854997235729482,MRO-10046;MRO-10047;MRO-10045,MRO-10046;MRO-10047;MRO-10045,Screw Compressor,DHR-03,train,12,risk,risk,approved_on_validation,우선 점검 후보
2022-08-09,AST-5003,A2,10,7.599216566407183,0.191685441517198,0.1338394385531443,MRO-10045;MRO-20031;MRO-80001,MRO-10045;MRO-20031;MRO-80001,EOT Crane,DHR-03,train,12,risk,risk,approved_on_validation,우선 점검 후보
2022-08-09,AST-5007,A2,7,5.012955945126049,0.0560431534002585,0.0324083561267409,MRO-40021;MRO-50008;MRO-30011,MRO-50009;MRO-10046;MRO-10045,EOT Crane,PUN-01,train,12,risk,caution,approved_on_validation,우선 점검 후보
2022-08-10,AST-1041,A2,0,5.751757917066203,0.0887740473953364,0.055217561506429,MRO-10045;MRO-10047;MRO-50009,MRO-10045;MRO-10047;MRO-50009,CNC Lathe,PUN-01,train,12,normal,caution,approved_on_validation,우선 점검 후보
2022-08-10,AST-1042,A2,0,6.068853380320095,0.1063986507233087,0.0667618323451454,MRO-50009;MRO-20031;MRO-10045,MRO-50009;MRO-20031;MRO-10045,CNC Lathe,PUN-01,train,12,normal,risk,approved_on_validation,우선 점검 후보
2022-08-10,AST-2017,A2,10,8.367937083262841,0.246547049312737,0.1787882573978283,MRO-10045;MRO-20031;MRO-50009,MRO-10045;MRO-20031;MRO-50009,Hydraulic Press,PUN-01,train,12,risk,risk,approved_on_validation,우선 점검 후보
2022-08-10,AST-2031,A2,9,7.63525691757139,0.1969120795239403,0.1373753636462322,MRO-80001;MRO-20031;MRO-10045,MRO-80001;MRO-20031;MRO-10045,Hydraulic Press,CHN-02,train,12,risk,risk,approved_on_validation,우선 점검 후보
2022-08-10,AST-3008,A2,12,7.216302250500127,0.1625524698186977,0.1159574216308189,MRO-70004;MRO-70005;MRO-10047,MRO-10047;MRO-10046;MRO-10045,Belt Conveyor,CHN-02,train,12,high_risk,risk,approved_on_validation,우선 점검 후보
2022-08-10,AST-3019,A2,6,5.256827629941536,0.0701948446151206,0.0412852370350654,MRO-10047;MRO-50009;MRO-80001,MRO-10047;MRO-50009;MRO-80001,Belt Conveyor,CHN-02,train,12,risk,caution,approved_on_validation,우선 점검 후보
2022-08-10,AST-4055,A2,21,9.104492930321324,0.3002980168134421,0.2255433173085124,MRO-10046;MRO-20031;MRO-10045,MRO-10046;MRO-20031;MRO-10045,Screw Compressor,DHR-03,train,12,high_risk,risk,approved_on_validation,우선 점검 후보
2022-08-10,AST-4061,A2,12,6.639962476289808,0.1354264946369732,0.0886780238991416,MRO-80001;MRO-20031;MRO-10046,MRO-80001;MRO-20031;MRO-10046,Screw Compressor,DHR-03,train,12,high_risk,risk,approved_on_validation,우선 점검 후보
2022-08-10,AST-5003,A2,0,7.156949124248898,0.1658921998123013,0.1126397595668368,MRO-10045;MRO-80001;MRO-20031,MRO-10045;MRO-80001;MRO-20031,EOT Crane,DHR-03,train,12,normal,risk,approved_on_validation,우선 점검 후보
2022-08-10,AST-5007,A2,2,5.682480567511781,0.0861301514301676,0.0528099192814326,MRO-10047;MRO-50009;MRO-80001,MRO-10047;MRO-50009;MRO-80001,EOT Crane,PUN-01,train,12,caution,caution,approved_on_validation,우선 점검 후보
2022-08-11,AST-1041,A2,11,7.573503756575272,0.1857843513442116,0.1343251687372927,MRO-10045;MRO-70004;MRO-50009,MRO-10045;MRO-50009;MRO-10047,CNC Lathe,PUN-01,train,12,risk,risk,approved_on_validation,우선 점검 후보
2022-08-11,AST-1042,A2,10,5.980754949104762,0.102096229929476,0.0634343798249132,MRO-10047;MRO-50009;MRO-20031,MRO-10047;MRO-50009;MRO-20031,CNC Lathe,PUN-01,train,12,risk,risk,approved_on_validation,우선 점검 후보
2022-08-11,AST-2017,A2,9,6.973050628232906,0.1507678036852084,0.1028559430448556,MRO-10047;MRO-10045;MRO-20031,MRO-10047;MRO-10045;MRO-20031,Hydraulic Press,PUN-01,train,12,risk,risk,approved_on_validation,우선 점검 후보
2022-08-11,AST-2031,A2,8,7.511898212466714,0.1857554967570774,0.1302629879612084,MRO-80001;MRO-20031;MRO-10047,MRO-80001;MRO-20031;MRO-10047,Hydraulic Press,CHN-02,train,12,risk,risk,approved_on_validation,우선 점검 후보
2022-08-11,AST-3008,A2,2,6.416961734026358,0.1219153982134733,0.080063514166491,MRO-10046;MRO-10045;MRO-80001,MRO-10046;MRO-10045;MRO-80001,Belt Conveyor,CHN-02,train,12,caution,risk,approved_on_validation,우선 점검 후보
2022-08-11,AST-3019,A2,12,5.798095735576512,0.0951654602194259,0.057604701925963,MRO-10045;MRO-10047;MRO-20031,MRO-10045;MRO-10047;MRO-20031,Belt Conveyor,CHN-02,train,12,high_risk,risk,approved_on_validation,우선 점검 후보
2022-08-11,AST-4055,A2,13,8.073548245969647,0.2263409009906419,0.161169531440036,MRO-20031;MRO-10047;MRO-10046,MRO-20031;MRO-10047;MRO-10046,Screw Compressor,DHR-03,train,12,high_risk,risk,approved_on_validation,우선 점검 후보
2022-08-11,AST-4061,A2,8,6.044925062782603,0.1037922516673393,0.0655665022062462,MRO-20031;MRO-80001;MRO-50009,MRO-20031;MRO-80001;MRO-50009,Screw Compressor,DHR-03,train,12,risk,risk,approved_on_validation,우선 점검 후보
2022-08-11,AST-5003,A2,0,7.259506642913564,0.1724404321510119,0.1163574412106143,MRO-10045;MRO-80001;MRO-10047,MRO-10045;MRO-80001;MRO-10047,EOT Crane,DHR-03,train,12,normal,risk,approved_on_validation,우선 점검 후보
2022-08-11,AST-5007,A2,8,5.479970826432179,0.077971894171562,0.0472531131559948,MRO-10047;MRO-50009;MRO-20031,MRO-10047;MRO-50009;MRO-20031,EOT Crane,PUN-01,train,12,risk,caution,approved_on_validation,우선 점검 후보
2022-08-12,AST-1041,A2,8,6.1692974929134925,0.109277093065779,0.0703729349005173,MRO-50009;MRO-10047;MRO-20031,MRO-50009;MRO-10047;MRO-20031,CNC Lathe,PUN-01,train,12,risk,risk,approved_on_validation,우선 점검 후보
2022-08-12,AST-1042,A2,0,5.340351095376578,0.0735365832361776,0.0436199376932369,MRO-80001;MRO-20031;MRO-10046,MRO-80001;MRO-20031;MRO-10046,CNC Lathe,PUN-01,train,12,normal,caution,approved_on_validation,우선 점검 후보
2022-08-12,AST-2017,A2,4,8.264096125478305,0.2389095917007135,0.1731215442298444,MRO-10047;MRO-10045;MRO-20031,MRO-10047;MRO-10045;MRO-20031,Hydraulic Press,PUN-01,train,12,caution,risk,approved_on_validation,우선 점검 후보
2022-08-12,AST-2031,A2,4,7.543254868465179,0.1892295269508992,0.1323122072114908,MRO-80001;MRO-10047;MRO-20031,MRO-80001;MRO-10047;MRO-20031,Hydraulic Press,CHN-02,train,12,caution,risk,approved_on_validation,우선 점검 후보
2022-08-12,AST-3008,A2,2,6.425059689572062,0.1225221339257183,0.0808833237210643,MRO-10046;MRO-10045;MRO-10047,MRO-10046;MRO-10045;MRO-10047,Belt Conveyor,CHN-02,train,12,caution,risk,approved_on_validation,우선 점검 후보
2022-08-12,AST-3019,A2,4,5.737107015293123,0.092823406177079,0.0554375101465657,MRO-10045;MRO-10047;MRO-50009,MRO-10045;MRO-10047;MRO-50009,Belt Conveyor,CHN-02,train,12,caution,risk,approved_on_validation,우선 점검 후보
2022-08-12,AST-4055,A2,10,7.969272647495367,0.2193032742089855,0.1548752062081638,MRO-10046;MRO-10045;MRO-10047,MRO-10046;MRO-10045;MRO-10047,Screw Compressor,DHR-03,train,12,risk,risk,approved_on_validation,우선 점검 후보
2022-08-12,AST-4061,A2,5,6.885266583244571,0.147768600127587,0.0997512873503617,MRO-50009;MRO-80001;MRO-20031,MRO-50009;MRO-80001;MRO-20031,Screw Compressor,DHR-03,train,12,caution,risk,approved_on_validation,우선 점검 후보
2022-08-12,AST-5003,A2,3,7.042289594292696,0.1582882277055181,0.1064986675563948,MRO-80001;MRO-50009;MRO-10045,MRO-80001;MRO-50009;MRO-10045,EOT Crane,DHR-03,train,12,caution,risk,approved_on_validation,우선 점검 후보
2022-08-12,AST-5007,A2,7,5.423059103221918,0.0764223543448682,0.0452734130546729,MRO-10047;MRO-10046;MRO-20031,MRO-10047;MRO-10046;MRO-20031,EOT Crane,PUN-01,train,12,risk,caution,approved_on_validation,우선 점검 후보
2022-08-13,AST-1041,A2,0,0.0035321959631778,1.242508846356186e-11,1.135370995513438e-14,MRO-10045;MRO-10046;MRO-70004,MRO-10045;MRO-10046;MRO-10047,CNC Lathe,PUN-01,train,12,normal,normal,approved_on_validation,우선 점검 후보
2022-08-13,AST-1042,A2,0,0.0030315136746965,4.851090728641342e-12,4.694842367260614e-15,MRO-60015;MRO-10045;MRO-10046,MRO-10045;MRO-10046;MRO-20031,CNC Lathe,PUN-01,train,12,normal,normal,approved_on_validation,우선 점검 후보
2022-08-13,AST-2017,A2,0,0.0033048117635182,7.184567135694991e-12,7.364811198755723e-15,MRO-10045;MRO-20031;MRO-90011,MRO-10045;MRO-20031;MRO-50009,Hydraulic Press,PUN-01,train,12,normal,normal,approved_on_validation,우선 점검 후보
2022-08-13,AST-2031,A2,0,0.003214151866014,6.509871783960268e-12,6.509732405243831e-15,MRO-90011;MRO-90012;MRO-10045,MRO-10045;MRO-10047;MRO-20031,Hydraulic Press,CHN-02,train,12,normal,normal,approved_on_validation,우선 점검 후보
2022-08-13,AST-3008,A2,0,0.0032388500703979,6.57113909834227e-12,6.653336248747551e-15,MRO-30011;MRO-10045;MRO-10046,MRO-10045;MRO-10046;MRO-20031,Belt Conveyor,CHN-02,train,12,normal,normal,approved_on_validation,우선 점검 후보
2022-08-13,AST-3019,A2,0,0.0032440236103353,6.829737269300614e-12,6.8440152851269265e-15,MRO-10045;MRO-10046;MRO-20031,MRO-10045;MRO-10046;MRO-20031,Belt Conveyor,CHN-02,train,12,normal,normal,approved_on_validation,우선 점검 후보
2022-08-13,AST-4055,A2,0,0.0033305021824276,6.63629624351278e-12,7.004731764193551e-15,MRO-60016;MRO-20031;MRO-10045,MRO-20031;MRO-10045;MRO-10047,Screw Compressor,DHR-03,train,12,normal,normal,approved_on_validation,우선 점검 후보
2022-08-13,AST-4061,A2,0,0.0033708883788423,6.645450864875018e-12,7.155904695232813e-15,MRO-20033;MRO-10045;MRO-10046,MRO-10045;MRO-10046;MRO-10047,Screw Compressor,DHR-03,train,12,normal,normal,approved_on_validation,우선 점검 후보
2022-08-13,AST-5003,A2,0,0.0032285855459061,6.5564016034317154e-12,6.6134251329908864e-15,MRO-10045;MRO-10046;MRO-10047,MRO-10045;MRO-10046;MRO-10047,EOT Crane,DHR-03,train,12,normal,normal,approved_on_validation,우선 점검 후보
2022-08-13,AST-5007,A2,0,0.0032529810384159,6.722559620420111e-12,6.8099991125707265e-15,MRO-90011;MRO-10047;MRO-20033,MRO-10047;MRO-10045;MRO-20031,EOT Crane,PUN-01,train,12,normal,normal,approved_on_validation,우선 점검 후보
2022-08-14,AST-1041,A2,0,0.0033437048687298,9.621352555277579e-12,8.8935673209075e-15,MRO-10046;MRO-10045;MRO-10047,MRO-10046;MRO-10045;MRO-10047,CNC Lathe,PUN-01,train,12,normal,normal,approved_on_validation,우선 점검 후보
2022-08-14,AST-1042,A2,0,0.0032372129155308,6.5742659496346246e-12,6.6550377290695675e-15,MRO-10045;MRO-10046;MRO-10047,MRO-10045;MRO-10046;MRO-10047,CNC Lathe,PUN-01,train,12,normal,normal,approved_on_validation,우선 점검 후보
2022-08-14,AST-2017,A2,0,0.003271678354274,6.752522411363168e-12,6.905917821178844e-15,MRO-30011;MRO-40022;MRO-50009,MRO-50009;MRO-80001;MRO-10045,Hydraulic Press,PUN-01,train,12,normal,normal,approved_on_validation,우선 점검 후보
2022-08-14,AST-2031,A2,0,0.0032409794340083,6.539733388833197e-12,6.632059508067204e-15,MRO-50008;MRO-30011;MRO-10045,MRO-10045;MRO-10046;MRO-10047,Hydraulic Press,CHN-02,train,12,normal,normal,approved_on_validation,우선 점검 후보
2022-08-14,AST-3008,A2,0,0.0032147380017056,6.489244857185533e-12,6.471897217456646e-15,MRO-30011;MRO-10045;MRO-10046,MRO-10045;MRO-10046;MRO-20031,Belt Conveyor,CHN-02,train,12,normal,normal,approved_on_validation,우선 점검 후보
2022-08-14,AST-3019,A2,0,0.0031857843698217,6.537781278245642e-12,6.389291670186874e-15,MRO-10045;MRO-10046;MRO-10047,MRO-10045;MRO-10046;MRO-10047,Belt Conveyor,CHN-02,train,12,normal,normal,approved_on_validation,우선 점검 후보
2022-08-14,AST-4055,A2,0,0.0032455882696425,6.5958495633341815e-12,6.704807410217501e-15,MRO-10045;MRO-10047;MRO-20031,MRO-10045;MRO-10047;MRO-20031,Screw Compressor,DHR-03,train,12,normal,normal,approved_on_validation,우선 점검 후보
2022-08-14,AST-4061,A2,0,0.0033595614664455,6.576664926511633e-12,7.057918588035892e-15,MRO-20033;MRO-10045;MRO-10046,MRO-10045;MRO-10046;MRO-10047,Screw Compressor,DHR-03,train,12,normal,normal,approved_on_validation,우선 점검 후보
2022-08-14,AST-5003,A2,0,0.0032460678017119,6.663505835902052e-12,6.738605395648506e-15,MRO-10045;MRO-10046;MRO-10047,MRO-10045;MRO-10046;MRO-10047,EOT Crane,DHR-03,train,12,normal,normal,approved_on_validation,우선 점검 후보
2022-08-14,AST-5007,A2,0,0.0032162870530812,6.5338515520217136e-12,6.504511457263799e-15,MRO-10045;MRO-10046;MRO-20031,MRO-10045;MRO-10046;MRO-20031,EOT Crane,PUN-01,train,12,normal,normal,approved_on_validation,우선 점검 후보
2022-08-15,AST-1041,A2,5,6.811026054056681,0.1391851111485714,0.0971573933415088,MRO-70004;MRO-10045;MRO-50009,MRO-10045;MRO-50009;MRO-10047,CNC Lathe,PUN-01,train,12,caution,risk,approved_on_validation,우선 점검 후보
2022-08-15,AST-1042,A2,9,6.390964407420909,0.1185483308956944,0.0784647460725961,MRO-70004;MRO-10046;MRO-10047,MRO-10046;MRO-10047;MRO-20031,CNC Lathe,PUN-01,train,12,risk,risk,approved_on_validation,우선 점검 후보
2022-08-15,AST-2017,A2,4,8.07158375352226,0.2248014562569807,0.1604286527311249,MRO-10045;MRO-10047;MRO-20031,MRO-10045;MRO-10047;MRO-20031,Hydraulic Press,PUN-01,train,12,caution,risk,approved_on_validation,우선 점검 후보
2022-08-15,AST-2031,A2,3,7.161911476573172,0.1637640851496149,0.1119968373272108,MRO-10047;MRO-20031;MRO-10046,MRO-10047;MRO-20031;MRO-10046,Hydraulic Press,CHN-02,train,12,caution,risk,approved_on_validation,우선 점검 후보
2022-08-15,AST-3008,A2,6,6.155714613604321,0.1088572279866634,0.0697468906333285,MRO-20031;MRO-10045;MRO-50009,MRO-20031;MRO-10045;MRO-50009,Belt Conveyor,CHN-02,train,12,risk,risk,approved_on_validation,우선 점검 후보
2022-08-15,AST-3019,A2,6,5.572312352309835,0.0827479550597454,0.0502985194528117,MRO-10047;MRO-10045;MRO-50009,MRO-10047;MRO-10045;MRO-50009,Belt Conveyor,CHN-02,train,12,risk,caution,approved_on_validation,우선 점검 후보
2022-08-15,AST-4055,A2,11,7.936357056438969,0.2144861734552168,0.1534935188962357,MRO-10047;MRO-80001;MRO-20031,MRO-10047;MRO-80001;MRO-20031,Screw Compressor,DHR-03,train,12,risk,risk,approved_on_validation,우선 점검 후보
2022-08-15,AST-4061,A2,0,6.6885858899584285,0.1356866420113194,0.0912926114693005,MRO-20031;MRO-80001;MRO-10046,MRO-20031;MRO-80001;MRO-10046,Screw Compressor,DHR-03,train,12,normal,risk,approved_on_validation,우선 점검 후보
2022-08-15,AST-5003,A2,8,8.036244938312516,0.2210749632259285,0.1582696809717211,MRO-10045;MRO-10047;MRO-20031,MRO-10045;MRO-10047;MRO-20031,EOT Crane,DHR-03,train,12,risk,risk,approved_on_validation,우선 점검 후보
2022-08-15,AST-5007,A2,7,7.011162342927026,0.1585492303785015,0.1047349064483869,MRO-10047;MRO-50009;MRO-10046,MRO-10047;MRO-50009;MRO-10046,EOT Crane,PUN-01,train,12,risk,risk,approved_on_validation,우선 점검 후보
2022-08-16,AST-1041,A2,1,5.815926195646081,0.0896743373253963,0.0570869476056104,MRO-10047;MRO-70004;MRO-50009,MRO-10047;MRO-50009;MRO-20031,CNC Lathe,PUN-01,train,12,caution,caution,approved_on_validation,우선 점검 후보
2022-08-16,AST-1042,A2,12,6.055229724517709,0.1004936560249704,0.0667273926108128,MRO-70004;MRO-10047;MRO-10045,MRO-10047;MRO-10045;MRO-50009,CNC Lathe,PUN-01,train,12,high_risk,risk,approved_on_validation,우선 점검 후보
2022-08-16,AST-2017,A2,14,8.843566574580917,0.2802002424581907,0.205378742144503,MRO-10045;MRO-60016;MRO-10047,MRO-10045;MRO-10047;MRO-10046,Hydraulic Press,PUN-01,train,12,high_risk,risk,approved_on_validation,우선 점검 후보
2022-08-16,AST-2031,A2,4,7.195379989157399,0.1663584855237982,0.1139610821874281,MRO-10047;MRO-20031;MRO-10045,MRO-10047;MRO-20031;MRO-10045,Hydraulic Press,CHN-02,train,12,caution,risk,approved_on_validation,우선 점검 후보
2022-08-16,AST-3008,A2,4,6.449732974712016,0.1239974932233843,0.0811590891017923,MRO-20031;MRO-10045;MRO-50009,MRO-20031;MRO-10045;MRO-50009,Belt Conveyor,CHN-02,train,12,caution,risk,approved_on_validation,우선 점검 후보
2022-08-16,AST-3019,A2,4,5.445460033451848,0.0777228966386178,0.0469215499217867,MRO-10045;MRO-50009;MRO-80001,MRO-10045;MRO-50009;MRO-80001,Belt Conveyor,CHN-02,train,12,caution,caution,approved_on_validation,우선 점검 후보
2022-08-16,AST-4055,A2,12,7.994433398477728,0.2207538836024229,0.1560003295505114,MRO-20031;MRO-10045;MRO-80001,MRO-20031;MRO-10045;MRO-80001,Screw Compressor,DHR-03,train,12,high_risk,risk,approved_on_validation,우선 점검 후보
2022-08-16,AST-4061,A2,3,6.8539189354087515,0.1465311784371701,0.0977990515392328,MRO-80001;MRO-20031;MRO-10045,MRO-80001;MRO-20031;MRO-10045,Screw Compressor,DHR-03,train,12,caution,risk,approved_on_validation,우선 점검 후보
2022-08-16,AST-5003,A2,8,7.396841246112827,0.1816014889273187,0.1237823725290139,MRO-10045;MRO-10047;MRO-80001,MRO-10045;MRO-10047;MRO-80001,EOT Crane,DHR-03,train,12,risk,risk,approved_on_validation,우선 점검 후보
2022-08-16,AST-5007,A2,10,6.09838552412841,0.1065336339823849,0.0668484442780802,MRO-10045;MRO-10047;MRO-10046,MRO-10045;MRO-10047;MRO-10046,EOT Crane,PUN-01,train,12,risk,risk,approved_on_validation,우선 점검 후보
2022-08-17,AST-1041,A2,6,5.689416195420532,0.0848031343950535,0.0529365274843604,MRO-10047;MRO-50009;MRO-10046,MRO-10047;MRO-50009;MRO-10046,CNC Lathe,PUN-01,train,12,risk,caution,approved_on_validation,우선 점검 후보
2022-08-17,AST-1042,A2,4,6.011278510396798,0.1030646539824562,0.0646091200251278,MRO-20031;MRO-10047;MRO-80001,MRO-20031;MRO-10047;MRO-80001,CNC Lathe,PUN-01,train,12,caution,risk,approved_on_validation,우선 점검 후보
2022-08-17,AST-2017,A2,17,8.56198925075171,0.2604054298467132,0.1896171649096223,MRO-20031;MRO-10047;MRO-10045,MRO-20031;MRO-10047;MRO-10045,Hydraulic Press,PUN-01,train,12,high_risk,risk,approved_on_validation,우선 점검 후보
2022-08-17,AST-2031,A2,11,9.7794167102668,0.3461027923202775,0.2732652252883157,MRO-10047;MRO-20031;MRO-10045,MRO-10047;MRO-20031;MRO-10045,Hydraulic Press,CHN-02,train,12,risk,risk,approved_on_validation,우선 점검 후보
2022-08-17,AST-3008,A2,6,6.411856831822959,0.1221707913796145,0.0798428582418128,MRO-10045;MRO-50009;MRO-80001,MRO-10045;MRO-50009;MRO-80001,Belt Conveyor,CHN-02,train,12,risk,risk,approved_on_validation,우선 점검 후보
2022-08-17,AST-3019,A2,6,5.743294500472011,0.089088722549243,0.0557694590272906,MRO-80001;MRO-10045;MRO-10047,MRO-80001;MRO-10045;MRO-10047,Belt Conveyor,CHN-02,train,12,risk,caution,approved_on_validation,우선 점검 후보
2022-08-17,AST-4055,A2,16,8.52901703606465,0.2599369948028956,0.188045957361577,MRO-20031;MRO-10045;MRO-50009,MRO-20031;MRO-10045;MRO-50009,Screw Compressor,DHR-03,train,12,high_risk,risk,approved_on_validation,우선 점검 후보
2022-08-17,AST-4061,A2,7,6.275013132915607,0.1146299530472372,0.0738610178061111,MRO-80001;MRO-20031;MRO-10046,MRO-80001;MRO-20031;MRO-10046,Screw Compressor,DHR-03,train,12,risk,risk,approved_on_validation,우선 점검 후보
2022-08-17,AST-5003,A2,17,8.318164077601935,0.2405788666706001,0.1757228351618699,MRO-10047;MRO-10045;MRO-20031,MRO-10047;MRO-10045;MRO-20031,EOT Crane,DHR-03,train,12,high_risk,risk,approved_on_validation,우선 점검 후보
2022-08-17,AST-5007,A2,6,5.6498144936221415,0.085645798711266,0.051738764249006,MRO-80001;MRO-10047;MRO-50009,MRO-80001;MRO-10047;MRO-50009,EOT Crane,PUN-01,train,12,risk,caution,approved_on_validation,우선 점검 후보
2022-08-18,AST-1041,A2,5,8.157706101020798,0.2261815293579744,0.1647124216103775,MRO-50009;MRO-10046;MRO-20033,MRO-50009;MRO-10046;MRO-10045,CNC Lathe,PUN-01,train,12,caution,risk,approved_on_validation,우선 점검 후보
2022-08-18,AST-1042,A2,4,5.835534783530114,0.0939560148443445,0.0576728497256565,MRO-10046;MRO-10045;MRO-20031,MRO-10046;MRO-10045;MRO-20031,CNC Lathe,PUN-01,train,12,caution,risk,approved_on_validation,우선 점검 후보
2022-08-18,AST-2017,A2,17,8.386477075010975,0.244832166781153,0.180331915366512,MRO-10047;MRO-10045;MRO-10046,MRO-10047;MRO-10045;MRO-10046,Hydraulic Press,PUN-01,train,12,high_risk,risk,approved_on_validation,우선 점검 후보
2022-08-18,AST-2031,A2,5,7.2901382729087025,0.1706469665196974,0.1191791030764904,MRO-10045;MRO-10046;MRO-10047,MRO-10045;MRO-10046;MRO-10047,Hydraulic Press,CHN-02,train,12,caution,risk,approved_on_validation,우선 점검 후보
2022-08-18,AST-3008,A2,8,6.34288427303399,0.1179076433413416,0.0769857896859305,MRO-10045;MRO-50009;MRO-30011,MRO-10045;MRO-50009;MRO-80001,Belt Conveyor,CHN-02,train,12,risk,risk,approved_on_validation,우선 점검 후보
2022-08-18,AST-3019,A2,6,5.477293901148639,0.0802784793453989,0.0473580391710555,MRO-10046;MRO-80001;MRO-10047,MRO-10046;MRO-80001;MRO-10047,Belt Conveyor,CHN-02,train,12,risk,caution,approved_on_validation,우선 점검 후보
2022-08-18,AST-4055,A2,5,8.092885934964295,0.223430561123488,0.1636272616372803,MRO-70004;MRO-10046;MRO-50009,MRO-10046;MRO-50009;MRO-20031,Screw Compressor,DHR-03,train,12,caution,risk,approved_on_validation,우선 점검 후보
2022-08-18,AST-4061,A2,6,6.549676423347839,0.1313071518474925,0.0855607841396419,MRO-50009;MRO-10045;MRO-80001,MRO-50009;MRO-10045;MRO-80001,Screw Compressor,DHR-03,train,12,risk,risk,approved_on_validation,우선 점검 후보
2022-08-18,AST-5003,A2,20,9.00703241333407,0.2954743942049687,0.2182753983691977,MRO-20031;MRO-80001;MRO-10045,MRO-20031;MRO-80001;MRO-10045,EOT Crane,DHR-03,train,12,high_risk,risk,approved_on_validation,우선 점검 후보
2022-08-18,AST-5007,A2,14,6.070738387070974,0.1049313012999656,0.066451626731555,MRO-10045;MRO-80001;MRO-50009,MRO-10045;MRO-80001;MRO-50009,EOT Crane,PUN-01,train,12,high_risk,risk,approved_on_validation,우선 점검 후보
2022-08-19,AST-1041,A2,9,6.198535471898138,0.1099190795403292,0.0714896580576374,MRO-10047;MRO-50009;MRO-80001,MRO-10047;MRO-50009;MRO-80001,CNC Lathe,PUN-01,train,12,risk,risk,approved_on_validation,우선 점검 후보
2022-08-19,AST-1042,A2,6,6.031978700170706,0.105982786501319,0.0660063252770313,MRO-80001;MRO-10047;MRO-10046,MRO-80001;MRO-10047;MRO-10046,CNC Lathe,PUN-01,train,12,risk,risk,approved_on_validation,우선 점검 후보
2022-08-19,AST-2017,A2,0,8.177555186672176,0.2333529428017892,0.1672198831195328,MRO-10045;MRO-10046;MRO-20031,MRO-10045;MRO-10046;MRO-20031,Hydraulic Press,PUN-01,train,12,normal,risk,approved_on_validation,우선 점검 후보
2022-08-19,AST-2031,A2,4,7.326180189315359,0.1744242856015286,0.1210809721371464,MRO-50009;MRO-10046;MRO-10045,MRO-50009;MRO-10046;MRO-10045,Hydraulic Press,CHN-02,train,12,caution,risk,approved_on_validation,우선 점검 후보
2022-08-19,AST-3008,A2,0,6.356194403330518,0.1198211686453003,0.0782838245712835,MRO-80001;MRO-10045;MRO-50009,MRO-80001;MRO-10045;MRO-50009,Belt Conveyor,CHN-02,train,12,normal,risk,approved_on_validation,우선 점검 후보
2022-08-19,AST-3019,A2,6,5.914486700728208,0.0986588024175512,0.0607046333682029,MRO-10047;MRO-10045;MRO-10046,MRO-10047;MRO-10045;MRO-10046,Belt Conveyor,CHN-02,train,12,risk,risk,approved_on_validation,우선 점검 후보
2022-08-19,AST-4055,A2,2,7.910727808782276,0.2149082302335674,0.1542407361700946,MRO-80001;MRO-20031;MRO-10046,MRO-80001;MRO-20031;MRO-10046,Screw Compressor,DHR-03,train,12,caution,risk,approved_on_validation,우선 점검 후보
2022-08-19,AST-4061,A2,6,6.428126009647182,0.1232298109592659,0.0804247892107628,MRO-80001;MRO-20031;MRO-10046,MRO-80001;MRO-20031;MRO-10046,Screw Compressor,DHR-03,train,12,risk,risk,approved_on_validation,우선 점검 후보
2022-08-19,AST-5003,A2,3,7.902618778408272,0.2115780212783185,0.1525645391208752,MRO-80001;MRO-20031;MRO-50009,MRO-80001;MRO-20031;MRO-50009,EOT Crane,DHR-03,train,12,caution,risk,approved_on_validation,우선 점검 후보
2022-08-19,AST-5007,A2,2,5.501730119748332,0.08009839026388,0.0478440903579164,MRO-10047;MRO-10045;MRO-80001,MRO-10047;MRO-10045;MRO-80001,EOT Crane,PUN-01,train,12,caution,caution,approved_on_validation,우선 점검 후보
2022-08-20,AST-1041,A2,0,0.0032227951688563,6.513593632480919e-12,6.540036563589581e-15,MRO-10046;MRO-10047;MRO-20031,MRO-10046;MRO-10047;MRO-20031,CNC Lathe,PUN-01,train,12,normal,normal,approved_on_validation,우선 점검 후보
2022-08-20,AST-1042,A2,0,0.0032486195702299,6.576514399768547e-12,6.695027728719977e-15,MRO-40022;MRO-50009;MRO-10045,MRO-50009;MRO-10045;MRO-10046,CNC Lathe,PUN-01,train,12,normal,normal,approved_on_validation,우선 점검 후보
2022-08-20,AST-2017,A2,0,0.0032334762968864,6.5723293209755475e-12,6.631488219001892e-15,MRO-10047;MRO-10046;MRO-20031,MRO-10047;MRO-10046;MRO-20031,Hydraulic Press,PUN-01,train,12,normal,normal,approved_on_validation,우선 점검 후보
2022-08-20,AST-2031,A2,0,0.0032186312146219,6.4924704753123976e-12,6.521924734510974e-15,MRO-10045;MRO-10046;MRO-10047,MRO-10045;MRO-10046;MRO-10047,Hydraulic Press,CHN-02,train,12,normal,normal,approved_on_validation,우선 점검 후보
2022-08-20,AST-3008,A2,0,0.003236870724493,6.608674158489962e-12,6.6836372770491415e-15,MRO-10045;MRO-10046;MRO-10047,MRO-10045;MRO-10046;MRO-10047,Belt Conveyor,CHN-02,train,12,normal,normal,approved_on_validation,우선 점검 후보
2022-08-20,AST-3019,A2,0,0.0033089802230638,7.981003712624055e-12,7.866196849651105e-15,MRO-10045;MRO-20031;MRO-10047,MRO-10045;MRO-20031;MRO-10047,Belt Conveyor,CHN-02,train,12,normal,normal,approved_on_validation,우선 점검 후보
2022-08-20,AST-4055,A2,0,0.0032448445973151,6.595758827411637e-12,6.698892186297891e-15,MRO-10046;MRO-10047;MRO-20031,MRO-10046;MRO-10047;MRO-20031,Screw Compressor,DHR-03,train,12,normal,normal,approved_on_validation,우선 점검 후보
2022-08-20,AST-4061,A2,0,0.0032469108408371,6.625228707329243e-12,6.729146459022494e-15,MRO-10046;MRO-10047;MRO-20031,MRO-10046;MRO-10047;MRO-20031,Screw Compressor,DHR-03,train,12,normal,normal,approved_on_validation,우선 점검 후보
2022-08-20,AST-5003,A2,0,0.0031670828969484,6.886662760070978e-12,6.55441837696852e-15,MRO-10047;MRO-70004;MRO-10046,MRO-10047;MRO-10046;MRO-10045,EOT Crane,DHR-03,train,12,normal,normal,approved_on_validation,우선 점검 후보
2022-08-20,AST-5007,A2,0,0.0032100348429433,6.1536768211487455e-12,6.2532387164551976e-15,MRO-70005;MRO-30012;MRO-10046,MRO-10046;MRO-20031;MRO-80001,EOT Crane,PUN-01,train,12,normal,normal,approved_on_validation,우선 점검 후보
2022-08-21,AST-1041,A2,0,0.0033441914892529,9.630021345560012e-12,8.882157356318667e-15,MRO-10045;MRO-10046;MRO-10047,MRO-10045;MRO-10046;MRO-10047,CNC Lathe,PUN-01,train,12,normal,normal,approved_on_validation,우선 점검 후보
2022-08-21,AST-1042,A2,0,0.0032366178541352,6.567293688524341e-12,6.648755009221296e-15,MRO-10045;MRO-10046;MRO-10047,MRO-10045;MRO-10046;MRO-10047,CNC Lathe,PUN-01,train,12,normal,normal,approved_on_validation,우선 점검 후보
2022-08-21,AST-2017,A2,0,0.0032306360754725,6.529849177408497e-12,6.590728678895707e-15,MRO-10045;MRO-10046;MRO-20031,MRO-10045;MRO-10046;MRO-20031,Hydraulic Press,PUN-01,train,12,normal,normal,approved_on_validation,우선 점검 후보
2022-08-21,AST-2031,A2,0,0.0032829012940624,7.2182628471105345e-12,7.28606802278071e-15,MRO-50009;MRO-10045;MRO-10046,MRO-50009;MRO-10045;MRO-10046,Hydraulic Press,CHN-02,train,12,normal,normal,approved_on_validation,우선 점검 후보
2022-08-21,AST-3008,A2,0,0.003219949886676,6.5332327119905985e-12,6.551923963297909e-15,MRO-10045;MRO-10046;MRO-10047,MRO-10045;MRO-10046;MRO-10047,Belt Conveyor,CHN-02,train,12,normal,normal,approved_on_validation,우선 점검 후보
2022-08-21,AST-3019,A2,0,0.0034753551334954,7.97894031208913e-12,9.134931958195212e-15,MRO-20032;MRO-70004;MRO-10045,MRO-10045;MRO-10046;MRO-10047,Belt Conveyor,CHN-02,train,12,normal,normal,approved_on_validation,우선 점검 후보
2022-08-21,AST-4055,A2,0,0.0032302641233409,6.411803004110778e-12,6.513522766748699e-15,MRO-10046;MRO-10047;MRO-20031,MRO-10046;MRO-10047;MRO-20031,Screw Compressor,DHR-03,train,12,normal,normal,approved_on_validation,우선 점검 후보
2022-08-21,AST-4061,A2,0,0.003235588287143,6.560237350912675e-12,6.638599230291509e-15,MRO-10045;MRO-10046;MRO-10047,MRO-10045;MRO-10046;MRO-10047,Screw Compressor,DHR-03,train,12,normal,normal,approved_on_validation,우선 점검 후보
2022-08-21,AST-5003,A2,0,0.0032517751683665,6.663505906350075e-12,6.776600383663316e-15,MRO-10045;MRO-10046;MRO-10047,MRO-10045;MRO-10046;MRO-10047,EOT Crane,DHR-03,train,12,normal,normal,approved_on_validation,우선 점검 후보
2022-08-21,AST-5007,A2,0,0.0032447199151706,6.172906770779098e-12,6.496803879244191e-15,MRO-70004;MRO-70005;MRO-10045,MRO-10045;MRO-10046;MRO-10047,EOT Crane,PUN-01,train,12,normal,normal,approved_on_validation,우선 점검 후보
2022-08-22,AST-1041,A2,9,6.439559666689784,0.1206567350425608,0.0800871041080344,MRO-80001;MRO-10047;MRO-40022,MRO-80001;MRO-10047;MRO-50009,CNC Lathe,PUN-01,train,12,risk,risk,approved_on_validation,우선 점검 후보
2022-08-22,AST-1042,A2,10,6.68426527686907,0.1383695552469478,0.0914053915374595,MRO-80001;MRO-50009;MRO-10047,MRO-80001;MRO-50009;MRO-10047,CNC Lathe,PUN-01,train,12,risk,risk,approved_on_validation,우선 점검 후보
2022-08-22,AST-2017,A2,14,8.214924642363556,0.2344866422280644,0.1704712902936111,MRO-80001;MRO-10045;MRO-20031,MRO-80001;MRO-10045;MRO-20031,Hydraulic Press,PUN-01,train,12,high_risk,risk,approved_on_validation,우선 점검 후보
2022-08-22,AST-2031,A2,0,7.224951905378226,0.1680513025298897,0.1161000381929773,MRO-50009;MRO-20031;MRO-10047,MRO-50009;MRO-20031;MRO-10047,Hydraulic Press,CHN-02,train,12,normal,risk,approved_on_validation,우선 점검 후보
2022-08-22,AST-3008,A2,4,6.25050423786284,0.1139507620051011,0.0733956432156776,MRO-80001;MRO-10045;MRO-20031,MRO-80001;MRO-10045;MRO-20031,Belt Conveyor,CHN-02,train,12,caution,risk,approved_on_validation,우선 점검 후보
2022-08-22,AST-3019,A2,6,5.521759091350667,0.0798827977552504,0.0483827378517782,MRO-20031;MRO-10046;MRO-40022,MRO-20031;MRO-10046;MRO-10047,Belt Conveyor,CHN-02,train,12,risk,caution,approved_on_validation,우선 점검 후보
2022-08-22,AST-4055,A2,2,8.149605063498655,0.2302430579259406,0.1658076429593498,MRO-80001;MRO-10046;MRO-10047,MRO-80001;MRO-10046;MRO-10047,Screw Compressor,DHR-03,train,12,caution,risk,approved_on_validation,우선 점검 후보
2022-08-22,AST-4061,A2,4,6.467112894955825,0.1254699264620659,0.082079084149483,MRO-80001;MRO-10046;MRO-10047,MRO-80001;MRO-10046;MRO-10047,Screw Compressor,DHR-03,train,12,caution,risk,approved_on_validation,우선 점검 후보
2022-08-22,AST-5003,A2,13,8.8651282191837,0.2788107809253905,0.2110911243276916,MRO-10045;MRO-80001;MRO-10047,MRO-10045;MRO-80001;MRO-10047,EOT Crane,DHR-03,train,12,high_risk,risk,approved_on_validation,우선 점검 후보
2022-08-22,AST-5007,A2,0,5.453791191644665,0.0770187513896039,0.0460664571715396,MRO-10047;MRO-50009;MRO-10045,MRO-10047;MRO-50009;MRO-10045,EOT Crane,PUN-01,train,12,normal,caution,approved_on_validation,우선 점검 후보
2022-08-23,AST-1041,A2,15,7.9497777363897155,0.214503335619086,0.153285379245644,MRO-10045;MRO-80001;MRO-40022,MRO-10045;MRO-80001;MRO-10047,CNC Lathe,PUN-01,train,12,high_risk,risk,approved_on_validation,우선 점검 후보
2022-08-23,AST-1042,A2,5,6.877209388914014,0.1496521878031059,0.099658735845086,MRO-80001;MRO-50009;MRO-40022,MRO-80001;MRO-50009;MRO-10045,CNC Lathe,PUN-01,train,12,caution,risk,approved_on_validation,우선 점검 후보
2022-08-23,AST-2017,A2,2,8.198283911521472,0.2337854257136459,0.1680393669346872,MRO-80001;MRO-20031;MRO-10047,MRO-80001;MRO-20031;MRO-10047,Hydraulic Press,PUN-01,train,12,caution,risk,approved_on_validation,우선 점검 후보
2022-08-23,AST-2031,A2,14,8.361612971610692,0.2451789632944731,0.1768103958346833,MRO-50009;MRO-20031;MRO-10046,MRO-50009;MRO-20031;MRO-10046,Hydraulic Press,CHN-02,train,12,high_risk,risk,approved_on_validation,우선 점검 후보
2022-08-23,AST-3008,A2,6,6.31679434582197,0.1180537536763093,0.0762099246104358,MRO-80001;MRO-10045;MRO-50009,MRO-80001;MRO-10045;MRO-50009,Belt Conveyor,CHN-02,train,12,risk,risk,approved_on_validation,우선 점검 후보
2022-08-23,AST-3019,A2,1,5.703587707300747,0.0847003946165435,0.0535123832940187,MRO-40022;MRO-60016;MRO-20031,MRO-20031;MRO-10046;MRO-80001,Belt Conveyor,CHN-02,train,12,caution,caution,approved_on_validation,우선 점검 후보
2022-08-23,AST-4055,A2,7,7.421600577523877,0.1817515861876844,0.1263288777555982,MRO-10046;MRO-80001;MRO-10047,MRO-10046;MRO-80001;MRO-10047,Screw Compressor,DHR-03,train,12,risk,risk,approved_on_validation,우선 점검 후보
2022-08-23,AST-4061,A2,10,6.463100263220954,0.1248253259786391,0.082416461248267,MRO-50009;MRO-10046;MRO-10045,MRO-50009;MRO-10046;MRO-10045,Screw Compressor,DHR-03,train,12,risk,risk,approved_on_validation,우선 점검 후보
2022-08-23,AST-5003,A2,2,7.865344758600268,0.2120052684603102,0.1486240284054701,MRO-50009;MRO-80001;MRO-10045,MRO-50009;MRO-80001;MRO-10045,EOT Crane,DHR-03,train,12,caution,risk,approved_on_validation,우선 점검 후보
2022-08-23,AST-5007,A2,2,5.272703688133049,0.0677401566149509,0.0405827648586619,MRO-10045;MRO-10047;MRO-50009,MRO-10045;MRO-10047;MRO-50009,EOT Crane,PUN-01,train,12,caution,caution,approved_on_validation,우선 점검 후보
2022-08-24,AST-1041,A2,6,6.82568823996435,0.1431564778727057,0.0958134198260415,MRO-10045;MRO-80002;MRO-10047,MRO-10045;MRO-10047;MRO-80001,CNC Lathe,PUN-01,train,12,risk,risk,approved_on_validation,우선 점검 후보
2022-08-24,AST-1042,A2,4,6.309610193799676,0.1172376759392301,0.0750956535776357,MRO-10045;MRO-80001;MRO-50009,MRO-10045;MRO-80001;MRO-50009,CNC Lathe,PUN-01,train,12,caution,risk,approved_on_validation,우선 점검 후보
2022-08-24,AST-2017,A2,12,8.727882239632489,0.273254176150078,0.2000183859502627,MRO-50009;MRO-10046;MRO-80001,MRO-50009;MRO-10046;MRO-80001,Hydraulic Press,PUN-01,train,12,high_risk,risk,approved_on_validation,우선 점검 후보
2022-08-24,AST-2031,A2,6,7.424293098200668,0.1789087982172966,0.1266624272865125,MRO-70005;MRO-50009;MRO-10045,MRO-50009;MRO-10045;MRO-10046,Hydraulic Press,CHN-02,train,12,risk,risk,approved_on_validation,우선 점검 후보
2022-08-24,AST-3008,A2,2,6.428217380572548,0.1242383629379431,0.0806844501943079,MRO-80001;MRO-50009;MRO-10045,MRO-80001;MRO-50009;MRO-10045,Belt Conveyor,CHN-02,train,12,caution,risk,approved_on_validation,우선 점검 후보
2022-08-24,AST-3019,A2,10,5.699186548916882,0.0863063612898255,0.0530105344727782,MRO-60016;MRO-50009;MRO-40022,MRO-50009;MRO-20031;MRO-10046,Belt Conveyor,CHN-02,train,12,risk,caution,approved_on_validation,우선 점검 후보
2022-08-24,AST-4055,A2,10,8.18586127235661,0.2359449617186954,0.1661618195577371,MRO-80001;MRO-10046;MRO-50009,MRO-80001;MRO-10046;MRO-50009,Screw Compressor,DHR-03,train,12,risk,risk,approved_on_validation,우선 점검 후보
2022-08-24,AST-4061,A2,4,6.712545446785388,0.1372241586616184,0.0919866360047172,MRO-10046;MRO-50009;MRO-10045,MRO-10046;MRO-50009;MRO-10045,Screw Compressor,DHR-03,train,12,caution,risk,approved_on_validation,우선 점검 후보
2022-08-24,AST-5003,A2,1,8.098909862385348,0.2248595209744882,0.161855163836385,MRO-50009;MRO-80001;MRO-10045,MRO-50009;MRO-80001;MRO-10045,EOT Crane,DHR-03,train,12,caution,risk,approved_on_validation,우선 점검 후보
2022-08-24,AST-5007,A2,4,5.442395602297546,0.0762263659808235,0.0456225848368551,MRO-10045;MRO-10047;MRO-50009,MRO-10045;MRO-10047;MRO-50009,EOT Crane,PUN-01,train,12,caution,caution,approved_on_validation,우선 점검 후보
2022-08-25,AST-1041,A2,0,5.92421998432554,0.0969645592449903,0.0610516015578308,MRO-80001;MRO-10045;MRO-10047,MRO-80001;MRO-10045;MRO-10047,CNC Lathe,PUN-01,train,12,normal,risk,approved_on_validation,우선 점검 후보
2022-08-25,AST-1042,A2,4,6.3863786319942895,0.1193383533256913,0.0784385573242277,MRO-10046;MRO-10045;MRO-80001,MRO-10046;MRO-10045;MRO-80001,CNC Lathe,PUN-01,train,12,caution,risk,approved_on_validation,우선 점검 후보
2022-08-25,AST-2017,A2,10,8.63821922036919,0.2677540829330303,0.195595953635362,MRO-80001;MRO-10045;MRO-10046,MRO-80001;MRO-10045;MRO-10046,Hydraulic Press,PUN-01,train,12,risk,risk,approved_on_validation,우선 점검 후보
2022-08-25,AST-2031,A2,17,7.998999884507,0.2180112356824037,0.1578832408511319,MRO-10045;MRO-50009;MRO-20031,MRO-10045;MRO-50009;MRO-20031,Hydraulic Press,CHN-02,train,12,high_risk,risk,approved_on_validation,우선 점검 후보
2022-08-25,AST-3008,A2,0,5.952685033662715,0.0986696542812642,0.0618431123002366,MRO-50009;MRO-80001;MRO-10047,MRO-50009;MRO-80001;MRO-10047,Belt Conveyor,CHN-02,train,12,normal,risk,approved_on_validation,우선 점검 후보
2022-08-25,AST-3019,A2,7,5.615179973402913,0.0867565831308746,0.0515120954579786,MRO-10045;MRO-40022;MRO-10046,MRO-10045;MRO-10046;MRO-20031,Belt Conveyor,CHN-02,train,12,risk,caution,approved_on_validation,우선 점검 후보
2022-08-25,AST-4055,A2,4,7.747327753427823,0.2020021638707265,0.14346912764617,MRO-10047;MRO-10046;MRO-10045,MRO-10047;MRO-10046;MRO-10045,Screw Compressor,DHR-03,train,12,caution,risk,approved_on_validation,우선 점검 후보
2022-08-25,AST-4061,A2,0,6.571627558242963,0.1315821837201314,0.0865154333341575,MRO-80001;MRO-10047;MRO-10046,MRO-80001;MRO-10047;MRO-10046,Screw Compressor,DHR-03,train,12,normal,risk,approved_on_validation,우선 점검 후보
2022-08-25,AST-5003,A2,17,7.950542447258726,0.2160837818555223,0.1541443329928508,MRO-10045;MRO-80001;MRO-50009,MRO-10045;MRO-80001;MRO-50009,EOT Crane,DHR-03,train,12,high_risk,risk,approved_on_validation,우선 점검 후보
2022-08-25,AST-5007,A2,12,6.36688421765233,0.1190773116985169,0.0779922080860597,MRO-10045;MRO-10047;MRO-50009,MRO-10045;MRO-10047;MRO-50009,EOT Crane,PUN-01,train,12,high_risk,risk,approved_on_validation,우선 점검 후보
2022-08-26,AST-1041,A2,12,6.820849199270528,0.1433790838120306,0.096294588082985,MRO-80002;MRO-10045;MRO-80001,MRO-10045;MRO-80001;MRO-10046,CNC Lathe,PUN-01,train,12,high_risk,risk,approved_on_validation,우선 점검 후보
2022-08-26,AST-1042,A2,2,5.980057443414691,0.1017900612036547,0.0629661698247657,MRO-60016;MRO-10047;MRO-20031,MRO-10047;MRO-20031;MRO-10046,CNC Lathe,PUN-01,train,12,caution,risk,approved_on_validation,우선 점검 후보
2022-08-26,AST-2017,A2,8,8.360132025918036,0.2474940091873224,0.1791019814431022,MRO-80001;MRO-10045;MRO-50009,MRO-80001;MRO-10045;MRO-50009,Hydraulic Press,PUN-01,train,12,risk,risk,approved_on_validation,우선 점검 후보
2022-08-26,AST-2031,A2,14,12.60005610593536,0.5669246952609497,0.4875305750002335,MRO-80001;MRO-20031;MRO-10046,MRO-80001;MRO-20031;MRO-10046,Hydraulic Press,CHN-02,train,12,high_risk,high_risk,approved_on_validation,우선 점검 후보
2022-08-26,AST-3008,A2,7,6.266864340684358,0.114999674685153,0.0739359156287577,MRO-80001;MRO-50009;MRO-20031,MRO-80001;MRO-50009;MRO-20031,Belt Conveyor,CHN-02,train,12,risk,risk,approved_on_validation,우선 점검 후보
2022-08-26,AST-3019,A2,8,5.367774908245332,0.0771361357830329,0.0443436691903337,MRO-10045;MRO-10047;MRO-40022,MRO-10045;MRO-10047;MRO-20031,Belt Conveyor,CHN-02,train,12,risk,caution,approved_on_validation,우선 점검 후보
2022-08-26,AST-4055,A2,18,8.19666543961931,0.2332943885153028,0.1665493813321947,MRO-20031;MRO-10046;MRO-10045,MRO-20031;MRO-10046;MRO-10045,Screw Compressor,DHR-03,train,12,high_risk,risk,approved_on_validation,우선 점검 후보
2022-08-26,AST-4061,A2,6,6.666803583698696,0.1367857891358191,0.0903660290927114,MRO-10047;MRO-10046;MRO-80001,MRO-10047;MRO-10046;MRO-80001,Screw Compressor,DHR-03,train,12,risk,risk,approved_on_validation,우선 점검 후보
2022-08-26,AST-5003,A2,7,7.861384901547109,0.2082207474575119,0.1479726385149775,MRO-80001;MRO-40022;MRO-50009,MRO-80001;MRO-50009;MRO-10045,EOT Crane,DHR-03,train,12,risk,risk,approved_on_validation,우선 점검 후보
2022-08-26,AST-5007,A2,4,6.094947445930742,0.1083744447829646,0.0672385266973631,MRO-10045;MRO-50009;MRO-10047,MRO-10045;MRO-50009;MRO-10047,EOT Crane,PUN-01,train,12,caution,risk,approved_on_validation,우선 점검 후보
2022-08-27,AST-1041,A2,0,0.0031477031564458,6.986913252916082e-12,6.434069506127914e-15,MRO-10045;MRO-10046;MRO-10047,MRO-10045;MRO-10046;MRO-10047,CNC Lathe,PUN-01,train,12,normal,normal,approved_on_validation,우선 점검 후보
2022-08-27,AST-1042,A2,0,0.0029840043808242,4.8553591208632975e-12,4.613529509697379e-15,MRO-60016;MRO-70005;MRO-10045,MRO-10045;MRO-10046;MRO-10047,CNC Lathe,PUN-01,train,12,normal,normal,approved_on_validation,우선 점검 후보
2022-08-27,AST-2017,A2,0,0.0033273639798737,6.749780809215725e-12,7.291551687939692e-15,MRO-20032;MRO-40022;MRO-80002,MRO-20031;MRO-10045;MRO-10046,Hydraulic Press,PUN-01,train,12,normal,normal,approved_on_validation,우선 점검 후보
2022-08-27,AST-2031,A2,0,0.0036269385032639,1.2517018962038732e-11,1.2571348293588426e-14,MRO-10045;MRO-10047;MRO-50009,MRO-10045;MRO-10047;MRO-50009,Hydraulic Press,CHN-02,train,12,normal,normal,approved_on_validation,우선 점검 후보
2022-08-27,AST-3008,A2,0,0.0031448322471184,6.014742557700927e-12,5.866284665756715e-15,MRO-30011;MRO-10045;MRO-10046,MRO-10045;MRO-10046;MRO-10047,Belt Conveyor,CHN-02,train,12,normal,normal,approved_on_validation,우선 점검 후보
2022-08-27,AST-3019,A2,0,0.0032764872314865,6.652446405003612e-12,7.0624584867123735e-15,MRO-70005;MRO-10045;MRO-10046,MRO-10045;MRO-10046;MRO-10047,Belt Conveyor,CHN-02,train,12,normal,normal,approved_on_validation,우선 점검 후보
2022-08-27,AST-4055,A2,0,0.0032084448820415,6.3178490520564256e-12,6.374666653901813e-15,MRO-10045;MRO-80001;MRO-20033,MRO-10045;MRO-80001;MRO-50009,Screw Compressor,DHR-03,train,12,normal,normal,approved_on_validation,우선 점검 후보
2022-08-27,AST-4061,A2,0,0.0032565060763239,6.657353047001231e-12,6.787743378474306e-15,MRO-20033;MRO-10045;MRO-10046,MRO-10045;MRO-10046;MRO-10047,Screw Compressor,DHR-03,train,12,normal,normal,approved_on_validation,우선 점검 후보
2022-08-27,AST-5003,A2,0,0.0030834536823399,6.495672109130401e-12,5.915275541781011e-15,MRO-80001;MRO-10046;MRO-10047,MRO-80001;MRO-10046;MRO-10047,EOT Crane,DHR-03,train,12,normal,normal,approved_on_validation,우선 점검 후보
2022-08-27,AST-5007,A2,0,0.0035481660986746,1.0467062461738284e-11,1.0613890541253478e-14,MRO-10045;MRO-40022;MRO-50009,MRO-10045;MRO-50009;MRO-10046,EOT Crane,PUN-01,train,12,normal,normal,approved_on_validation,우선 점검 후보
2022-08-28,AST-1041,A2,0,0.0031340635305194,6.859636843338782e-12,6.3105654175054226e-15,MRO-10045;MRO-10046;MRO-10047,MRO-10045;MRO-10046;MRO-10047,CNC Lathe,PUN-01,train,12,normal,normal,approved_on_validation,우선 점검 후보
2022-08-28,AST-1042,A2,0,0.003235660230898,6.574260194417189e-12,6.645797348844397e-15,MRO-10045;MRO-10046;MRO-10047,MRO-10045;MRO-10046;MRO-10047,CNC Lathe,PUN-01,train,12,normal,normal,approved_on_validation,우선 점검 후보
2022-08-28,AST-2017,A2,0,0.0033044153464177,6.635234806075074e-12,7.121816742898568e-15,MRO-20032;MRO-40021;MRO-10047,MRO-10047;MRO-10045;MRO-10046,Hydraulic Press,PUN-01,train,12,normal,normal,approved_on_validation,우선 점검 후보
2022-08-28,AST-2031,A2,0,0.0034735043968601,1.0197411525278978e-11,1.0134531009836984e-14,MRO-20031;MRO-80001;MRO-10045,MRO-20031;MRO-80001;MRO-10045,Hydraulic Press,CHN-02,train,12,normal,normal,approved_on_validation,우선 점검 후보
2022-08-28,AST-3008,A2,0,0.0032105577488891,6.495603048004639e-12,6.47548137738717e-15,MRO-70004;MRO-10045;MRO-10046,MRO-10045;MRO-10046;MRO-10047,Belt Conveyor,CHN-02,train,12,normal,normal,approved_on_validation,우선 점검 후보
2022-08-28,AST-3019,A2,0,0.0034115607562246,7.970826410933549e-12,8.595533855058058e-15,MRO-70005;MRO-10045;MRO-10046,MRO-10045;MRO-10046;MRO-10047,Belt Conveyor,CHN-02,train,12,normal,normal,approved_on_validation,우선 점검 후보
2022-08-28,AST-4055,A2,0,0.0032481598949526,6.633682722534501e-12,6.741999953114622e-15,MRO-10045;MRO-50009;MRO-80001,MRO-10045;MRO-50009;MRO-80001,Screw Compressor,DHR-03,train,12,normal,normal,approved_on_validation,우선 점검 후보
2022-08-28,AST-4061,A2,0,0.0034935738966445,1.0839617726317976e-11,1.0588853545069842e-14,MRO-10045;MRO-10046;MRO-50009,MRO-10045;MRO-10046;MRO-50009,Screw Compressor,DHR-03,train,12,normal,normal,approved_on_validation,우선 점검 후보
2022-08-28,AST-5003,A2,0,0.0033155114700402,7.42857965898344e-12,7.5680917938946e-15,MRO-80001;MRO-10045;MRO-10047,MRO-80001;MRO-10045;MRO-10047,EOT Crane,DHR-03,train,12,normal,normal,approved_on_validation,우선 점검 후보
2022-08-28,AST-5007,A2,0,0.0031982565842374,6.134502769154927e-12,6.190865485412881e-15,MRO-70005;MRO-10047;MRO-20031,MRO-10047;MRO-20031;MRO-50009,EOT Crane,PUN-01,train,12,normal,normal,approved_on_validation,우선 점검 후보
2022-08-29,AST-1041,A2,4,6.293823047677879,0.1196196218749671,0.0753954081100032,MRO-80001;MRO-10045;MRO-50009,MRO-80001;MRO-10045;MRO-50009,CNC Lathe,PUN-01,train,12,caution,risk,approved_on_validation,우선 점검 후보
2022-08-29,AST-1042,A2,1,6.484210974361746,0.1236631282823265,0.0820114582097987,MRO-10045;MRO-80001;MRO-40022,MRO-10045;MRO-80001;MRO-10047,CNC Lathe,PUN-01,train,12,caution,risk,approved_on_validation,우선 점검 후보
2022-08-29,AST-2017,A2,10,8.04113974379006,0.2203061529319333,0.1604231894259418,MRO-50009;MRO-10045;MRO-10046,MRO-50009;MRO-10045;MRO-10046,Hydraulic Press,PUN-01,train,12,risk,risk,approved_on_validation,우선 점검 후보
2022-08-29,AST-2031,A2,1,6.7978327489569965,0.143368771569027,0.0966664596314833,MRO-10045;MRO-10047;MRO-20031,MRO-10045;MRO-10047;MRO-20031,Hydraulic Press,CHN-02,train,12,caution,risk,approved_on_validation,우선 점검 후보
2022-08-29,AST-3008,A2,2,6.291910265000091,0.1141211763652002,0.0742062489783431,MRO-20031;MRO-40022;MRO-10047,MRO-20031;MRO-10047;MRO-50009,Belt Conveyor,CHN-02,train,12,caution,risk,approved_on_validation,우선 점검 후보
2022-08-29,AST-3019,A2,8,5.5444602910875735,0.0820871310767415,0.0497031633933085,MRO-80001;MRO-10045;MRO-50009,MRO-80001;MRO-10045;MRO-50009,Belt Conveyor,CHN-02,train,12,risk,caution,approved_on_validation,우선 점검 후보
2022-08-29,AST-4055,A2,6,7.726029182432257,0.2040160712440625,0.1407593354048931,MRO-10046;MRO-10047;MRO-20031,MRO-10046;MRO-10047;MRO-20031,Screw Compressor,DHR-03,train,12,risk,risk,approved_on_validation,우선 점검 후보
2022-08-29,AST-4061,A2,6,6.5191845686797825,0.1279985009260201,0.0836190135859661,MRO-50009;MRO-10046;MRO-20031,MRO-50009;MRO-10046;MRO-20031,Screw Compressor,DHR-03,train,12,risk,risk,approved_on_validation,우선 점검 후보
2022-08-29,AST-5003,A2,8,7.385956297558704,0.1778372102648076,0.1231981206264244,MRO-10045;MRO-10046;MRO-20031,MRO-10045;MRO-10046;MRO-20031,EOT Crane,DHR-03,train,12,risk,risk,approved_on_validation,우선 점검 후보
2022-08-29,AST-5007,A2,6,5.229297563907511,0.0658946128522597,0.0394316024733267,MRO-10045;MRO-50009;MRO-10047,MRO-10045;MRO-50009;MRO-10047,EOT Crane,PUN-01,train,12,risk,caution,approved_on_validation,우선 점검 후보
2022-08-30,AST-1041,A2,6,6.319610590985515,0.1183879254015635,0.0763966181746533,MRO-80001;MRO-50009;MRO-10045,MRO-80001;MRO-50009;MRO-10045,CNC Lathe,PUN-01,train,12,risk,risk,approved_on_validation,우선 점검 후보
2022-08-30,AST-1042,A2,6,6.140352425347752,0.108500445215307,0.0678875838901591,MRO-40022;MRO-10045;MRO-80001,MRO-10045;MRO-80001;MRO-10046,CNC Lathe,PUN-01,train,12,risk,risk,approved_on_validation,우선 점검 후보
2022-08-30,AST-2017,A2,6,6.788815424428549,0.142416219083164,0.0946442913696301,MRO-80001;MRO-20031;MRO-50009,MRO-80001;MRO-20031;MRO-50009,Hydraulic Press,PUN-01,train,12,risk,risk,approved_on_validation,우선 점검 후보
2022-08-30,AST-2031,A2,9,7.240330492916012,0.1695131027799146,0.1171635099004365,MRO-20031;MRO-80001;MRO-10045,MRO-20031;MRO-80001;MRO-10045,Hydraulic Press,CHN-02,train,12,risk,risk,approved_on_validation,우선 점검 후보
2022-08-30,AST-3008,A2,10,6.426339255430208,0.1225458293287088,0.0801364646399307,MRO-20031;MRO-50009;MRO-80001,MRO-20031;MRO-50009;MRO-80001,Belt Conveyor,CHN-02,train,12,risk,risk,approved_on_validation,우선 점검 후보
2022-08-30,AST-3019,A2,12,5.842964452321668,0.0982157843773776,0.0594243718445966,MRO-10045;MRO-20031;MRO-80001,MRO-10045;MRO-20031;MRO-80001,Belt Conveyor,CHN-02,train,12,high_risk,risk,approved_on_validation,우선 점검 후보
2022-08-30,AST-4055,A2,12,7.814919686057833,0.2047695127006031,0.1470323956164561,MRO-20031;MRO-70004;MRO-10047,MRO-20031;MRO-10047;MRO-10046,Screw Compressor,DHR-03,train,12,high_risk,risk,approved_on_validation,우선 점검 후보
2022-08-30,AST-4061,A2,5,6.646509792701604,0.1350416540335599,0.089109294908137,MRO-50009;MRO-20031;MRO-10046,MRO-50009;MRO-20031;MRO-10046,Screw Compressor,DHR-03,train,12,caution,risk,approved_on_validation,우선 점검 후보
2022-08-30,AST-5003,A2,4,7.945945681681794,0.2144041010696912,0.1535476455514439,MRO-20031;MRO-10046;MRO-50009,MRO-20031;MRO-10046;MRO-50009,EOT Crane,DHR-03,train,12,caution,risk,approved_on_validation,우선 점검 후보
2022-08-30,AST-5007,A2,10,5.7751326142917,0.0898762909914985,0.0555799105165215,MRO-10047;MRO-10045;MRO-50009,MRO-10047;MRO-10045;MRO-50009,EOT Crane,PUN-01,train,12,risk,caution,approved_on_validation,우선 점검 후보
2022-08-31,AST-1041,A2,10,6.703177015817641,0.1394690062401062,0.0922884620747885,MRO-50009;MRO-10047;MRO-10045,MRO-50009;MRO-10047;MRO-10045,CNC Lathe,PUN-01,train,12,risk,risk,approved_on_validation,우선 점검 후보
2022-08-31,AST-1042,A2,10,6.3696600983612655,0.1204344976899408,0.0773392630554737,MRO-40022;MRO-10046;MRO-10045,MRO-10046;MRO-10045;MRO-10047,CNC Lathe,PUN-01,train,12,risk,risk,approved_on_validation,우선 점검 후보
2022-08-31,AST-2017,A2,10,8.23911873920039,0.2407472814709131,0.170843358469269,MRO-50009;MRO-20031;MRO-10045,MRO-50009;MRO-20031;MRO-10045,Hydraulic Press,PUN-01,train,12,risk,risk,approved_on_validation,우선 점검 후보
2022-08-31,AST-2031,A2,11,7.184735293393104,0.1645017320403376,0.114471521995404,MRO-10046;MRO-20031;MRO-10047,MRO-10046;MRO-20031;MRO-10047,Hydraulic Press,CHN-02,train,12,risk,risk,approved_on_validation,우선 점검 후보
2022-08-31,AST-3008,A2,4,6.445651002049604,0.1243103984689583,0.0809734794752973,MRO-20031;MRO-50009;MRO-50008,MRO-20031;MRO-50009;MRO-10045,Belt Conveyor,CHN-02,train,12,caution,risk,approved_on_validation,우선 점검 후보
2022-08-31,AST-3019,A2,11,6.006622662075168,0.102154798104675,0.0642391567502993,MRO-10045;MRO-20031;MRO-50009,MRO-10045;MRO-20031;MRO-50009,Belt Conveyor,CHN-02,train,12,risk,risk,approved_on_validation,우선 점검 후보
2022-08-31,AST-4055,A2,9,8.373486020676319,0.2471226235538669,0.1786214529731749,MRO-10047;MRO-20031;MRO-80001,MRO-10047;MRO-20031;MRO-80001,Screw Compressor,DHR-03,train,12,risk,risk,approved_on_validation,우선 점검 후보
2022-08-31,AST-4061,A2,6,6.353291789691578,0.1195252284165562,0.0762701701154253,MRO-20031;MRO-40022;MRO-50009,MRO-20031;MRO-50009;MRO-10046,Screw Compressor,DHR-03,train,12,risk,risk,approved_on_validation,우선 점검 후보
2022-08-31,AST-5003,A2,19,7.947122018866373,0.2170752342328159,0.1538023134732619,MRO-80001;MRO-20031;MRO-10045,MRO-80001;MRO-20031;MRO-10045,EOT Crane,DHR-03,train,12,high_risk,risk,approved_on_validation,우선 점검 후보
2022-08-31,AST-5007,A2,5,5.273881992823195,0.0683986755944326,0.0404927019765177,MRO-50009;MRO-10046;MRO-10045,MRO-50009;MRO-10046;MRO-10045,EOT Crane,PUN-01,train,12,caution,caution,approved_on_validation,우선 점검 후보
2022-09-01,AST-1041,A2,7,6.344839501465115,0.1178392770639485,0.0769600703648923,MRO-50009;MRO-10045;MRO-80001,MRO-50009;MRO-10045;MRO-80001,CNC Lathe,PUN-01,train,12,risk,risk,approved_on_validation,우선 점검 후보
2022-09-01,AST-1042,A2,10,6.373596518252211,0.1206975860579663,0.0773697039469351,MRO-20031;MRO-10045;MRO-80001,MRO-20031;MRO-10045;MRO-80001,CNC Lathe,PUN-01,train,12,risk,risk,approved_on_validation,우선 점검 후보
2022-09-01,AST-2017,A2,9,8.413091486000875,0.2507944575553697,0.1818796799225405,MRO-10045;MRO-50009;MRO-20031,MRO-10045;MRO-50009;MRO-20031,Hydraulic Press,PUN-01,train,12,risk,risk,approved_on_validation,우선 점검 후보
2022-09-01,AST-2031,A2,4,7.646710878566696,0.1967827533517368,0.1376005592735215,MRO-20031;MRO-10047;MRO-50009,MRO-20031;MRO-10047;MRO-50009,Hydraulic Press,CHN-02,train,12,caution,risk,approved_on_validation,우선 점검 후보
2022-09-01,AST-3008,A2,6,6.308057722627924,0.1187079981746317,0.0759170776767562,MRO-20031;MRO-50009;MRO-10045,MRO-20031;MRO-50009;MRO-10045,Belt Conveyor,CHN-02,train,12,risk,risk,approved_on_validation,우선 점검 후보
2022-09-01,AST-3019,A2,6,5.977438343989733,0.1026489490717562,0.0627537064752482,MRO-10045;MRO-10046;MRO-10047,MRO-10045;MRO-10046;MRO-10047,Belt Conveyor,CHN-02,train,12,risk,risk,approved_on_validation,우선 점검 후보
2022-09-01,AST-4055,A2,15,8.405395501276946,0.2481898288658132,0.1811850796193361,MRO-80001;MRO-10046;MRO-40022,MRO-80001;MRO-10046;MRO-10047,Screw Compressor,DHR-03,train,12,high_risk,risk,approved_on_validation,우선 점검 후보
2022-09-01,AST-4061,A2,2,6.623562770273455,0.1337211065310534,0.088338537800785,MRO-10046;MRO-50009;MRO-10045,MRO-10046;MRO-50009;MRO-10045,Screw Compressor,DHR-03,train,12,caution,risk,approved_on_validation,우선 점검 후보
2022-09-01,AST-5003,A2,7,7.666217009442479,0.1981169510787239,0.1368256885185751,MRO-20031;MRO-50009;MRO-10047,MRO-20031;MRO-50009;MRO-10047,EOT Crane,DHR-03,train,12,risk,risk,approved_on_validation,우선 점검 후보
2022-09-01,AST-5007,A2,20,9.991105258693809,0.36920875076303,0.2862819347599467,MRO-10046;MRO-80001;MRO-10045,MRO-10046;MRO-80001;MRO-10045,EOT Crane,PUN-01,train,12,high_risk,risk,approved_on_validation,우선 점검 후보
2022-09-02,AST-1041,A2,5,6.7005833599057,0.1343371311611826,0.0917825372813426,MRO-70004;MRO-20033;MRO-10047,MRO-10047;MRO-80001;MRO-50009,CNC Lathe,PUN-01,train,12,caution,risk,approved_on_validation,우선 점검 후보
2022-09-02,AST-1042,A2,8,6.27198690121704,0.1148249305312166,0.0735552574032627,MRO-10045;MRO-50009;MRO-80001,MRO-10045;MRO-50009;MRO-80001,CNC Lathe,PUN-01,train,12,risk,risk,approved_on_validation,우선 점검 후보
2022-09-02,AST-2017,A2,4,9.464672213849342,0.3222190282357013,0.2505494192618755,MRO-50009;MRO-20031;MRO-10045,MRO-50009;MRO-20031;MRO-10045,Hydraulic Press,PUN-01,train,12,caution,risk,approved_on_validation,우선 점검 후보
2022-09-02,AST-2031,A2,14,8.0712523563288,0.2271070913304944,0.1609195873804462,MRO-10045;MRO-10046;MRO-80001,MRO-10045;MRO-10046;MRO-80001,Hydraulic Press,CHN-02,train,12,high_risk,risk,approved_on_validation,우선 점검 후보
2022-09-02,AST-3008,A2,10,6.498806799245698,0.1278990180287839,0.0837953082765621,MRO-50009;MRO-20031;MRO-10045,MRO-50009;MRO-20031;MRO-10045,Belt Conveyor,CHN-02,train,12,risk,risk,approved_on_validation,우선 점검 후보
2022-09-02,AST-3019,A2,8,5.627226428741651,0.0845782296803251,0.0529191505655569,MRO-20031;MRO-50009;MRO-80001,MRO-20031;MRO-50009;MRO-80001,Belt Conveyor,CHN-02,train,12,risk,caution,approved_on_validation,우선 점검 후보
2022-09-02,AST-4055,A2,5,7.4688315694620835,0.1862508415374917,0.1285870999787791,MRO-10046;MRO-20031;MRO-10047,MRO-10046;MRO-20031;MRO-10047,Screw Compressor,DHR-03,train,12,caution,risk,approved_on_validation,우선 점검 후보
2022-09-02,AST-4061,A2,0,6.248276208960526,0.1152286025605845,0.073894638310882,MRO-80001;MRO-50009;MRO-10045,MRO-80001;MRO-50009;MRO-10045,Screw Compressor,DHR-03,train,12,normal,risk,approved_on_validation,우선 점검 후보
2022-09-02,AST-5003,A2,17,8.051536194765559,0.2250962929580423,0.1593611718983821,MRO-80001;MRO-10045;MRO-20031,MRO-80001;MRO-10045;MRO-20031,EOT Crane,DHR-03,train,12,high_risk,risk,approved_on_validation,우선 점검 후보
2022-09-02,AST-5007,A2,10,5.2462350085047085,0.0672767583810421,0.0399421470095232,MRO-50009;MRO-20031;MRO-10046,MRO-50009;MRO-20031;MRO-10046,EOT Crane,PUN-01,train,12,risk,caution,approved_on_validation,우선 점검 후보
2022-09-03,AST-1041,A2,0,0.0032189294847267,6.423197062134821e-12,6.468845487472591e-15,MRO-20031;MRO-50009;MRO-80001,MRO-20031;MRO-50009;MRO-80001,CNC Lathe,PUN-01,train,12,normal,normal,approved_on_validation,우선 점검 후보
2022-09-03,AST-1042,A2,0,0.003049850923427,4.852681223250192e-12,4.771068616178731e-15,MRO-30011;MRO-70005;MRO-60016,MRO-80001;MRO-10045;MRO-10046,CNC Lathe,PUN-01,train,12,normal,normal,approved_on_validation,우선 점검 후보
2022-09-03,AST-2017,A2,0,0.0032443905579495,6.468576960452419e-12,6.608072719059228e-15,MRO-20032;MRO-20033;MRO-80002,MRO-10046;MRO-10047;MRO-50009,Hydraulic Press,PUN-01,train,12,normal,normal,approved_on_validation,우선 점검 후보
2022-09-03,AST-2031,A2,0,0.0032205135710126,6.486934542541796e-12,6.533909590229579e-15,MRO-10046;MRO-50009;MRO-80001,MRO-10046;MRO-50009;MRO-80001,Hydraulic Press,CHN-02,train,12,normal,normal,approved_on_validation,우선 점검 후보
2022-09-03,AST-3008,A2,0,0.0032966503115964,5.457591421874607e-12,6.4400511959219764e-15,MRO-20032;MRO-90011;MRO-90012,MRO-10046;MRO-10047;MRO-20031,Belt Conveyor,CHN-02,train,12,normal,normal,approved_on_validation,우선 점검 후보
2022-09-03,AST-3019,A2,0,0.0031542462335844,6.511749396225224e-12,6.2553038788395925e-15,MRO-10045;MRO-10047;MRO-50009,MRO-10045;MRO-10047;MRO-50009,Belt Conveyor,CHN-02,train,12,normal,normal,approved_on_validation,우선 점검 후보
2022-09-03,AST-4055,A2,0,0.0032381685376503,6.895765102561259e-12,6.892318537901944e-15,MRO-20031;MRO-10046;MRO-50009,MRO-20031;MRO-10046;MRO-50009,Screw Compressor,DHR-03,train,12,normal,normal,approved_on_validation,우선 점검 후보
2022-09-03,AST-4061,A2,0,0.0032366224823161,6.574248809553929e-12,6.654020690769448e-15,MRO-10045;MRO-10046;MRO-10047,MRO-10045;MRO-10046;MRO-10047,Screw Compressor,DHR-03,train,12,normal,normal,approved_on_validation,우선 점검 후보
2022-09-03,AST-5003,A2,0,0.0031686508297076,5.711461882942469e-12,5.786184795133561e-15,MRO-20031;MRO-10046;MRO-10047,MRO-20031;MRO-10046;MRO-10047,EOT Crane,DHR-03,train,12,normal,normal,approved_on_validation,우선 점검 후보
2022-09-03,AST-5007,A2,0,0.0038039196361787,1.3175946264838104e-11,1.4030301942768143e-14,MRO-50009;MRO-10045;MRO-40022,MRO-50009;MRO-10045;MRO-10047,EOT Crane,PUN-01,train,12,normal,normal,approved_on_validation,우선 점검 후보
2022-09-04,AST-1041,A2,0,0.0032320123173359,6.5158964293523094e-12,6.5939589385867065e-15,MRO-10046;MRO-20031;MRO-50009,MRO-10046;MRO-20031;MRO-50009,CNC Lathe,PUN-01,train,12,normal,normal,approved_on_validation,우선 점검 후보
2022-09-04,AST-1042,A2,0,0.0032421163598666,6.567288024122186e-12,6.685787918676004e-15,MRO-70005;MRO-10045;MRO-10046,MRO-10045;MRO-10046;MRO-10047,CNC Lathe,PUN-01,train,12,normal,normal,approved_on_validation,우선 점검 후보
2022-09-04,AST-2017,A2,0,0.0032092822240989,5.923288647611609e-12,6.059280841302391e-15,MRO-20033;MRO-80002;MRO-10047,MRO-10047;MRO-50009;MRO-10045,Hydraulic Press,PUN-01,train,12,normal,normal,approved_on_validation,우선 점검 후보
2022-09-04,AST-2031,A2,0,0.0032130001310167,6.45129462015366e-12,6.470059957337665e-15,MRO-90011;MRO-90012;MRO-10046,MRO-10046;MRO-50009;MRO-80001,Hydraulic Press,CHN-02,train,12,normal,normal,approved_on_validation,우선 점검 후보
2022-09-04,AST-3008,A2,0,0.0034014524242815,6.481717877210141e-12,7.709567344260936e-15,MRO-20032;MRO-90011;MRO-90012,MRO-10046;MRO-10047;MRO-20031,Belt Conveyor,CHN-02,train,12,normal,normal,approved_on_validation,우선 점검 후보
2022-09-04,AST-3019,A2,0,0.0031957589595267,6.519156398579658e-12,6.42750655560345e-15,MRO-10045;MRO-10046;MRO-20031,MRO-10045;MRO-10046;MRO-20031,Belt Conveyor,CHN-02,train,12,normal,normal,approved_on_validation,우선 점검 후보
2022-09-04,AST-4055,A2,0,0.0032500685641839,6.6477860242038266e-12,6.7585193517490886e-15,MRO-10045;MRO-10046;MRO-20031,MRO-10045;MRO-10046;MRO-20031,Screw Compressor,DHR-03,train,12,normal,normal,approved_on_validation,우선 점검 후보
2022-09-04,AST-4061,A2,0,0.0032507661067442,6.657241940007026e-12,6.7681510634440515e-15,MRO-10045;MRO-10046;MRO-10047,MRO-10045;MRO-10046;MRO-10047,Screw Compressor,DHR-03,train,12,normal,normal,approved_on_validation,우선 점검 후보
2022-09-04,AST-5003,A2,0,0.0035640530043839,1.1660357462948732e-11,1.1399722971603964e-14,MRO-20033;MRO-20031;MRO-10045,MRO-20031;MRO-10045;MRO-80001,EOT Crane,DHR-03,train,12,normal,normal,approved_on_validation,우선 점검 후보
2022-09-04,AST-5007,A2,0,0.0032210095814043,6.560327310744808e-12,6.544053136046861e-15,MRO-10046;MRO-10047;MRO-20031,MRO-10046;MRO-10047;MRO-20031,EOT Crane,PUN-01,train,12,normal,normal,approved_on_validation,우선 점검 후보
2022-09-05,AST-1041,A2,9,6.389466877235635,0.118205444368853,0.0785879529005666,MRO-10045;MRO-50009;MRO-70004,MRO-10045;MRO-50009;MRO-80001,CNC Lathe,PUN-01,train,12,risk,risk,approved_on_validation,우선 점검 후보
2022-09-05,AST-1042,A2,8,6.114941827145437,0.1082820157857273,0.0680415325876006,MRO-10046;MRO-10045;MRO-20031,MRO-10046;MRO-10045;MRO-20031,CNC Lathe,PUN-01,train,12,risk,risk,approved_on_validation,우선 점검 후보
2022-09-05,AST-2017,A2,14,8.278464710549027,0.2401216166330219,0.1740351907758521,MRO-80001;MRO-10045;MRO-10047,MRO-80001;MRO-10045;MRO-10047,Hydraulic Press,PUN-01,train,12,high_risk,risk,approved_on_validation,우선 점검 후보
2022-09-05,AST-2031,A2,3,7.460353138183998,0.181689391730265,0.1279314227664526,MRO-10046;MRO-10047;MRO-10045,MRO-10046;MRO-10047;MRO-10045,Hydraulic Press,CHN-02,train,12,caution,risk,approved_on_validation,우선 점검 후보
2022-09-05,AST-3008,A2,4,6.143728547715138,0.1085548550211719,0.0695855915042118,MRO-50009;MRO-20031;MRO-10045,MRO-50009;MRO-20031;MRO-10045,Belt Conveyor,CHN-02,train,12,caution,risk,approved_on_validation,우선 점검 후보
2022-09-05,AST-3019,A2,4,5.79515904961427,0.0929780618284419,0.0573138361067223,MRO-10047;MRO-50009;MRO-40022,MRO-10047;MRO-50009;MRO-10046,Belt Conveyor,CHN-02,train,12,caution,caution,approved_on_validation,우선 점검 후보
2022-09-05,AST-4055,A2,10,7.772103061199078,0.2027418501411322,0.1451030033906276,MRO-10046;MRO-10045;MRO-10047,MRO-10046;MRO-10045;MRO-10047,Screw Compressor,DHR-03,train,12,risk,risk,approved_on_validation,우선 점검 후보
2022-09-05,AST-4061,A2,15,6.622253668645154,0.1337295900854152,0.0883384700277356,MRO-10045;MRO-50009;MRO-10046,MRO-10045;MRO-50009;MRO-10046,Screw Compressor,DHR-03,train,12,high_risk,risk,approved_on_validation,우선 점검 후보
2022-09-05,AST-5003,A2,5,7.317299637561634,0.1749103257822299,0.1195902210069743,MRO-50009;MRO-80001;MRO-10046,MRO-50009;MRO-80001;MRO-10046,EOT Crane,DHR-03,train,12,caution,risk,approved_on_validation,우선 점검 후보
2022-09-05,AST-5007,A2,6,5.446461644949897,0.0759201025700455,0.0458567473959045,MRO-10045;MRO-20031;MRO-10046,MRO-10045;MRO-20031;MRO-10046,EOT Crane,PUN-01,train,12,risk,caution,approved_on_validation,우선 점검 후보
2022-09-06,AST-1041,A2,8,6.278911423659287,0.1143128312383462,0.074366902494973,MRO-80001;MRO-10047;MRO-10045,MRO-80001;MRO-10047;MRO-10045,CNC Lathe,PUN-01,train,12,risk,risk,approved_on_validation,우선 점검 후보
2022-09-06,AST-1042,A2,10,6.281194773318364,0.1153729367822917,0.0747525850012707,MRO-10045;MRO-10046;MRO-80001,MRO-10045;MRO-10046;MRO-80001,CNC Lathe,PUN-01,train,12,risk,risk,approved_on_validation,우선 점검 후보
2022-09-06,AST-2017,A2,3,8.270541389969027,0.2396337503761126,0.1729219542077683,MRO-80001;MRO-20031;MRO-10045,MRO-80001;MRO-20031;MRO-10045,Hydraulic Press,PUN-01,train,12,caution,risk,approved_on_validation,우선 점검 후보
2022-09-06,AST-2031,A2,4,7.53643246545468,0.1890170704295054,0.1320379742532713,MRO-10047;MRO-20031;MRO-10046,MRO-10047;MRO-20031;MRO-10046,Hydraulic Press,CHN-02,train,12,caution,risk,approved_on_validation,우선 점검 후보
2022-09-06,AST-3008,A2,4,6.146845453860564,0.1077928948137118,0.0690177935432927,MRO-20031;MRO-10045;MRO-80001,MRO-20031;MRO-10045;MRO-80001,Belt Conveyor,CHN-02,train,12,caution,risk,approved_on_validation,우선 점검 후보
2022-09-06,AST-3019,A2,5,5.580905208462309,0.0848347934979416,0.0508886115123499,MRO-10047;MRO-50009;MRO-10046,MRO-10047;MRO-50009;MRO-10046,Belt Conveyor,CHN-02,train,12,caution,caution,approved_on_validation,우선 점검 후보
2022-09-06,AST-4055,A2,1,7.562742931947626,0.1879793593855487,0.133952691288311,MRO-10046;MRO-10045;MRO-20031,MRO-10046;MRO-10045;MRO-20031,Screw Compressor,DHR-03,train,12,caution,risk,approved_on_validation,우선 점검 후보
2022-09-06,AST-4061,A2,4,6.658598387527737,0.1362444745885388,0.0899492929585772,MRO-50009;MRO-10047;MRO-80001,MRO-50009;MRO-10047;MRO-80001,Screw Compressor,DHR-03,train,12,caution,risk,approved_on_validation,우선 점검 후보
2022-09-06,AST-5003,A2,6,7.711621342030642,0.1979096590624572,0.1398195306391197,MRO-20031;MRO-10046;MRO-50009,MRO-20031;MRO-10046;MRO-50009,EOT Crane,DHR-03,train,12,risk,risk,approved_on_validation,우선 점검 후보
2022-09-06,AST-5007,A2,5,5.26864368493724,0.0672877790910801,0.0406615442660077,MRO-10045;MRO-20031;MRO-10046,MRO-10045;MRO-20031;MRO-10046,EOT Crane,PUN-01,train,12,caution,caution,approved_on_validation,우선 점검 후보
2022-09-07,AST-1041,A2,6,6.623264636069393,0.1317603175832594,0.0878024513103951,MRO-10045;MRO-50009;MRO-10047,MRO-10045;MRO-50009;MRO-10047,CNC Lathe,PUN-01,train,12,risk,risk,approved_on_validation,우선 점검 후보
2022-09-07,AST-1042,A2,17,10.968921407906656,0.4422675653743378,0.3614727884951942,MRO-80001;MRO-10047;MRO-20031,MRO-80001;MRO-10047;MRO-20031,CNC Lathe,PUN-01,train,12,high_risk,high_risk,approved_on_validation,우선 점검 후보
2022-09-07,AST-2017,A2,6,8.529862637302678,0.2591224257687265,0.189251409478503,MRO-20031;MRO-10046;MRO-80001,MRO-20031;MRO-10046;MRO-80001,Hydraulic Press,PUN-01,train,12,risk,risk,approved_on_validation,우선 점검 후보
2022-09-07,AST-2031,A2,0,7.250644988114751,0.1694875659071309,0.1174240679435011,MRO-10047;MRO-10045;MRO-20031,MRO-10047;MRO-10045;MRO-20031,Hydraulic Press,CHN-02,train,12,normal,risk,approved_on_validation,우선 점검 후보
2022-09-07,AST-3008,A2,8,6.36109269440717,0.119081858091094,0.0775846779141698,MRO-50009;MRO-80001;MRO-10045,MRO-50009;MRO-80001;MRO-10045,Belt Conveyor,CHN-02,train,12,risk,risk,approved_on_validation,우선 점검 후보
2022-09-07,AST-3019,A2,0,5.673819393391587,0.0875591437332869,0.0536411580281703,MRO-10047;MRO-50009;MRO-10046,MRO-10047;MRO-50009;MRO-10046,Belt Conveyor,CHN-02,train,12,normal,caution,approved_on_validation,우선 점검 후보
2022-09-07,AST-4055,A2,9,7.539995663346314,0.190021000238468,0.132087498198478,MRO-20031;MRO-10046;MRO-80001,MRO-20031;MRO-10046;MRO-80001,Screw Compressor,DHR-03,train,12,risk,risk,approved_on_validation,우선 점검 후보
2022-09-07,AST-4061,A2,6,6.864461344789456,0.1474815177658156,0.0983335726791276,MRO-10045;MRO-10046;MRO-50009,MRO-10045;MRO-10046;MRO-50009,Screw Compressor,DHR-03,train,12,risk,risk,approved_on_validation,우선 점검 후보
2022-09-07,AST-5003,A2,7,7.240632742915354,0.1662161570612173,0.1125938862038439,MRO-30011;MRO-30012;MRO-60015,MRO-50009;MRO-20031;MRO-10046,EOT Crane,DHR-03,train,12,risk,risk,approved_on_validation,우선 점검 후보
2022-09-07,AST-5007,A2,6,5.630837074615988,0.0846390293228294,0.0512149676029958,MRO-10045;MRO-10047;MRO-10046,MRO-10045;MRO-10047;MRO-10046,EOT Crane,PUN-01,train,12,risk,caution,approved_on_validation,우선 점검 후보
2022-09-08,AST-1041,A2,5,6.219468763826733,0.1113840906352848,0.0724851100984036,MRO-50009;MRO-10047;MRO-80001,MRO-50009;MRO-10047;MRO-80001,CNC Lathe,PUN-01,train,12,caution,risk,approved_on_validation,우선 점검 후보
2022-09-08,AST-1042,A2,8,5.841114091563695,0.0951197363898246,0.0584921390138821,MRO-10047;MRO-80001;MRO-10045,MRO-10047;MRO-80001;MRO-10045,CNC Lathe,PUN-01,train,12,risk,risk,approved_on_validation,우선 점검 후보
2022-09-08,AST-2017,A2,20,9.107400491785922,0.3025046083295221,0.2268172076308405,MRO-20031;MRO-80001;MRO-10046,MRO-20031;MRO-80001;MRO-10046,Hydraulic Press,PUN-01,train,12,high_risk,risk,approved_on_validation,우선 점검 후보
2022-09-08,AST-2031,A2,12,7.500797586374368,0.1853921104701563,0.1295809701670352,MRO-20031;MRO-10047;MRO-50009,MRO-20031;MRO-10047;MRO-50009,Hydraulic Press,CHN-02,train,12,high_risk,risk,approved_on_validation,우선 점검 후보
2022-09-08,AST-3008,A2,0,6.125568883598339,0.1079255357303759,0.0683685604920671,MRO-50009;MRO-10046;MRO-20031,MRO-50009;MRO-10046;MRO-20031,Belt Conveyor,CHN-02,train,12,normal,risk,approved_on_validation,우선 점검 후보
2022-09-08,AST-3019,A2,12,5.719893610812445,0.08983581130325,0.0552142440275712,MRO-10047;MRO-10046;MRO-50009,MRO-10047;MRO-10046;MRO-50009,Belt Conveyor,CHN-02,train,12,high_risk,caution,approved_on_validation,우선 점검 후보
2022-09-08,AST-4055,A2,2,7.511514547766229,0.1890442987625993,0.1300324663957132,MRO-10046;MRO-80001;MRO-20031,MRO-10046;MRO-80001;MRO-20031,Screw Compressor,DHR-03,train,12,caution,risk,approved_on_validation,우선 점검 후보
2022-09-08,AST-4061,A2,0,6.448931055475264,0.1249512895164144,0.0812004789451133,MRO-10045;MRO-50009;MRO-10047,MRO-10045;MRO-50009;MRO-10047,Screw Compressor,DHR-03,train,12,normal,risk,approved_on_validation,우선 점검 후보
2022-09-08,AST-5003,A2,8,8.528364456469053,0.2557407936906443,0.1868126158508645,MRO-50009;MRO-10046;MRO-20031,MRO-50009;MRO-10046;MRO-20031,EOT Crane,DHR-03,train,12,risk,risk,approved_on_validation,우선 점검 후보
2022-09-08,AST-5007,A2,3,5.64008922324148,0.0824812640054693,0.0511081014071344,MRO-10045;MRO-10047;MRO-10046,MRO-10045;MRO-10047;MRO-10046,EOT Crane,PUN-01,train,12,caution,caution,approved_on_validation,우선 점검 후보
2022-09-09,AST-1041,A2,10,6.453446631817775,0.1255450774759993,0.081695812475388,MRO-50009;MRO-20031;MRO-80001,MRO-50009;MRO-20031;MRO-80001,CNC Lathe,PUN-01,train,12,risk,risk,approved_on_validation,우선 점검 후보
2022-09-09,AST-1042,A2,8,5.956374314263742,0.1010668634437466,0.0625287249278887,MRO-10046;MRO-10047;MRO-10045,MRO-10046;MRO-10047;MRO-10045,CNC Lathe,PUN-01,train,12,risk,risk,approved_on_validation,우선 점검 후보
2022-09-09,AST-2017,A2,2,8.391687653429987,0.2490416490001028,0.1799674880090663,MRO-80001;MRO-10045;MRO-50009,MRO-80001;MRO-10045;MRO-50009,Hydraulic Press,PUN-01,train,12,caution,risk,approved_on_validation,우선 점검 후보
2022-09-09,AST-2031,A2,6,7.660360256554033,0.1965860291532843,0.1387944125831998,MRO-10045;MRO-10046;MRO-20031,MRO-10045;MRO-10046;MRO-20031,Hydraulic Press,CHN-02,train,12,risk,risk,approved_on_validation,우선 점검 후보
2022-09-09,AST-3008,A2,17,6.5391145061260785,0.1301194172573056,0.085365683720636,MRO-10047;MRO-80001;MRO-50009,MRO-10047;MRO-80001;MRO-50009,Belt Conveyor,CHN-02,train,12,high_risk,risk,approved_on_validation,우선 점검 후보
2022-09-09,AST-3019,A2,14,7.838040054476112,0.2020989976958532,0.1451003343983575,MRO-40021;MRO-20033;MRO-10047,MRO-10047;MRO-50009;MRO-20031,Belt Conveyor,CHN-02,train,12,high_risk,risk,approved_on_validation,우선 점검 후보
2022-09-09,AST-4055,A2,10,8.500524627694888,0.2540952509234825,0.1872263255206964,MRO-20031;MRO-10046;MRO-80001,MRO-20031;MRO-10046;MRO-80001,Screw Compressor,DHR-03,train,12,risk,risk,approved_on_validation,우선 점검 후보
2022-09-09,AST-4061,A2,12,6.55719477817924,0.1312734058193079,0.0857663620517517,MRO-80001;MRO-10045;MRO-10047,MRO-80001;MRO-10045;MRO-10047,Screw Compressor,DHR-03,train,12,high_risk,risk,approved_on_validation,우선 점검 후보
2022-09-09,AST-5003,A2,11,9.347410027592504,0.3144519249007662,0.2410109877656065,MRO-20031;MRO-50009;MRO-10046,MRO-20031;MRO-50009;MRO-10046,EOT Crane,DHR-03,train,12,risk,risk,approved_on_validation,우선 점검 후보
2022-09-09,AST-5007,A2,3,5.424453208559608,0.0713200826147033,0.0437284025122575,MRO-60015;MRO-90011;MRO-20031,MRO-20031;MRO-10045;MRO-10047,EOT Crane,PUN-01,train,12,caution,caution,approved_on_validation,우선 점검 후보
2022-09-10,AST-1041,A2,0,0.0031593536297975,6.112100983049737e-12,6.059273681742853e-15,MRO-70004;MRO-80002;MRO-10046,MRO-10046;MRO-10047;MRO-20031,CNC Lathe,PUN-01,train,12,normal,normal,approved_on_validation,우선 점검 후보
2022-09-10,AST-1042,A2,0,0.00330321721153,7.332364524636767e-12,7.43099108210436e-15,MRO-80001;MRO-10045;MRO-10046,MRO-80001;MRO-10045;MRO-10046,CNC Lathe,PUN-01,train,12,normal,normal,approved_on_validation,우선 점검 후보
2022-09-10,AST-2017,A2,0,0.0033389785986762,7.564521259177511e-12,7.784090142364965e-15,MRO-10045;MRO-80001;MRO-10046,MRO-10045;MRO-80001;MRO-10046,Hydraulic Press,PUN-01,train,12,normal,normal,approved_on_validation,우선 점검 후보
2022-09-10,AST-2031,A2,0,0.0034659200061058,9.947166141228671e-12,9.980704889784726e-15,MRO-80001;MRO-10045;MRO-10046,MRO-80001;MRO-10045;MRO-10046,Hydraulic Press,CHN-02,train,12,normal,normal,approved_on_validation,우선 점검 후보
2022-09-10,AST-3008,A2,0,0.0030187865442769,4.9553202954983536e-12,4.763502032213662e-15,MRO-10046;MRO-10047;MRO-80001,MRO-10046;MRO-10047;MRO-80001,Belt Conveyor,CHN-02,train,12,normal,normal,approved_on_validation,우선 점검 후보
2022-09-10,AST-3019,A2,0,0.0032086032268408,6.491263366638925e-12,6.4775978429366836e-15,MRO-90011;MRO-10046;MRO-20031,MRO-10046;MRO-20031;MRO-80001,Belt Conveyor,CHN-02,train,12,normal,normal,approved_on_validation,우선 점검 후보
2022-09-10,AST-4055,A2,0,0.0031869987280849,6.096021685176007e-12,6.112863560014843e-15,MRO-10045;MRO-10046;MRO-20031,MRO-10045;MRO-10046;MRO-20031,Screw Compressor,DHR-03,train,12,normal,normal,approved_on_validation,우선 점검 후보
2022-09-10,AST-4061,A2,0,0.003270558573337,6.8880059318916075e-12,6.984189897229708e-15,MRO-20031;MRO-50009;MRO-40021,MRO-20031;MRO-50009;MRO-10045,Screw Compressor,DHR-03,train,12,normal,normal,approved_on_validation,우선 점검 후보
2022-09-10,AST-5003,A2,0,0.0032778406662848,6.902579421668766e-12,7.021973705167511e-15,MRO-20031;MRO-60016;MRO-80002,MRO-20031;MRO-10045;MRO-10046,EOT Crane,DHR-03,train,12,normal,normal,approved_on_validation,우선 점검 후보
2022-09-10,AST-5007,A2,0,0.0033732486711351,6.8786494103295104e-12,7.551469815908283e-15,MRO-70004;MRO-60015;MRO-50009,MRO-50009;MRO-10045;MRO-10046,EOT Crane,PUN-01,train,12,normal,normal,approved_on_validation,우선 점검 후보
2022-09-11,AST-1041,A2,0,0.0032161148841116,6.514880122736531e-12,6.531681266547067e-15,MRO-10046;MRO-10047;MRO-20031,MRO-10046;MRO-10047;MRO-20031,CNC Lathe,PUN-01,train,12,normal,normal,approved_on_validation,우선 점검 후보
2022-09-11,AST-1042,A2,0,0.003360337688327,8.041128237488114e-12,8.164122842491233e-15,MRO-80001;MRO-10045;MRO-10046,MRO-80001;MRO-10045;MRO-10046,CNC Lathe,PUN-01,train,12,normal,normal,approved_on_validation,우선 점검 후보
2022-09-11,AST-2017,A2,0,0.0032238369317552,6.457299251236664e-12,6.512766538772364e-15,MRO-10047;MRO-50009;MRO-20033,MRO-10047;MRO-50009;MRO-10045,Hydraulic Press,PUN-01,train,12,normal,normal,approved_on_validation,우선 점검 후보
2022-09-11,AST-2031,A2,0,0.0033157076877565,7.711605542729294e-12,7.724243226454205e-15,MRO-10045;MRO-10046;MRO-10047,MRO-10045;MRO-10046;MRO-10047,Hydraulic Press,CHN-02,train,12,normal,normal,approved_on_validation,우선 점검 후보
2022-09-11,AST-3008,A2,0,0.0034921051836221,7.427099482177429e-12,8.75741039035259e-15,MRO-20032;MRO-70004;MRO-90011,MRO-10046;MRO-10047;MRO-10045,Belt Conveyor,CHN-02,train,12,normal,normal,approved_on_validation,우선 점검 후보
2022-09-11,AST-3019,A2,0,0.0031988314180965,6.519163733596808e-12,6.446303252823264e-15,MRO-10045;MRO-10046;MRO-20031,MRO-10045;MRO-10046;MRO-20031,Belt Conveyor,CHN-02,train,12,normal,normal,approved_on_validation,우선 점검 후보
2022-09-11,AST-4055,A2,0,0.0032493373988532,6.647774364447258e-12,6.7556080790411866e-15,MRO-10045;MRO-10046;MRO-20031,MRO-10045;MRO-10046;MRO-20031,Screw Compressor,DHR-03,train,12,normal,normal,approved_on_validation,우선 점검 후보
2022-09-11,AST-4061,A2,0,0.0032414393923417,6.628842757282814e-12,6.696606588627573e-15,MRO-10045;MRO-10046;MRO-10047,MRO-10045;MRO-10046;MRO-10047,Screw Compressor,DHR-03,train,12,normal,normal,approved_on_validation,우선 점검 후보
2022-09-11,AST-5003,A2,0,0.0039601445076514,2.223929502243589e-11,2.0911522875471462e-14,MRO-20031;MRO-50009;MRO-10045,MRO-20031;MRO-50009;MRO-10045,EOT Crane,DHR-03,train,12,normal,normal,approved_on_validation,우선 점검 후보
2022-09-11,AST-5007,A2,0,0.0031748456336249,5.974798847391572e-12,5.966835796474986e-15,MRO-10045;MRO-10046;MRO-10047,MRO-10045;MRO-10046;MRO-10047,EOT Crane,PUN-01,train,12,normal,normal,approved_on_validation,우선 점검 후보
2022-09-12,AST-1041,A2,4,6.387282742305333,0.1153728960458081,0.0783864534075612,MRO-70004;MRO-50009;MRO-10045,MRO-50009;MRO-10045;MRO-10047,CNC Lathe,PUN-01,train,12,caution,risk,approved_on_validation,우선 점검 후보
2022-09-12,AST-1042,A2,4,6.426497034339695,0.1236065367788749,0.0800485479000919,MRO-80001;MRO-50009;MRO-10045,MRO-80001;MRO-50009;MRO-10045,CNC Lathe,PUN-01,train,12,caution,risk,approved_on_validation,우선 점검 후보
2022-09-12,AST-2017,A2,4,7.93170395871251,0.2158867376347144,0.153165703484478,MRO-80001;MRO-10045;MRO-10046,MRO-80001;MRO-10045;MRO-10046,Hydraulic Press,PUN-01,train,12,caution,risk,approved_on_validation,우선 점검 후보
2022-09-12,AST-2031,A2,12,7.753346852653957,0.2016666511110944,0.141765051996696,MRO-50009;MRO-10047;MRO-80001,MRO-50009;MRO-10047;MRO-80001,Hydraulic Press,CHN-02,train,12,high_risk,risk,approved_on_validation,우선 점검 후보
2022-09-12,AST-3008,A2,4,5.844359796592557,0.0916503166043353,0.0583723238220399,MRO-50009;MRO-10046;MRO-80001,MRO-50009;MRO-10046;MRO-80001,Belt Conveyor,CHN-02,train,12,caution,caution,approved_on_validation,우선 점검 후보
2022-09-12,AST-3019,A2,0,5.331480659236062,0.074931392681027,0.0442392490634363,MRO-50009;MRO-10047;MRO-10045,MRO-50009;MRO-10047;MRO-10045,Belt Conveyor,CHN-02,train,12,normal,caution,approved_on_validation,우선 점검 후보
2022-09-12,AST-4055,A2,12,8.257418366762636,0.2370216867570412,0.171489966959167,MRO-20031;MRO-10047;MRO-10045,MRO-20031;MRO-10047;MRO-10045,Screw Compressor,DHR-03,train,12,high_risk,risk,approved_on_validation,우선 점검 후보
2022-09-12,AST-4061,A2,4,6.680859612813465,0.1364642333924833,0.0914573171876631,MRO-20031;MRO-50009;MRO-10046,MRO-20031;MRO-50009;MRO-10046,Screw Compressor,DHR-03,train,12,caution,risk,approved_on_validation,우선 점검 후보
2022-09-12,AST-5003,A2,2,8.136204209541043,0.2278287486098681,0.164433784985015,MRO-10045;MRO-10046;MRO-50009,MRO-10045;MRO-10046;MRO-50009,EOT Crane,DHR-03,train,12,caution,risk,approved_on_validation,우선 점검 후보
2022-09-12,AST-5007,A2,3,5.265011455659078,0.069116944313607,0.0403894256488541,MRO-50009;MRO-10045;MRO-10047,MRO-50009;MRO-10045;MRO-10047,EOT Crane,PUN-01,train,12,caution,caution,approved_on_validation,우선 점검 후보
2022-09-13,AST-1041,A2,6,6.406509641401894,0.1205664182075583,0.079571702195425,MRO-10045;MRO-50009;MRO-10047,MRO-10045;MRO-50009;MRO-10047,CNC Lathe,PUN-01,train,12,risk,risk,approved_on_validation,우선 점검 후보
2022-09-13,AST-1042,A2,7,6.517878565400146,0.1282632049409246,0.082886263031589,MRO-40022;MRO-80001;MRO-50009,MRO-80001;MRO-50009;MRO-10045,CNC Lathe,PUN-01,train,12,risk,risk,approved_on_validation,우선 점검 후보
2022-09-13,AST-2017,A2,12,8.605728428453348,0.2644911697546349,0.1936278865666068,MRO-10045;MRO-10046;MRO-10047,MRO-10045;MRO-10046;MRO-10047,Hydraulic Press,PUN-01,train,12,high_risk,risk,approved_on_validation,우선 점검 후보
2022-09-13,AST-2031,A2,6,7.414193251680421,0.1799491487704938,0.1253129180637399,MRO-10045;MRO-50009;MRO-10047,MRO-10045;MRO-50009;MRO-10047,Hydraulic Press,CHN-02,train,12,risk,risk,approved_on_validation,우선 점검 후보
2022-09-13,AST-3008,A2,5,6.558035713348896,0.1299002458343686,0.0859314323037841,MRO-10045;MRO-10047;MRO-80001,MRO-10045;MRO-10047;MRO-80001,Belt Conveyor,CHN-02,train,12,caution,risk,approved_on_validation,우선 점검 후보
2022-09-13,AST-3019,A2,2,5.518302515380922,0.0817727760547046,0.0490565209762936,MRO-10047;MRO-50009;MRO-10045,MRO-10047;MRO-50009;MRO-10045,Belt Conveyor,CHN-02,train,12,caution,caution,approved_on_validation,우선 점검 후보
2022-09-13,AST-4055,A2,9,8.486009233459237,0.2529156864512493,0.1859753467747033,MRO-10045;MRO-10046;MRO-10047,MRO-10045;MRO-10046;MRO-10047,Screw Compressor,DHR-03,train,12,risk,risk,approved_on_validation,우선 점검 후보
2022-09-13,AST-4061,A2,9,6.909154644652048,0.148632686899835,0.1012410676311769,MRO-50009;MRO-20031;MRO-10047,MRO-50009;MRO-20031;MRO-10047,Screw Compressor,DHR-03,train,12,risk,risk,approved_on_validation,우선 점검 후보
2022-09-13,AST-5003,A2,12,8.25107305586966,0.2366696131096399,0.1707221597054948,MRO-20031;MRO-50009;MRO-10045,MRO-20031;MRO-50009;MRO-10045,EOT Crane,DHR-03,train,12,high_risk,risk,approved_on_validation,우선 점검 후보
2022-09-13,AST-5007,A2,20,6.108050211204048,0.1086703095759945,0.0674962968610688,MRO-10045;MRO-10047;MRO-10046,MRO-10045;MRO-10047;MRO-10046,EOT Crane,PUN-01,train,12,high_risk,risk,approved_on_validation,우선 점검 후보
2022-09-14,AST-1041,A2,10,6.097806459852944,0.1031924709385211,0.0671034584194099,MRO-50009;MRO-10045;MRO-10047,MRO-50009;MRO-10045;MRO-10047,CNC Lathe,PUN-01,train,12,risk,risk,approved_on_validation,우선 점검 후보
2022-09-14,AST-1042,A2,8,5.9633555800979545,0.1021373034148835,0.0626016706422505,MRO-80001;MRO-10047;MRO-50009,MRO-80001;MRO-10047;MRO-50009,CNC Lathe,PUN-01,train,12,risk,risk,approved_on_validation,우선 점검 후보
2022-09-14,AST-2017,A2,12,8.446308043145374,0.253213025257692,0.1844724267990295,MRO-80001;MRO-10045;MRO-20031,MRO-80001;MRO-10045;MRO-20031,Hydraulic Press,PUN-01,train,12,high_risk,risk,approved_on_validation,우선 점검 후보
2022-09-14,AST-2031,A2,7,8.044451673288226,0.2206184874584665,0.1591590869875518,MRO-10045;MRO-10047;MRO-80001,MRO-10045;MRO-10047;MRO-80001,Hydraulic Press,CHN-02,train,12,risk,risk,approved_on_validation,우선 점검 후보
2022-09-14,AST-3008,A2,8,6.534230815136651,0.1307441471379176,0.085353323446139,MRO-50009;MRO-10045;MRO-20031,MRO-50009;MRO-10045;MRO-20031,Belt Conveyor,CHN-02,train,12,risk,risk,approved_on_validation,우선 점검 후보
2022-09-14,AST-3019,A2,8,5.7619028055150014,0.0902826999145378,0.0560770039460769,MRO-40022;MRO-10047;MRO-50009,MRO-10047;MRO-50009;MRO-10045,Belt Conveyor,CHN-02,train,12,risk,caution,approved_on_validation,우선 점검 후보
2022-09-14,AST-4055,A2,4,7.737929417143681,0.201166440932854,0.1426256703325461,MRO-10046;MRO-20031;MRO-10047,MRO-10046;MRO-20031;MRO-10047,Screw Compressor,DHR-03,train,12,caution,risk,approved_on_validation,우선 점검 후보
2022-09-14,AST-4061,A2,6,6.624105066453336,0.1336996259751193,0.0891097145126185,MRO-20031;MRO-50009;MRO-10046,MRO-20031;MRO-50009;MRO-10046,Screw Compressor,DHR-03,train,12,risk,risk,approved_on_validation,우선 점검 후보
2022-09-14,AST-5003,A2,8,8.346913718511399,0.2429996515814788,0.1761459688178505,MRO-80001;MRO-10046;MRO-50009,MRO-80001;MRO-10046;MRO-50009,EOT Crane,DHR-03,train,12,risk,risk,approved_on_validation,우선 점검 후보
2022-09-14,AST-5007,A2,8,6.021833356766196,0.1040150339296422,0.0646778601689053,MRO-50009;MRO-10045;MRO-10047,MRO-50009;MRO-10045;MRO-10047,EOT Crane,PUN-01,train,12,risk,risk,approved_on_validation,우선 점검 후보
2022-09-15,AST-1041,A2,0,6.434115948303423,0.1242145928915858,0.0809127934055086,MRO-50009;MRO-80001;MRO-10045,MRO-50009;MRO-80001;MRO-10045,CNC Lathe,PUN-01,train,12,normal,risk,approved_on_validation,우선 점검 후보
2022-09-15,AST-1042,A2,1,5.956618201875268,0.099933092589138,0.0627483957997046,MRO-80001;MRO-10045;MRO-10047,MRO-80001;MRO-10045;MRO-10047,CNC Lathe,PUN-01,train,12,caution,risk,approved_on_validation,우선 점검 후보
2022-09-15,AST-2017,A2,8,8.276180743155,0.2415166022853264,0.1728845101386091,MRO-80001;MRO-10047;MRO-50009,MRO-80001;MRO-10047;MRO-50009,Hydraulic Press,PUN-01,train,12,risk,risk,approved_on_validation,우선 점검 후보
2022-09-15,AST-2031,A2,6,7.700115640784669,0.200750474674261,0.1405877983743065,MRO-10046;MRO-10045;MRO-80001,MRO-10046;MRO-10045;MRO-80001,Hydraulic Press,CHN-02,train,12,risk,risk,approved_on_validation,우선 점검 후보
2022-09-15,AST-3008,A2,12,6.500007885851519,0.128198398606124,0.0833203042730466,MRO-10046;MRO-10045;MRO-20031,MRO-10046;MRO-10045;MRO-20031,Belt Conveyor,CHN-02,train,12,high_risk,risk,approved_on_validation,우선 점검 후보
2022-09-15,AST-3019,A2,4,5.229362059644611,0.070377961259941,0.0409519460986671,MRO-10045;MRO-10047;MRO-10046,MRO-10045;MRO-10047;MRO-10046,Belt Conveyor,CHN-02,train,12,caution,caution,approved_on_validation,우선 점검 후보
2022-09-15,AST-4055,A2,6,8.070455138720494,0.2269309578161571,0.1610016807974914,MRO-10046;MRO-20031;MRO-80001,MRO-10046;MRO-20031;MRO-80001,Screw Compressor,DHR-03,train,12,risk,risk,approved_on_validation,우선 점검 후보
2022-09-15,AST-4061,A2,5,6.381069977734914,0.1211866447112147,0.0784704375924449,MRO-20031;MRO-50009;MRO-10046,MRO-20031;MRO-50009;MRO-10046,Screw Compressor,DHR-03,train,12,caution,risk,approved_on_validation,우선 점검 후보
2022-09-15,AST-5003,A2,12,8.38864125098421,0.2446599762787259,0.1777809905693188,MRO-40021;MRO-80001;MRO-20031,MRO-80001;MRO-20031;MRO-50009,EOT Crane,DHR-03,train,12,high_risk,risk,approved_on_validation,우선 점검 후보
2022-09-15,AST-5007,A2,8,5.922460862940174,0.0982003307961033,0.0610444298517865,MRO-10045;MRO-80001;MRO-50009,MRO-10045;MRO-80001;MRO-50009,EOT Crane,PUN-01,train,12,risk,risk,approved_on_validation,우선 점검 후보
2022-09-16,AST-1041,A2,4,5.509382582457114,0.0788702266980818,0.048317199848836,MRO-50009;MRO-10045;MRO-80001,MRO-50009;MRO-10045;MRO-80001,CNC Lathe,PUN-01,train,12,caution,caution,approved_on_validation,우선 점검 후보
2022-09-16,AST-1042,A2,6,6.167517690691727,0.1114384398602886,0.0696251699593474,MRO-10045;MRO-80001;MRO-50009,MRO-10045;MRO-80001;MRO-50009,CNC Lathe,PUN-01,train,12,risk,risk,approved_on_validation,우선 점검 후보
2022-09-16,AST-2017,A2,12,8.513845454272127,0.2591286479085302,0.1889130637688524,MRO-80001;MRO-10045;MRO-50009,MRO-80001;MRO-10045;MRO-50009,Hydraulic Press,PUN-01,train,12,high_risk,risk,approved_on_validation,우선 점검 후보
2022-09-16,AST-2031,A2,5,7.864141344876829,0.2116064050369532,0.1496150819580701,MRO-80001;MRO-10045;MRO-50009,MRO-80001;MRO-10045;MRO-50009,Hydraulic Press,CHN-02,train,12,caution,risk,approved_on_validation,우선 점검 후보
2022-09-16,AST-3008,A2,16,6.2697775982359465,0.1154405151671199,0.0736198840255197,MRO-10045;MRO-50009;MRO-40022,MRO-10045;MRO-50009;MRO-20031,Belt Conveyor,CHN-02,train,12,high_risk,risk,approved_on_validation,우선 점검 후보
2022-09-16,AST-3019,A2,3,5.4670812826307245,0.0790846856754567,0.0471745753394271,MRO-10046;MRO-20031;MRO-50009,MRO-10046;MRO-20031;MRO-50009,Belt Conveyor,CHN-02,train,12,caution,caution,approved_on_validation,우선 점검 후보
2022-09-16,AST-4055,A2,11,8.390938643047372,0.2477155110318816,0.1801439787947361,MRO-10046;MRO-20031;MRO-10045,MRO-10046;MRO-20031;MRO-10045,Screw Compressor,DHR-03,train,12,risk,risk,approved_on_validation,우선 점검 후보
2022-09-16,AST-4061,A2,10,6.641351499147486,0.1362287029954717,0.0892779710993235,MRO-80001;MRO-20031;MRO-10047,MRO-80001;MRO-20031;MRO-10047,Screw Compressor,DHR-03,train,12,risk,risk,approved_on_validation,우선 점검 후보
2022-09-16,AST-5003,A2,9,7.179091114140776,0.1648782882240815,0.1122244345388869,MRO-20031;MRO-10045;MRO-10046,MRO-20031;MRO-10045;MRO-10046,EOT Crane,DHR-03,train,12,risk,risk,approved_on_validation,우선 점검 후보
2022-09-16,AST-5007,A2,2,5.160471989539856,0.0632791938913148,0.0377174071911492,MRO-10047;MRO-80001;MRO-10046,MRO-10047;MRO-80001;MRO-10046,EOT Crane,PUN-01,train,12,caution,caution,approved_on_validation,우선 점검 후보
2022-09-17,AST-1041,A2,0,0.0029143968661062,4.841541644287581e-12,4.405983900331375e-15,MRO-10045;MRO-10046;MRO-10047,MRO-10045;MRO-10046;MRO-10047,CNC Lathe,PUN-01,train,12,normal,normal,approved_on_validation,우선 점검 후보
2022-09-17,AST-1042,A2,0,0.0031918235327324,6.292559478562853e-12,6.265481822951467e-15,MRO-10045;MRO-10046;MRO-10047,MRO-10045;MRO-10046;MRO-10047,CNC Lathe,PUN-01,train,12,normal,normal,approved_on_validation,우선 점검 후보
2022-09-17,AST-2017,A2,0,0.0032563961871896,6.774364319532633e-12,6.865863383252062e-15,MRO-20031;MRO-10046;MRO-30011,MRO-20031;MRO-10046;MRO-50009,Hydraulic Press,PUN-01,train,12,normal,normal,approved_on_validation,우선 점검 후보
2022-09-17,AST-2031,A2,0,0.0032285799711348,6.6099345081308636e-12,6.651027125705963e-15,MRO-10045;MRO-10046;MRO-10047,MRO-10045;MRO-10046;MRO-10047,Hydraulic Press,CHN-02,train,12,normal,normal,approved_on_validation,우선 점검 후보
2022-09-17,AST-3008,A2,0,0.0033476457555062,6.399835296449885e-12,7.313489945624008e-15,MRO-20032;MRO-70005;MRO-90011,MRO-80001;MRO-10046;MRO-10045,Belt Conveyor,CHN-02,train,12,normal,normal,approved_on_validation,우선 점검 후보
2022-09-17,AST-3019,A2,0,0.0032796928466218,6.5261024552460736e-12,6.973182010387151e-15,MRO-20032;MRO-10045;MRO-10047,MRO-10045;MRO-10047;MRO-20031,Belt Conveyor,CHN-02,train,12,normal,normal,approved_on_validation,우선 점검 후보
2022-09-17,AST-4055,A2,0,0.0032157870676485,6.253859502225876e-12,6.3456440052252304e-15,MRO-10045;MRO-10047;MRO-50009,MRO-10045;MRO-10047;MRO-50009,Screw Compressor,DHR-03,train,12,normal,normal,approved_on_validation,우선 점검 후보
2022-09-17,AST-4061,A2,0,0.0032744470289114,6.943679672262705e-12,7.041642130313583e-15,MRO-10046;MRO-50009;MRO-20033,MRO-10046;MRO-50009;MRO-10045,Screw Compressor,DHR-03,train,12,normal,normal,approved_on_validation,우선 점검 후보
2022-09-17,AST-5003,A2,0,0.003404853444982,7.040169254256717e-12,7.641215256489913e-15,MRO-30011;MRO-50008;MRO-10047,MRO-10047;MRO-10045;MRO-10046,EOT Crane,DHR-03,train,12,normal,normal,approved_on_validation,우선 점검 후보
2022-09-17,AST-5007,A2,0,0.0031371636008706,5.413891614527004e-12,5.451594887933371e-15,MRO-80002;MRO-10046;MRO-10047,MRO-10046;MRO-10047;MRO-20031,EOT Crane,PUN-01,train,12,normal,normal,approved_on_validation,우선 점검 후보
2022-09-18,AST-1041,A2,0,0.0028560269183273,4.513635536584027e-12,4.0503112665281016e-15,MRO-90012;MRO-10045;MRO-10046,MRO-10045;MRO-10046;MRO-10047,CNC Lathe,PUN-01,train,12,normal,normal,approved_on_validation,우선 점검 후보
2022-09-18,AST-1042,A2,0,0.0032330586354382,6.567293645476044e-12,6.625402641760184e-15,MRO-10045;MRO-10046;MRO-10047,MRO-10045;MRO-10046;MRO-10047,CNC Lathe,PUN-01,train,12,normal,normal,approved_on_validation,우선 점검 후보
2022-09-18,AST-2017,A2,0,0.003229408087266,6.534861845927352e-12,6.586043585707633e-15,MRO-20031;MRO-10045;MRO-10047,MRO-20031;MRO-10045;MRO-10047,Hydraulic Press,PUN-01,train,12,normal,normal,approved_on_validation,우선 점검 후보
2022-09-18,AST-2031,A2,0,0.0033157980919517,7.925845766269308e-12,7.884657381175865e-15,MRO-10045;MRO-10046;MRO-10047,MRO-10045;MRO-10046;MRO-10047,Hydraulic Press,CHN-02,train,12,normal,normal,approved_on_validation,우선 점검 후보
2022-09-18,AST-3008,A2,0,0.0031848902502327,6.055618263340474e-12,6.080616351701757e-15,MRO-30011;MRO-10046;MRO-80001,MRO-10046;MRO-80001;MRO-10045,Belt Conveyor,CHN-02,train,12,normal,normal,approved_on_validation,우선 점검 후보
2022-09-18,AST-3019,A2,0,0.0031940520320879,5.949961594731703e-12,6.2152435782136155e-15,MRO-20032;MRO-10045;MRO-10046,MRO-10045;MRO-10046;MRO-10047,Belt Conveyor,CHN-02,train,12,normal,normal,approved_on_validation,우선 점검 후보
2022-09-18,AST-4055,A2,0,0.0033425917790125,6.752619458737305e-12,7.136379307340018e-15,MRO-60016;MRO-20031;MRO-10045,MRO-20031;MRO-10045;MRO-10047,Screw Compressor,DHR-03,train,12,normal,normal,approved_on_validation,우선 점검 후보
2022-09-18,AST-4061,A2,0,0.0032283699766546,6.546226711243222e-12,6.586598277882111e-15,MRO-10045;MRO-10047;MRO-20031,MRO-10045;MRO-10047;MRO-20031,Screw Compressor,DHR-03,train,12,normal,normal,approved_on_validation,우선 점검 후보
2022-09-18,AST-5003,A2,0,0.0033868407677789,8.89993648314533e-12,8.833331034942821e-15,MRO-20031;MRO-50009;MRO-30011,MRO-20031;MRO-50009;MRO-10045,EOT Crane,DHR-03,train,12,normal,normal,approved_on_validation,우선 점검 후보
2022-09-18,AST-5007,A2,0,0.0032443580627069,6.5742602985591476e-12,6.702925341954132e-15,MRO-70004;MRO-10045;MRO-10046,MRO-10045;MRO-10046;MRO-10047,EOT Crane,PUN-01,train,12,normal,normal,approved_on_validation,우선 점검 후보
2022-09-19,AST-1041,A2,10,7.066005036450906,0.1568995014213591,0.1081861977920108,MRO-40022;MRO-10045;MRO-50009,MRO-10045;MRO-50009;MRO-10047,CNC Lathe,PUN-01,train,12,risk,risk,approved_on_validation,우선 점검 후보
2022-09-19,AST-1042,A2,8,6.521866184903942,0.1314727524391603,0.0839515264400925,MRO-80001;MRO-20031;MRO-50009,MRO-80001;MRO-20031;MRO-50009,CNC Lathe,PUN-01,train,12,risk,risk,approved_on_validation,우선 점검 후보
2022-09-19,AST-2017,A2,14,8.268344333703642,0.2398710687294621,0.172627878874809,MRO-80001;MRO-10047;MRO-50009,MRO-80001;MRO-10047;MRO-50009,Hydraulic Press,PUN-01,train,12,high_risk,risk,approved_on_validation,우선 점검 후보
2022-09-19,AST-2031,A2,8,7.377336652697546,0.1757177481962864,0.1233968613156356,MRO-10046;MRO-10047;MRO-50009,MRO-10046;MRO-10047;MRO-50009,Hydraulic Press,CHN-02,train,12,risk,risk,approved_on_validation,우선 점검 후보
2022-09-19,AST-3008,A2,4,6.557266036250772,0.1307557623346688,0.086250953406728,MRO-10045;MRO-10047;MRO-20031,MRO-10045;MRO-10047;MRO-20031,Belt Conveyor,CHN-02,train,12,caution,risk,approved_on_validation,우선 점검 후보
2022-09-19,AST-3019,A2,10,5.879273562804688,0.0944288115714798,0.0595682662605056,MRO-40022;MRO-10046;MRO-20031,MRO-10046;MRO-20031;MRO-50009,Belt Conveyor,CHN-02,train,12,risk,risk,approved_on_validation,우선 점검 후보
2022-09-19,AST-4055,A2,8,7.729105287759548,0.2033731207294108,0.1395220801346,MRO-50008;MRO-10046;MRO-20031,MRO-10046;MRO-20031;MRO-10045,Screw Compressor,DHR-03,train,12,risk,risk,approved_on_validation,우선 점검 후보
2022-09-19,AST-4061,A2,4,6.633923867393613,0.1353445366581412,0.0889615712299491,MRO-20031;MRO-80001;MRO-10046,MRO-20031;MRO-80001;MRO-10046,Screw Compressor,DHR-03,train,12,caution,risk,approved_on_validation,우선 점검 후보
2022-09-19,AST-5003,A2,12,8.535163043413998,0.2554129446204498,0.1878314771750127,MRO-10045;MRO-10047;MRO-40021,MRO-10045;MRO-10047;MRO-80001,EOT Crane,DHR-03,train,12,high_risk,risk,approved_on_validation,우선 점검 후보
2022-09-19,AST-5007,A2,4,5.498614321299983,0.0783107623086364,0.0471892070338235,MRO-10047;MRO-10045;MRO-80001,MRO-10047;MRO-10045;MRO-80001,EOT Crane,PUN-01,train,12,caution,caution,approved_on_validation,우선 점검 후보
2022-09-20,AST-1041,A2,5,6.282182722582398,0.112385161403126,0.0745552808220727,MRO-90012;MRO-10045;MRO-10046,MRO-10045;MRO-10046;MRO-10047,CNC Lathe,PUN-01,train,12,caution,risk,approved_on_validation,우선 점검 후보
2022-09-20,AST-1042,A2,6,6.745459439846735,0.1418697411170452,0.0927255556368512,MRO-80001;MRO-20031;MRO-50009,MRO-80001;MRO-20031;MRO-50009,CNC Lathe,PUN-01,train,12,risk,risk,approved_on_validation,우선 점검 후보
2022-09-20,AST-2017,A2,2,7.823603540948235,0.2071662666618066,0.1459300469256204,MRO-80001;MRO-50009;MRO-10045,MRO-80001;MRO-50009;MRO-10045,Hydraulic Press,PUN-01,train,12,caution,risk,approved_on_validation,우선 점검 후보
2022-09-20,AST-2031,A2,6,7.357322512501919,0.1737815516504487,0.1228578142806424,MRO-70004;MRO-50009;MRO-20031,MRO-50009;MRO-20031;MRO-10047,Hydraulic Press,CHN-02,train,12,risk,risk,approved_on_validation,우선 점검 후보
2022-09-20,AST-3008,A2,8,6.343038064517407,0.1118379830184592,0.0761433841569775,MRO-20032;MRO-70005;MRO-90011,MRO-50009;MRO-80001;MRO-10046,Belt Conveyor,CHN-02,train,12,risk,risk,approved_on_validation,우선 점검 후보
2022-09-20,AST-3019,A2,10,6.007936697905966,0.102940868485011,0.0643175384767815,MRO-50009;MRO-10046;MRO-20031,MRO-50009;MRO-10046;MRO-20031,Belt Conveyor,CHN-02,train,12,risk,risk,approved_on_validation,우선 점검 후보
2022-09-20,AST-4055,A2,2,7.60027872574553,0.1937211541603012,0.1343402417091452,MRO-50009;MRO-80001;MRO-20031,MRO-50009;MRO-80001;MRO-20031,Screw Compressor,DHR-03,train,12,caution,risk,approved_on_validation,우선 점검 후보
2022-09-20,AST-4061,A2,8,6.766395345319152,0.1419775428667462,0.0947105395072926,MRO-80001;MRO-10046;MRO-50009,MRO-80001;MRO-10046;MRO-50009,Screw Compressor,DHR-03,train,12,risk,risk,approved_on_validation,우선 점검 후보
2022-09-20,AST-5003,A2,5,7.434573673886812,0.1777209179471279,0.1240713793567939,MRO-10045;MRO-30012;MRO-80001,MRO-10045;MRO-80001;MRO-10047,EOT Crane,DHR-03,train,12,caution,risk,approved_on_validation,우선 점검 후보
2022-09-20,AST-5007,A2,3,5.660365176663327,0.0851162061687627,0.0516304093956077,MRO-10047;MRO-10046;MRO-20031,MRO-10047;MRO-10046;MRO-20031,EOT Crane,PUN-01,train,12,caution,caution,approved_on_validation,우선 점검 후보
2022-09-21,AST-1041,A2,9,5.86135951318871,0.0938444667101317,0.0591894273436041,MRO-50009;MRO-80001;MRO-20031,MRO-50009;MRO-80001;MRO-20031,CNC Lathe,PUN-01,train,12,risk,caution,approved_on_validation,우선 점검 후보
2022-09-21,AST-1042,A2,8,6.112890609367267,0.1070499190152181,0.0679375059043297,MRO-80001;MRO-60016;MRO-50009,MRO-80001;MRO-50009;MRO-20031,CNC Lathe,PUN-01,train,12,risk,risk,approved_on_validation,우선 점검 후보
2022-09-21,AST-2017,A2,16,8.843743755277135,0.2818839921984534,0.2095559298886506,MRO-10047;MRO-10045;MRO-10046,MRO-10047;MRO-10045;MRO-10046,Hydraulic Press,PUN-01,train,12,high_risk,risk,approved_on_validation,우선 점검 후보
2022-09-21,AST-2031,A2,10,7.522430129953659,0.1856728685259004,0.1309187270534368,MRO-10046;MRO-50009;MRO-20031,MRO-10046;MRO-50009;MRO-20031,Hydraulic Press,CHN-02,train,12,risk,risk,approved_on_validation,우선 점검 후보
2022-09-21,AST-3008,A2,3,6.340699635401213,0.1183935782278541,0.0770875393682484,MRO-10047;MRO-10045;MRO-20031,MRO-10047;MRO-10045;MRO-20031,Belt Conveyor,CHN-02,train,12,caution,risk,approved_on_validation,우선 점검 후보
2022-09-21,AST-3019,A2,7,8.409402305925694,0.2380647059850689,0.1751186515328631,MRO-40022;MRO-30012;MRO-50009,MRO-50009;MRO-20031;MRO-10045,Belt Conveyor,CHN-02,train,12,risk,risk,approved_on_validation,우선 점검 후보
2022-09-21,AST-4055,A2,2,7.550899135081897,0.1908882483599673,0.1330686182930466,MRO-10047;MRO-20031;MRO-10045,MRO-10047;MRO-20031;MRO-10045,Screw Compressor,DHR-03,train,12,caution,risk,approved_on_validation,우선 점검 후보
2022-09-21,AST-4061,A2,1,6.676310830356136,0.1353859682965227,0.090047752118866,MRO-30011;MRO-10045;MRO-20031,MRO-10045;MRO-20031;MRO-10046,Screw Compressor,DHR-03,train,12,caution,risk,approved_on_validation,우선 점검 후보
2022-09-21,AST-5003,A2,9,8.375198973647175,0.2408511979441776,0.178587594397543,MRO-10045;MRO-70004;MRO-10047,MRO-10045;MRO-10047;MRO-80001,EOT Crane,DHR-03,train,12,risk,risk,approved_on_validation,우선 점검 후보
2022-09-21,AST-5007,A2,2,5.2505334617196455,0.0671528801795574,0.0395375157357515,MRO-50009;MRO-10045;MRO-60015,MRO-50009;MRO-10045;MRO-10047,EOT Crane,PUN-01,train,12,caution,caution,approved_on_validation,우선 점검 후보
2022-09-22,AST-1041,A2,9,5.9385293030118405,0.0977864115801416,0.0617433451615356,MRO-10045;MRO-10047;MRO-50009,MRO-10045;MRO-10047;MRO-50009,CNC Lathe,PUN-01,train,12,risk,risk,approved_on_validation,우선 점검 후보
2022-09-22,AST-1042,A2,0,6.365658083020229,0.1191910617218984,0.0785231039318387,MRO-20031;MRO-10045;MRO-50009,MRO-20031;MRO-10045;MRO-50009,CNC Lathe,PUN-01,train,12,normal,risk,approved_on_validation,우선 점검 후보
2022-09-22,AST-2017,A2,5,7.083907357285476,0.1575402827214177,0.1084388314548331,MRO-10045;MRO-10046;MRO-50009,MRO-10045;MRO-10046;MRO-50009,Hydraulic Press,PUN-01,train,12,caution,risk,approved_on_validation,우선 점검 후보
2022-09-22,AST-2031,A2,1,7.453664005373072,0.1822422039920821,0.1280109468117899,MRO-10047;MRO-80001;MRO-10045,MRO-10047;MRO-80001;MRO-10045,Hydraulic Press,CHN-02,train,12,caution,risk,approved_on_validation,우선 점검 후보
2022-09-22,AST-3008,A2,2,6.198917608535088,0.1100874560842613,0.0709965372885264,MRO-50009;MRO-20031;MRO-10047,MRO-50009;MRO-20031;MRO-10047,Belt Conveyor,CHN-02,train,12,caution,risk,approved_on_validation,우선 점검 후보
2022-09-22,AST-3019,A2,2,5.51430680379726,0.080351767994858,0.0484056970093057,MRO-10045;MRO-10046;MRO-20031,MRO-10045;MRO-10046;MRO-20031,Belt Conveyor,CHN-02,train,12,caution,caution,approved_on_validation,우선 점검 후보
2022-09-22,AST-4055,A2,12,8.293737054349643,0.2411664415251552,0.1731733740264803,MRO-10047;MRO-80001;MRO-50009,MRO-10047;MRO-80001;MRO-50009,Screw Compressor,DHR-03,train,12,high_risk,risk,approved_on_validation,우선 점검 후보
2022-09-22,AST-4061,A2,13,7.0289887486328775,0.1543608304751149,0.1060473418376217,MRO-80001;MRO-20032;MRO-20031,MRO-80001;MRO-20031;MRO-10045,Screw Compressor,DHR-03,train,12,high_risk,risk,approved_on_validation,우선 점검 후보
2022-09-22,AST-5003,A2,8,7.241330775351033,0.1699146875367817,0.115313870721589,MRO-10045;MRO-80001;MRO-10047,MRO-10045;MRO-80001;MRO-10047,EOT Crane,DHR-03,train,12,risk,risk,approved_on_validation,우선 점검 후보
2022-09-22,AST-5007,A2,7,6.03469836759138,0.1023340871100067,0.0645592366935429,MRO-10045;MRO-10047;MRO-50009,MRO-10045;MRO-10047;MRO-50009,EOT Crane,PUN-01,train,12,risk,risk,approved_on_validation,우선 점검 후보
2022-09-23,AST-1041,A2,9,6.984457058938288,0.1501786647409108,0.103920909217223,MRO-90012;MRO-50009;MRO-10047,MRO-50009;MRO-10047;MRO-20031,CNC Lathe,PUN-01,train,12,risk,risk,approved_on_validation,우선 점검 후보
2022-09-23,AST-1042,A2,8,6.3145410114524125,0.1162494540781449,0.0756668051506394,MRO-10045;MRO-20031;MRO-50009,MRO-10045;MRO-20031;MRO-50009,CNC Lathe,PUN-01,train,12,risk,risk,approved_on_validation,우선 점검 후보
2022-09-23,AST-2017,A2,5,6.955854849068139,0.1506370960443877,0.1030814584531304,MRO-10046;MRO-50009;MRO-10045,MRO-10046;MRO-50009;MRO-10045,Hydraulic Press,PUN-01,train,12,caution,risk,approved_on_validation,우선 점검 후보
2022-09-23,AST-2031,A2,6,7.79038540782463,0.2057035878290598,0.1448649568865341,MRO-10046;MRO-10045;MRO-50009,MRO-10046;MRO-10045;MRO-50009,Hydraulic Press,CHN-02,train,12,risk,risk,approved_on_validation,우선 점검 후보
2022-09-23,AST-3008,A2,2,6.073757503321595,0.1037301328179582,0.0663454481120593,MRO-10046;MRO-10047;MRO-80001,MRO-10046;MRO-10047;MRO-80001,Belt Conveyor,CHN-02,train,12,caution,risk,approved_on_validation,우선 점검 후보
2022-09-23,AST-3019,A2,6,5.42421647197503,0.0765641660514658,0.0454561955865467,MRO-10046;MRO-10047;MRO-20031,MRO-10046;MRO-10047;MRO-20031,Belt Conveyor,CHN-02,train,12,risk,caution,approved_on_validation,우선 점검 후보
2022-09-23,AST-4055,A2,4,8.334804564994363,0.2449282686125198,0.1765543752224634,MRO-10046;MRO-20031;MRO-10047,MRO-10046;MRO-20031;MRO-10047,Screw Compressor,DHR-03,train,12,caution,risk,approved_on_validation,우선 점검 후보
2022-09-23,AST-4061,A2,15,6.426551940578831,0.1240349244987382,0.0805702699542117,MRO-10045;MRO-10046;MRO-20031,MRO-10045;MRO-10046;MRO-20031,Screw Compressor,DHR-03,train,12,high_risk,risk,approved_on_validation,우선 점검 후보
2022-09-23,AST-5003,A2,7,7.4674743364365375,0.1827490782456637,0.1271659392058237,MRO-10046;MRO-80001;MRO-50009,MRO-10046;MRO-80001;MRO-50009,EOT Crane,DHR-03,train,12,risk,risk,approved_on_validation,우선 점검 후보
2022-09-23,AST-5007,A2,2,5.491096246971906,0.0778464375524139,0.0469253405103279,MRO-80001;MRO-10045;MRO-10047,MRO-80001;MRO-10045;MRO-10047,EOT Crane,PUN-01,train,12,caution,caution,approved_on_validation,우선 점검 후보
2022-09-24,AST-1041,A2,0,0.0032662864023025,7.424101226695559e-12,7.367474450146911e-15,MRO-50009;MRO-10045;MRO-70004,MRO-50009;MRO-10045;MRO-10046,CNC Lathe,PUN-01,train,12,normal,normal,approved_on_validation,우선 점검 후보
2022-09-24,AST-1042,A2,0,0.0035262196494848,8.065419157913368e-12,8.903875147605075e-15,MRO-80001;MRO-40022;MRO-30011,MRO-80001;MRO-10046;MRO-10045,CNC Lathe,PUN-01,train,12,normal,normal,approved_on_validation,우선 점검 후보
2022-09-24,AST-2017,A2,0,0.0032741518741495,6.749857047792621e-12,6.920196865072733e-15,MRO-50008;MRO-60015;MRO-10046,MRO-10046;MRO-10045;MRO-10047,Hydraulic Press,PUN-01,train,12,normal,normal,approved_on_validation,우선 점검 후보
2022-09-24,AST-2031,A2,0,0.0032108507311505,6.4512195587231186e-12,6.459154025085336e-15,MRO-10046;MRO-20031;MRO-50009,MRO-10046;MRO-20031;MRO-50009,Hydraulic Press,CHN-02,train,12,normal,normal,approved_on_validation,우선 점검 후보
2022-09-24,AST-3008,A2,0,0.0032823201231289,6.50980238778342e-12,6.893829852214149e-15,MRO-90011;MRO-50008;MRO-30011,MRO-10045;MRO-10046;MRO-10047,Belt Conveyor,CHN-02,train,12,normal,normal,approved_on_validation,우선 점검 후보
2022-09-24,AST-3019,A2,0,0.0033494645786081,8.169021518721483e-12,8.190096041038913e-15,MRO-50009;MRO-80001;MRO-40022,MRO-50009;MRO-80001;MRO-10045,Belt Conveyor,CHN-02,train,12,normal,normal,approved_on_validation,우선 점검 후보
2022-09-24,AST-4055,A2,0,0.003236427068705,6.626237478791749e-12,6.6971538510791535e-15,MRO-10045;MRO-10046;MRO-10047,MRO-10045;MRO-10046;MRO-10047,Screw Compressor,DHR-03,train,12,normal,normal,approved_on_validation,우선 점검 후보
2022-09-24,AST-4061,A2,0,0.0032355553487148,6.5895788422136916e-12,6.664146122910396e-15,MRO-10047;MRO-80001;MRO-40021,MRO-10047;MRO-80001;MRO-50009,Screw Compressor,DHR-03,train,12,normal,normal,approved_on_validation,우선 점검 후보
2022-09-24,AST-5003,A2,0,0.0036193898113,1.1967271566735751e-11,1.2223886307901636e-14,MRO-80001;MRO-70004;MRO-20031,MRO-80001;MRO-20031;MRO-50009,EOT Crane,DHR-03,train,12,normal,normal,approved_on_validation,우선 점검 후보
2022-09-24,AST-5007,A2,0,0.0032709826156414,6.166266865945221e-12,6.6573855625548435e-15,MRO-70004;MRO-10045;MRO-10046,MRO-10045;MRO-10046;MRO-10047,EOT Crane,PUN-01,train,12,normal,normal,approved_on_validation,우선 점검 후보
2022-09-25,AST-1041,A2,0,0.0034254712967857,1.0380274384014879e-11,9.652977054405787e-15,MRO-10045;MRO-50009;MRO-20033,MRO-10045;MRO-50009;MRO-10046,CNC Lathe,PUN-01,train,12,normal,normal,approved_on_validation,우선 점검 후보
2022-09-25,AST-1042,A2,0,0.0041147829547744,1.3446438548514444e-11,1.595375290366874e-14,MRO-40022;MRO-80001;MRO-20031,MRO-80001;MRO-20031;MRO-40022,CNC Lathe,PUN-01,train,12,normal,normal,approved_on_validation,우선 점검 후보
2022-09-25,AST-2017,A2,0,0.0034211422396781,9.109900971904679e-12,9.185666603533291e-15,MRO-10046;MRO-20031;MRO-20032,MRO-10046;MRO-20031;MRO-10045,Hydraulic Press,PUN-01,train,12,normal,normal,approved_on_validation,우선 점검 후보
2022-09-25,AST-2031,A2,0,0.0031944709208757,6.177648357103003e-12,6.217418636486956e-15,MRO-10046;MRO-10047;MRO-20031,MRO-10046;MRO-10047;MRO-20031,Hydraulic Press,CHN-02,train,12,normal,normal,approved_on_validation,우선 점검 후보
2022-09-25,AST-3008,A2,0,0.0031601138958209,5.9283243910854346e-12,6.006769051854489e-15,MRO-90011;MRO-10045;MRO-10046,MRO-10045;MRO-10046;MRO-10047,Belt Conveyor,CHN-02,train,12,normal,normal,approved_on_validation,우선 점검 후보
2022-09-25,AST-3019,A2,0,0.0031525760309913,6.294178413940761e-12,6.110707724580788e-15,MRO-50009;MRO-10045;MRO-10046,MRO-50009;MRO-10045;MRO-10046,Belt Conveyor,CHN-02,train,12,normal,normal,approved_on_validation,우선 점검 후보
2022-09-25,AST-4055,A2,0,0.0032259006706568,6.6303080622827895e-12,6.649874118305561e-15,MRO-10045;MRO-10046;MRO-10047,MRO-10045;MRO-10046;MRO-10047,Screw Compressor,DHR-03,train,12,normal,normal,approved_on_validation,우선 점검 후보
2022-09-25,AST-4061,A2,0,0.0032614294083872,6.530208832740867e-12,6.6866533290889336e-15,MRO-20033;MRO-10047;MRO-50009,MRO-10047;MRO-50009;MRO-80001,Screw Compressor,DHR-03,train,12,normal,normal,approved_on_validation,우선 점검 후보
2022-09-25,AST-5003,A2,0,0.0034643035964811,9.410647340097383e-12,9.788789758136338e-15,MRO-70004;MRO-50009;MRO-20031,MRO-50009;MRO-20031;MRO-10045,EOT Crane,DHR-03,train,12,normal,normal,approved_on_validation,우선 점검 후보
2022-09-25,AST-5007,A2,0,0.0032905023432497,6.574260890208423e-12,7.005998526629266e-15,MRO-90011;MRO-70004;MRO-10045,MRO-10045;MRO-10046;MRO-10047,EOT Crane,PUN-01,train,12,normal,normal,approved_on_validation,우선 점검 후보
2022-09-26,AST-1041,A2,2,5.776834413944785,0.0894742384162855,0.0557694560072636,MRO-20033;MRO-50009;MRO-10047,MRO-50009;MRO-10047;MRO-80001,CNC Lathe,PUN-01,train,12,caution,caution,approved_on_validation,우선 점검 후보
2022-09-26,AST-1042,A2,11,6.353841460664716,0.1123761040120361,0.0760517110094534,MRO-70005;MRO-40022;MRO-70004,MRO-80001;MRO-10045;MRO-50009,CNC Lathe,PUN-01,train,12,risk,risk,approved_on_validation,우선 점검 후보
2022-09-26,AST-2017,A2,8,8.247691058410235,0.237853615235662,0.1718782722571993,MRO-80001;MRO-50009;MRO-20031,MRO-80001;MRO-50009;MRO-20031,Hydraulic Press,PUN-01,train,12,risk,risk,approved_on_validation,우선 점검 후보
2022-09-26,AST-2031,A2,8,7.780413583773797,0.203051559379103,0.1441837240737034,MRO-10046;MRO-10045;MRO-10047,MRO-10046;MRO-10045;MRO-10047,Hydraulic Press,CHN-02,train,12,risk,risk,approved_on_validation,우선 점검 후보
2022-09-26,AST-3008,A2,5,6.716991792294231,0.1387915578359472,0.0921139468052709,MRO-80001;MRO-10045;MRO-90011,MRO-80001;MRO-10045;MRO-10047,Belt Conveyor,CHN-02,train,12,caution,risk,approved_on_validation,우선 점검 후보
2022-09-26,AST-3019,A2,1,4.699505209104916,0.048390183934818,0.0278506296701453,MRO-70004;MRO-10047;MRO-10046,MRO-10047;MRO-10046;MRO-10045,Belt Conveyor,CHN-02,train,12,caution,caution,approved_on_validation,우선 점검 후보
2022-09-26,AST-4055,A2,5,7.713737153243068,0.1984985262796539,0.1412463965351918,MRO-10046;MRO-10047;MRO-10045,MRO-10046;MRO-10047;MRO-10045,Screw Compressor,DHR-03,train,12,caution,risk,approved_on_validation,우선 점검 후보
2022-09-26,AST-4061,A2,3,6.822874402709714,0.1419568748925564,0.0958061473515947,MRO-20033;MRO-40022;MRO-20031,MRO-20031;MRO-10046;MRO-80001,Screw Compressor,DHR-03,train,12,caution,risk,approved_on_validation,우선 점검 후보
2022-09-26,AST-5003,A2,5,7.687891765429335,0.2034908031802182,0.1379245659837358,MRO-20031;MRO-10045;MRO-30011,MRO-20031;MRO-10045;MRO-10046,EOT Crane,DHR-03,train,12,caution,risk,approved_on_validation,우선 점검 후보
2022-09-26,AST-5007,A2,7,5.927894867600388,0.0972436264525672,0.061305717553017,MRO-80001;MRO-10045;MRO-10046,MRO-80001;MRO-10045;MRO-10046,EOT Crane,PUN-01,train,12,risk,risk,approved_on_validation,우선 점검 후보
2022-09-27,AST-1041,A2,10,10.314080336642208,0.3940508006340449,0.3132298107259624,MRO-10046;MRO-50009;MRO-10045,MRO-10046;MRO-50009;MRO-10045,CNC Lathe,PUN-01,train,12,risk,risk,approved_on_validation,우선 점검 후보
2022-09-27,AST-1042,A2,4,5.465358622358207,0.0771100055230017,0.0470021710709129,MRO-20031;MRO-50009;MRO-10047,MRO-20031;MRO-50009;MRO-10047,CNC Lathe,PUN-01,train,12,caution,caution,approved_on_validation,우선 점검 후보
2022-09-27,AST-2017,A2,9,8.246282822060857,0.2400835300487439,0.1709159055393818,MRO-10046;MRO-10045;MRO-10047,MRO-10046;MRO-10045;MRO-10047,Hydraulic Press,PUN-01,train,12,risk,risk,approved_on_validation,우선 점검 후보
2022-09-27,AST-2031,A2,18,7.870977900875465,0.2108623391584875,0.1475719967601245,MRO-80001;MRO-60016;MRO-50009,MRO-80001;MRO-50009;MRO-10046,Hydraulic Press,CHN-02,train,12,high_risk,risk,approved_on_validation,우선 점검 후보
2022-09-27,AST-3008,A2,5,6.146789461633694,0.1105047323313091,0.0697602136434278,MRO-80001;MRO-10045;MRO-50009,MRO-80001;MRO-10045;MRO-50009,Belt Conveyor,CHN-02,train,12,caution,risk,approved_on_validation,우선 점검 후보
2022-09-27,AST-3019,A2,4,4.485210671465034,0.0444611141970621,0.0235068409009154,MRO-10047;MRO-50008;MRO-10045,MRO-10047;MRO-10045;MRO-20031,Belt Conveyor,CHN-02,train,12,caution,caution,approved_on_validation,우선 점검 후보
2022-09-27,AST-4055,A2,15,9.10611727009846,0.2977615234566274,0.2240679213685468,MRO-20031;MRO-80001;MRO-50009,MRO-20031;MRO-80001;MRO-50009,Screw Compressor,DHR-03,train,12,high_risk,risk,approved_on_validation,우선 점검 후보
2022-09-27,AST-4061,A2,5,6.230098911837341,0.114124288960952,0.0729064705775378,MRO-10045;MRO-10046;MRO-20031,MRO-10045;MRO-10046;MRO-20031,Screw Compressor,DHR-03,train,12,caution,risk,approved_on_validation,우선 점검 후보
2022-09-27,AST-5003,A2,8,7.314797730567912,0.1772884056513257,0.1164475370546848,MRO-60016;MRO-20031;MRO-30011,MRO-20031;MRO-10046;MRO-50009,EOT Crane,DHR-03,train,12,risk,risk,approved_on_validation,우선 점검 후보
2022-09-27,AST-5007,A2,4,5.367077368402236,0.0704843074045157,0.0424217574259923,MRO-80001;MRO-20033;MRO-60015,MRO-80001;MRO-10045;MRO-10047,EOT Crane,PUN-01,train,12,caution,caution,approved_on_validation,우선 점검 후보
2022-09-28,AST-1041,A2,1,5.461926506005441,0.0758570234165623,0.0464480949574378,MRO-10047;MRO-10045;MRO-50009,MRO-10047;MRO-10045;MRO-50009,CNC Lathe,PUN-01,train,12,caution,caution,approved_on_validation,우선 점검 후보
2022-09-28,AST-1042,A2,4,6.958895996335129,0.1547081107229888,0.1033276959670926,MRO-40022;MRO-80001;MRO-10045,MRO-80001;MRO-10045;MRO-10047,CNC Lathe,PUN-01,train,12,caution,risk,approved_on_validation,우선 점검 후보
2022-09-28,AST-2017,A2,4,8.358010796125855,0.2458789377689727,0.177528650764485,MRO-50009;MRO-10045;MRO-10047,MRO-50009;MRO-10045;MRO-10047,Hydraulic Press,PUN-01,train,12,caution,risk,approved_on_validation,우선 점검 후보
2022-09-28,AST-2031,A2,0,7.293777905814842,0.1715097404430229,0.1188272182842342,MRO-10046;MRO-20031;MRO-50009,MRO-10046;MRO-20031;MRO-50009,Hydraulic Press,CHN-02,train,12,normal,risk,approved_on_validation,우선 점검 후보
2022-09-28,AST-3008,A2,10,6.647823164719565,0.132596683051734,0.0902041041153244,MRO-10045;MRO-90012;MRO-80001,MRO-10045;MRO-80001;MRO-10047,Belt Conveyor,CHN-02,train,12,risk,risk,approved_on_validation,우선 점검 후보
2022-09-28,AST-3019,A2,2,5.535814053029343,0.082342951135596,0.0495350373341514,MRO-10045;MRO-80001;MRO-10047,MRO-10045;MRO-80001;MRO-10047,Belt Conveyor,CHN-02,train,12,caution,caution,approved_on_validation,우선 점검 후보
2022-09-28,AST-4055,A2,6,7.863372018170839,0.213068904135428,0.1484246634490375,MRO-50009;MRO-10045;MRO-10047,MRO-50009;MRO-10045;MRO-10047,Screw Compressor,DHR-03,train,12,risk,risk,approved_on_validation,우선 점검 후보
2022-09-28,AST-4061,A2,1,6.284991822645561,0.1153155333873002,0.0741607486491303,MRO-60016;MRO-10045;MRO-20031,MRO-10045;MRO-20031;MRO-50009,Screw Compressor,DHR-03,train,12,caution,risk,approved_on_validation,우선 점검 후보
2022-09-28,AST-5003,A2,11,7.959847647283589,0.218381410152655,0.1546966377466015,MRO-80001;MRO-10046;MRO-50009,MRO-80001;MRO-10046;MRO-50009,EOT Crane,DHR-03,train,12,risk,risk,approved_on_validation,우선 점검 후보
2022-09-28,AST-5007,A2,2,5.629822645424783,0.0842826565780259,0.0511790715792335,MRO-80001;MRO-10045;MRO-10047,MRO-80001;MRO-10045;MRO-10047,EOT Crane,PUN-01,train,12,caution,caution,approved_on_validation,우선 점검 후보
2022-09-29,AST-1041,A2,10,7.692842543522584,0.1991671867674302,0.1389206538491222,MRO-20033;MRO-50009;MRO-10045,MRO-50009;MRO-10045;MRO-10047,CNC Lathe,PUN-01,train,12,risk,risk,approved_on_validation,우선 점검 후보
2022-09-29,AST-1042,A2,12,6.552602469760753,0.1306300259807189,0.0848762587317563,MRO-10045;MRO-10047;MRO-10046,MRO-10045;MRO-10047;MRO-10046,CNC Lathe,PUN-01,train,12,high_risk,risk,approved_on_validation,우선 점검 후보
2022-09-29,AST-2017,A2,21,10.68718140524128,0.4198685351189626,0.3402530194412868,MRO-50009;MRO-80001;MRO-10047,MRO-50009;MRO-80001;MRO-10047,Hydraulic Press,PUN-01,train,12,high_risk,risk,approved_on_validation,우선 점검 후보
2022-09-29,AST-2031,A2,1,7.1496988678239655,0.1623404670012664,0.1127363284067368,MRO-20031;MRO-80001;MRO-50009,MRO-20031;MRO-80001;MRO-50009,Hydraulic Press,CHN-02,train,12,caution,risk,approved_on_validation,우선 점검 후보
2022-09-29,AST-3008,A2,13,11.09422645924028,0.4546153546845143,0.3705594865992085,MRO-50009;MRO-10046;MRO-20031,MRO-50009;MRO-10046;MRO-20031,Belt Conveyor,CHN-02,train,12,high_risk,high_risk,approved_on_validation,우선 점검 후보
2022-09-29,AST-3019,A2,4,5.79002386966505,0.0939049275084703,0.0573645148907199,MRO-50009;MRO-10045;MRO-80001,MRO-50009;MRO-10045;MRO-80001,Belt Conveyor,CHN-02,train,12,caution,risk,approved_on_validation,우선 점검 후보
2022-09-29,AST-4055,A2,15,8.24115029703904,0.238363762756138,0.1706788149049649,MRO-10047;MRO-10046;MRO-50009,MRO-10047;MRO-10046;MRO-50009,Screw Compressor,DHR-03,train,12,high_risk,risk,approved_on_validation,우선 점검 후보
2022-09-29,AST-4061,A2,2,6.746757358914581,0.1397502873594754,0.093886104840011,MRO-10046;MRO-10045;MRO-20031,MRO-10046;MRO-10045;MRO-20031,Screw Compressor,DHR-03,train,12,caution,risk,approved_on_validation,우선 점검 후보
2022-09-29,AST-5003,A2,12,10.165317090149752,0.3801352268828959,0.3003987673763386,MRO-40021;MRO-50009;MRO-20031,MRO-50009;MRO-20031;MRO-80001,EOT Crane,DHR-03,train,12,high_risk,risk,approved_on_validation,우선 점검 후보
2022-09-29,AST-5007,A2,6,5.7715960941848214,0.0898947917105513,0.0555266039536694,MRO-80001;MRO-50009;MRO-10045,MRO-80001;MRO-50009;MRO-10045,EOT Crane,PUN-01,train,12,risk,caution,approved_on_validation,우선 점검 후보
2022-09-30,AST-1041,A2,8,6.6451523823596235,0.132730372909456,0.0877351216968945,MRO-60015;MRO-10047;MRO-40022,MRO-10047;MRO-10045;MRO-50009,CNC Lathe,PUN-01,train,12,risk,risk,approved_on_validation,우선 점검 후보
2022-09-30,AST-1042,A2,1,5.942209360786169,0.0986971274476076,0.0619464596432164,MRO-10045;MRO-50009;MRO-10047,MRO-10045;MRO-50009;MRO-10047,CNC Lathe,PUN-01,train,12,caution,risk,approved_on_validation,우선 점검 후보
2022-09-30,AST-2017,A2,6,8.306117003749282,0.2434940431153987,0.1757558999529238,MRO-80001;MRO-50009;MRO-10046,MRO-80001;MRO-50009;MRO-10046,Hydraulic Press,PUN-01,train,12,risk,risk,approved_on_validation,우선 점검 후보
2022-09-30,AST-2031,A2,2,7.243970997164939,0.1703042435013476,0.1167631916150157,MRO-20031;MRO-10046;MRO-50009,MRO-20031;MRO-10046;MRO-50009,Hydraulic Press,CHN-02,train,12,caution,risk,approved_on_validation,우선 점검 후보
2022-09-30,AST-3008,A2,2,6.769191694323928,0.142442481455292,0.0948919659153033,MRO-50009;MRO-80001;MRO-20031,MRO-50009;MRO-80001;MRO-20031,Belt Conveyor,CHN-02,train,12,caution,risk,approved_on_validation,우선 점검 후보
2022-09-30,AST-3019,A2,0,5.654249367443239,0.0870862511216406,0.0529733098740619,MRO-10045;MRO-80001;MRO-20031,MRO-10045;MRO-80001;MRO-20031,Belt Conveyor,CHN-02,train,12,normal,caution,approved_on_validation,우선 점검 후보
2022-09-30,AST-4055,A2,11,8.79420817318844,0.2776950170206379,0.2051753641297342,MRO-20031;MRO-10046;MRO-10047,MRO-20031;MRO-10046;MRO-10047,Screw Compressor,DHR-03,train,12,risk,risk,approved_on_validation,우선 점검 후보
2022-09-30,AST-4061,A2,21,8.445235975865943,0.2487766257954271,0.1827320424937769,MRO-10046;MRO-80001;MRO-10045,MRO-10046;MRO-80001;MRO-10045,Screw Compressor,DHR-03,train,12,high_risk,risk,approved_on_validation,우선 점검 후보
2022-09-30,AST-5003,A2,11,8.99804464691551,0.2888415688602251,0.2193904563016334,MRO-50009;MRO-20031;MRO-10046,MRO-50009;MRO-20031;MRO-10046,EOT Crane,DHR-03,train,12,risk,risk,approved_on_validation,우선 점검 후보
2022-09-30,AST-5007,A2,14,5.76430544280431,0.0909975367619865,0.0562028452083031,MRO-10047;MRO-80001;MRO-10045,MRO-10047;MRO-80001;MRO-10045,EOT Crane,PUN-01,train,12,high_risk,caution,approved_on_validation,우선 점검 후보
2022-10-01,AST-1041,A2,0,0.0032332728171515,6.607517713762663e-12,6.6460435339905495e-15,MRO-50009;MRO-10045;MRO-10047,MRO-50009;MRO-10045;MRO-10047,CNC Lathe,PUN-01,train,12,normal,normal,approved_on_validation,우선 점검 후보
2022-10-01,AST-1042,A2,0,0.0032845788374903,6.60732094125604e-12,6.809996874937582e-15,MRO-40022;MRO-10045;MRO-10047,MRO-10045;MRO-10047;MRO-20031,CNC Lathe,PUN-01,train,12,normal,normal,approved_on_validation,우선 점검 후보
2022-10-01,AST-2017,A2,0,0.0033598802580395,7.7083262053487e-12,7.980133007715308e-15,MRO-10047;MRO-20031;MRO-50009,MRO-10047;MRO-20031;MRO-50009,Hydraulic Press,PUN-01,train,12,normal,normal,approved_on_validation,우선 점검 후보
2022-10-01,AST-2031,A2,0,0.0032346002663584,6.626580816603615e-12,6.6541957402253065e-15,MRO-10045;MRO-10046;MRO-10047,MRO-10045;MRO-10046;MRO-10047,Hydraulic Press,CHN-02,train,12,normal,normal,approved_on_validation,우선 점검 후보
2022-10-01,AST-3008,A2,0,0.0033299591367363,6.593859366053057e-12,7.354370502292414e-15,MRO-70005;MRO-50009;MRO-10045,MRO-50009;MRO-10045;MRO-10047,Belt Conveyor,CHN-02,train,12,normal,normal,approved_on_validation,우선 점검 후보
2022-10-01,AST-3019,A2,0,0.0032269543122142,6.620254057982116e-12,6.6182633757468026e-15,MRO-10045;MRO-10046;MRO-10047,MRO-10045;MRO-10046;MRO-10047,Belt Conveyor,CHN-02,train,12,normal,normal,approved_on_validation,우선 점검 후보
2022-10-01,AST-4055,A2,0,0.0032822055767636,6.662885357542084e-12,6.8741060801387045e-15,MRO-20033;MRO-20031;MRO-80001,MRO-20031;MRO-80001;MRO-10045,Screw Compressor,DHR-03,train,12,normal,normal,approved_on_validation,우선 점검 후보
2022-10-01,AST-4061,A2,0,0.0032524056930857,6.650090215645882e-12,6.779034483634764e-15,MRO-70005;MRO-10045;MRO-20031,MRO-10045;MRO-20031;MRO-50009,Screw Compressor,DHR-03,train,12,normal,normal,approved_on_validation,우선 점검 후보
2022-10-01,AST-5003,A2,0,0.0033099145986725,6.093860829504849e-12,6.847249534969115e-15,MRO-70005;MRO-10046;MRO-50009,MRO-10046;MRO-50009;MRO-80001,EOT Crane,DHR-03,train,12,normal,normal,approved_on_validation,우선 점검 후보
2022-10-01,AST-5007,A2,0,0.0032839920570362,7.091061972487274e-12,7.185568345717049e-15,MRO-10045;MRO-10047;MRO-20031,MRO-10045;MRO-10047;MRO-20031,EOT Crane,PUN-01,train,12,normal,normal,approved_on_validation,우선 점검 후보
2022-10-02,AST-1041,A2,0,0.0032348305893007,6.561569844305081e-12,6.627670558689269e-15,MRO-10045;MRO-10047;MRO-20031,MRO-10045;MRO-10047;MRO-20031,CNC Lathe,PUN-01,train,12,normal,normal,approved_on_validation,우선 점검 후보
2022-10-02,AST-1042,A2,0,0.0032241943064731,6.619961115392782e-12,6.648881820934511e-15,MRO-10045;MRO-10046;MRO-10047,MRO-10045;MRO-10046;MRO-10047,CNC Lathe,PUN-01,train,12,normal,normal,approved_on_validation,우선 점검 후보
2022-10-02,AST-2017,A2,0,0.0032390290565202,6.535160421963086e-12,6.644131415588694e-15,MRO-70005;MRO-10047;MRO-20031,MRO-10047;MRO-20031;MRO-50009,Hydraulic Press,PUN-01,train,12,normal,normal,approved_on_validation,우선 점검 후보
2022-10-02,AST-2031,A2,0,0.0032298804746651,6.6263822884131315e-12,6.656086117266647e-15,MRO-10045;MRO-10046;MRO-10047,MRO-10045;MRO-10046;MRO-10047,Hydraulic Press,CHN-02,train,12,normal,normal,approved_on_validation,우선 점검 후보
2022-10-02,AST-3008,A2,0,0.0032138529420031,6.584894069179643e-12,6.511357290746507e-15,MRO-30011;MRO-10047;MRO-60015,MRO-10047;MRO-10045;MRO-50009,Belt Conveyor,CHN-02,train,12,normal,normal,approved_on_validation,우선 점검 후보
2022-10-02,AST-3019,A2,0,0.0033120557415761,6.620266586021394e-12,7.179197066626916e-15,MRO-70005;MRO-10045;MRO-10046,MRO-10045;MRO-10046;MRO-10047,Belt Conveyor,CHN-02,train,12,normal,normal,approved_on_validation,우선 점검 후보
2022-10-02,AST-4055,A2,0,0.0032555781787103,6.694384249663547e-12,6.810884175640172e-15,MRO-10045;MRO-10047;MRO-20031,MRO-10045;MRO-10047;MRO-20031,Screw Compressor,DHR-03,train,12,normal,normal,approved_on_validation,우선 점검 후보
2022-10-02,AST-4061,A2,0,0.0032483300837573,6.613548796704214e-12,6.736916517151879e-15,MRO-70005;MRO-10045;MRO-20031,MRO-10045;MRO-20031;MRO-50009,Screw Compressor,DHR-03,train,12,normal,normal,approved_on_validation,우선 점검 후보
2022-10-02,AST-5003,A2,0,0.0035671121528898,8.826640207592981e-12,1.0197376416356022e-14,MRO-70005;MRO-20031;MRO-10045,MRO-20031;MRO-10045;MRO-10046,EOT Crane,DHR-03,train,12,normal,normal,approved_on_validation,우선 점검 후보
2022-10-02,AST-5007,A2,0,0.0032081738888188,6.251619750682905e-12,6.320137996545319e-15,MRO-10046;MRO-50009;MRO-80001,MRO-10046;MRO-50009;MRO-80001,EOT Crane,PUN-01,train,12,normal,normal,approved_on_validation,우선 점검 후보
2022-10-03,AST-1041,A2,10,7.503227730012224,0.1847277593348265,0.1296849891811719,MRO-10045;MRO-20031;MRO-70004,MRO-10045;MRO-20031;MRO-10047,CNC Lathe,PUN-01,train,12,risk,risk,approved_on_validation,우선 점검 후보
2022-10-03,AST-1042,A2,10,6.746882290334241,0.1421120705725506,0.0929285929946889,MRO-50009;MRO-10046;MRO-10045,MRO-50009;MRO-10046;MRO-10045,CNC Lathe,PUN-01,train,12,risk,risk,approved_on_validation,우선 점검 후보
2022-10-03,AST-2017,A2,14,9.50791910429792,0.3315138034051932,0.2495973527929969,MRO-20031;MRO-10045;MRO-10047,MRO-20031;MRO-10045;MRO-10047,Hydraulic Press,PUN-01,train,12,high_risk,risk,approved_on_validation,우선 점검 후보
2022-10-03,AST-2031,A2,11,8.055689914943265,0.2171541742519683,0.1605827688057999,MRO-70005;MRO-70004;MRO-50009,MRO-50009;MRO-20031;MRO-10047,Hydraulic Press,CHN-02,train,12,risk,risk,approved_on_validation,우선 점검 후보
2022-10-03,AST-3008,A2,10,8.312924225693624,0.2376004066581026,0.1738591937378945,MRO-10046;MRO-40022;MRO-40021,MRO-10046;MRO-10047;MRO-20031,Belt Conveyor,CHN-02,train,12,risk,risk,approved_on_validation,우선 점검 후보
2022-10-03,AST-3019,A2,7,6.059591459593303,0.1042226772133597,0.0659261463804197,MRO-40022;MRO-10045;MRO-20031,MRO-10045;MRO-20031;MRO-50009,Belt Conveyor,CHN-02,train,12,risk,risk,approved_on_validation,우선 점검 후보
2022-10-03,AST-4055,A2,11,8.165034251070093,0.2283398574605373,0.166732273663231,MRO-50009;MRO-10045;MRO-10047,MRO-50009;MRO-10045;MRO-10047,Screw Compressor,DHR-03,train,12,risk,risk,approved_on_validation,우선 점검 후보
2022-10-03,AST-4061,A2,3,7.20483048500756,0.1665551482039051,0.1133299839930747,MRO-20033;MRO-10047;MRO-80001,MRO-10047;MRO-80001;MRO-10046,Screw Compressor,DHR-03,train,12,caution,risk,approved_on_validation,우선 점검 후보
2022-10-03,AST-5003,A2,16,8.3783459782154,0.2445331890173819,0.1776465504921079,MRO-10045;MRO-10047;MRO-10046,MRO-10045;MRO-10047;MRO-10046,EOT Crane,DHR-03,train,12,high_risk,risk,approved_on_validation,우선 점검 후보
2022-10-03,AST-5007,A2,6,5.9619444276887865,0.0997975914426709,0.062203007955372,MRO-10045;MRO-10047;MRO-80001,MRO-10045;MRO-10047;MRO-80001,EOT Crane,PUN-01,train,12,risk,risk,approved_on_validation,우선 점검 후보
2022-10-04,AST-1041,A2,10,7.082300703018386,0.159860024849038,0.1076759124514007,MRO-20031;MRO-80001;MRO-10047,MRO-20031;MRO-80001;MRO-10047,CNC Lathe,PUN-01,train,12,risk,risk,approved_on_validation,우선 점검 후보
2022-10-04,AST-1042,A2,8,6.682038833217326,0.1358681622569718,0.0900240612093242,MRO-40022;MRO-10045;MRO-20031,MRO-10045;MRO-20031;MRO-80001,CNC Lathe,PUN-01,train,12,risk,risk,approved_on_validation,우선 점검 후보
2022-10-04,AST-2017,A2,14,9.03247264679753,0.2932258783935979,0.2213014907474032,MRO-10046;MRO-10045;MRO-50009,MRO-10046;MRO-10045;MRO-50009,Hydraulic Press,PUN-01,train,12,high_risk,risk,approved_on_validation,우선 점검 후보
2022-10-04,AST-2031,A2,8,7.834052590365901,0.2067405297866954,0.1479348906462179,MRO-10045;MRO-20031;MRO-80001,MRO-10045;MRO-20031;MRO-80001,Hydraulic Press,CHN-02,train,12,risk,risk,approved_on_validation,우선 점검 후보
2022-10-04,AST-3008,A2,18,7.433109709115938,0.1818924361829213,0.1256053705105313,MRO-10046;MRO-20031;MRO-50009,MRO-10046;MRO-20031;MRO-50009,Belt Conveyor,CHN-02,train,12,high_risk,risk,approved_on_validation,우선 점검 후보
2022-10-04,AST-3019,A2,12,6.051857017841442,0.1034353505761811,0.06576110175464,MRO-40022;MRO-10045;MRO-50009,MRO-10045;MRO-50009;MRO-80001,Belt Conveyor,CHN-02,train,12,high_risk,risk,approved_on_validation,우선 점검 후보
2022-10-04,AST-4055,A2,7,8.439415837640405,0.2461663055787148,0.1830270571413191,MRO-70004;MRO-10045;MRO-20031,MRO-10045;MRO-20031;MRO-10047,Screw Compressor,DHR-03,train,12,risk,risk,approved_on_validation,우선 점검 후보
2022-10-04,AST-4061,A2,2,7.065588331885384,0.1579998536052093,0.1073775998567529,MRO-10047;MRO-80001;MRO-10045,MRO-10047;MRO-80001;MRO-10045,Screw Compressor,DHR-03,train,12,caution,risk,approved_on_validation,우선 점검 후보
2022-10-04,AST-5003,A2,12,9.023590096603042,0.2949302812867123,0.2201975192899221,MRO-20031;MRO-50009;MRO-80001,MRO-20031;MRO-50009;MRO-80001,EOT Crane,DHR-03,train,12,high_risk,risk,approved_on_validation,우선 점검 후보
2022-10-04,AST-5007,A2,5,5.489833537206682,0.0764101898131461,0.0466713023652053,MRO-10047;MRO-10045;MRO-50008,MRO-10047;MRO-10045;MRO-20031,EOT Crane,PUN-01,train,12,caution,caution,approved_on_validation,우선 점검 후보
2022-10-05,AST-1041,A2,1,7.386919602239503,0.1763741776594775,0.1234786586634083,MRO-80001;MRO-10047;MRO-20031,MRO-80001;MRO-10047;MRO-20031,CNC Lathe,PUN-01,train,12,caution,risk,approved_on_validation,우선 점검 후보
2022-10-05,AST-1042,A2,10,7.312441728572061,0.1759934556385722,0.1191530795796308,MRO-40022;MRO-80001;MRO-10047,MRO-80001;MRO-10047;MRO-10046,CNC Lathe,PUN-01,train,12,risk,risk,approved_on_validation,우선 점검 후보
2022-10-05,AST-2017,A2,18,9.016851701336485,0.2934574352761849,0.2195190032095942,MRO-10045;MRO-10047;MRO-80001,MRO-10045;MRO-10047;MRO-80001,Hydraulic Press,PUN-01,train,12,high_risk,risk,approved_on_validation,우선 점검 후보
2022-10-05,AST-2031,A2,2,8.010109203448698,0.217658924998368,0.1579802669840929,MRO-20031;MRO-10045;MRO-10046,MRO-20031;MRO-10045;MRO-10046,Hydraulic Press,CHN-02,train,12,caution,risk,approved_on_validation,우선 점검 후보
2022-10-05,AST-3008,A2,0,6.9489122422618275,0.1516474970390578,0.1018123480874611,MRO-10047;MRO-40021;MRO-20031,MRO-10047;MRO-20031;MRO-50009,Belt Conveyor,CHN-02,train,12,normal,risk,approved_on_validation,우선 점검 후보
2022-10-05,AST-3019,A2,15,7.3334665738766835,0.1768845854345929,0.1210072800409281,MRO-20031;MRO-50009;MRO-10045,MRO-20031;MRO-50009;MRO-10045,Belt Conveyor,CHN-02,train,12,high_risk,risk,approved_on_validation,우선 점검 후보
2022-10-05,AST-4055,A2,14,8.192447258964838,0.233222512972245,0.166263539757988,MRO-80001;MRO-20031;MRO-10045,MRO-80001;MRO-20031;MRO-10045,Screw Compressor,DHR-03,train,12,high_risk,risk,approved_on_validation,우선 점검 후보
2022-10-05,AST-4061,A2,4,6.6701551847847105,0.1372703332784944,0.0898518836324773,MRO-10047;MRO-80001;MRO-10046,MRO-10047;MRO-80001;MRO-10046,Screw Compressor,DHR-03,train,12,caution,risk,approved_on_validation,우선 점검 후보
2022-10-05,AST-5003,A2,8,8.336782837911734,0.2428103044782457,0.1762420213651536,MRO-10045;MRO-10047;MRO-80001,MRO-10045;MRO-10047;MRO-80001,EOT Crane,DHR-03,train,12,risk,risk,approved_on_validation,우선 점검 후보
2022-10-05,AST-5007,A2,4,5.480847355387825,0.0774533652043489,0.046513597508317,MRO-10045;MRO-10047;MRO-20031,MRO-10045;MRO-10047;MRO-20031,EOT Crane,PUN-01,train,12,caution,caution,approved_on_validation,우선 점검 후보
2022-10-06,AST-1041,A2,0,6.018274949423433,0.0985789057077825,0.0629371870566352,MRO-10047;MRO-20031;MRO-20033,MRO-10047;MRO-20031;MRO-80001,CNC Lathe,PUN-01,train,12,normal,risk,approved_on_validation,우선 점검 후보
2022-10-06,AST-1042,A2,2,6.628637165894953,0.1361235347982968,0.0879183593460447,MRO-10045;MRO-50009;MRO-10047,MRO-10045;MRO-50009;MRO-10047,CNC Lathe,PUN-01,train,12,caution,risk,approved_on_validation,우선 점검 후보
2022-10-06,AST-2017,A2,14,7.668793853126888,0.194334706071016,0.1362711834102459,MRO-40022;MRO-10045;MRO-80001,MRO-10045;MRO-80001;MRO-10047,Hydraulic Press,PUN-01,train,12,high_risk,risk,approved_on_validation,우선 점검 후보
2022-10-06,AST-2031,A2,11,8.014408291944996,0.2184710864320266,0.1577866278967898,MRO-20031;MRO-80001;MRO-10047,MRO-20031;MRO-80001;MRO-10047,Hydraulic Press,CHN-02,train,12,risk,risk,approved_on_validation,우선 점검 후보
2022-10-06,AST-3008,A2,8,7.090879129015211,0.1596276876699711,0.108312286347725,MRO-20031;MRO-10046;MRO-40022,MRO-20031;MRO-10046;MRO-10047,Belt Conveyor,CHN-02,train,12,risk,risk,approved_on_validation,우선 점검 후보
2022-10-06,AST-3019,A2,3,5.974303135712459,0.1006042395037995,0.0635272981536167,MRO-20031;MRO-80001;MRO-50009,MRO-20031;MRO-80001;MRO-50009,Belt Conveyor,CHN-02,train,12,caution,risk,approved_on_validation,우선 점검 후보
2022-10-06,AST-4055,A2,12,8.409317278768151,0.2520001548183663,0.1800827051609812,MRO-20031;MRO-10045;MRO-80001,MRO-20031;MRO-10045;MRO-80001,Screw Compressor,DHR-03,train,12,high_risk,risk,approved_on_validation,우선 점검 후보
2022-10-06,AST-4061,A2,5,6.727478792363976,0.1398719019319526,0.0918144490399483,MRO-10046;MRO-10047;MRO-80001,MRO-10046;MRO-10047;MRO-80001,Screw Compressor,DHR-03,train,12,caution,risk,approved_on_validation,우선 점검 후보
2022-10-06,AST-5003,A2,9,8.445806461827676,0.2483193764475115,0.1822807156885325,MRO-10047;MRO-80001;MRO-10046,MRO-10047;MRO-80001;MRO-10046,EOT Crane,DHR-03,train,12,risk,risk,approved_on_validation,우선 점검 후보
2022-10-06,AST-5007,A2,6,5.514281344026816,0.0781281282821111,0.0474104933807232,MRO-10045;MRO-10047;MRO-10046,MRO-10045;MRO-10047;MRO-10046,EOT Crane,PUN-01,train,12,risk,caution,approved_on_validation,우선 점검 후보
2022-10-07,AST-1041,A2,5,6.583637794979308,0.1257214223341313,0.084452376340423,MRO-40022;MRO-30011;MRO-10047,MRO-10047;MRO-20031;MRO-80001,CNC Lathe,PUN-01,train,12,caution,risk,approved_on_validation,우선 점검 후보
2022-10-07,AST-1042,A2,3,6.702437816388445,0.1381014406637783,0.0908168250000921,MRO-10047;MRO-80001;MRO-50009,MRO-10047;MRO-80001;MRO-50009,CNC Lathe,PUN-01,train,12,caution,risk,approved_on_validation,우선 점검 후보
2022-10-07,AST-2017,A2,6,8.468322791631318,0.2518348551647325,0.1836934168688297,MRO-80001;MRO-10047;MRO-50009,MRO-80001;MRO-10047;MRO-50009,Hydraulic Press,PUN-01,train,12,risk,risk,approved_on_validation,우선 점검 후보
2022-10-07,AST-2031,A2,12,7.701930260555625,0.2008139022750625,0.1407882841811725,MRO-80001;MRO-20031;MRO-10045,MRO-80001;MRO-20031;MRO-10045,Hydraulic Press,CHN-02,train,12,high_risk,risk,approved_on_validation,우선 점검 후보
2022-10-07,AST-3008,A2,10,6.1248816620290265,0.104995813583755,0.0672690386504848,MRO-10046;MRO-40022;MRO-30011,MRO-10046;MRO-10047;MRO-20031,Belt Conveyor,CHN-02,train,12,risk,risk,approved_on_validation,우선 점검 후보
2022-10-07,AST-3019,A2,4,5.94548009429498,0.0999663069180152,0.0623078193911907,MRO-50009;MRO-20031;MRO-80001,MRO-50009;MRO-20031;MRO-80001,Belt Conveyor,CHN-02,train,12,caution,risk,approved_on_validation,우선 점검 후보
2022-10-07,AST-4055,A2,8,8.378682808372531,0.2465380366131536,0.179410360766466,MRO-10046;MRO-10045;MRO-80001,MRO-10046;MRO-10045;MRO-80001,Screw Compressor,DHR-03,train,12,risk,risk,approved_on_validation,우선 점검 후보
2022-10-07,AST-4061,A2,8,7.31296043932443,0.1759316889889552,0.1194083472331718,MRO-10045;MRO-10046;MRO-10047,MRO-10045;MRO-10046;MRO-10047,Screw Compressor,DHR-03,train,12,risk,risk,approved_on_validation,우선 점검 후보
2022-10-07,AST-5003,A2,13,8.536208774240146,0.2558399611776644,0.188523432758044,MRO-10045;MRO-10046;MRO-20031,MRO-10045;MRO-10046;MRO-20031,EOT Crane,DHR-03,train,12,high_risk,risk,approved_on_validation,우선 점검 후보
2022-10-07,AST-5007,A2,2,5.559261954578665,0.0811790718540188,0.0489790727461553,MRO-10047;MRO-10046;MRO-80001,MRO-10047;MRO-10046;MRO-80001,EOT Crane,PUN-01,train,12,caution,caution,approved_on_validation,우선 점검 후보
2022-10-08,AST-1041,A2,0,0.0032286443105116,6.531122585649848e-12,6.573701136834471e-15,MRO-10046;MRO-10047;MRO-20031,MRO-10046;MRO-10047;MRO-20031,CNC Lathe,PUN-01,train,12,normal,normal,approved_on_validation,우선 점검 후보
2022-10-08,AST-1042,A2,0,0.0032440806302712,6.620353726670529e-12,6.714903507469284e-15,MRO-10045;MRO-10046;MRO-10047,MRO-10045;MRO-10046;MRO-10047,CNC Lathe,PUN-01,train,12,normal,normal,approved_on_validation,우선 점검 후보
2022-10-08,AST-2017,A2,0,0.0032471337156984,6.466587304015264e-12,6.628250139680198e-15,MRO-90011;MRO-70004;MRO-30011,MRO-10047;MRO-80001;MRO-50009,Hydraulic Press,PUN-01,train,12,normal,normal,approved_on_validation,우선 점검 후보
2022-10-08,AST-2031,A2,0,0.0033108516005398,6.95507262439321e-12,7.194694139480195e-15,MRO-20031;MRO-30011;MRO-40021,MRO-20031;MRO-10045;MRO-10046,Hydraulic Press,CHN-02,train,12,normal,normal,approved_on_validation,우선 점검 후보
2022-10-08,AST-3008,A2,0,0.003243943097469,6.098528524285458e-12,6.6550506526625205e-15,MRO-70005;MRO-10045;MRO-10047,MRO-10045;MRO-10047;MRO-20031,Belt Conveyor,CHN-02,train,12,normal,normal,approved_on_validation,우선 점검 후보
2022-10-08,AST-3019,A2,0,0.0032731375286436,6.620347353948027e-12,6.907944411105963e-15,MRO-90012;MRO-70005;MRO-30011,MRO-10045;MRO-10046;MRO-10047,Belt Conveyor,CHN-02,train,12,normal,normal,approved_on_validation,우선 점검 후보
2022-10-08,AST-4055,A2,0,0.0032523152403956,6.66935993627625e-12,6.7785875682864506e-15,MRO-10046;MRO-50009;MRO-80001,MRO-10046;MRO-50009;MRO-80001,Screw Compressor,DHR-03,train,12,normal,normal,approved_on_validation,우선 점검 후보
2022-10-08,AST-4061,A2,0,0.0032524481558063,6.705231673412682e-12,6.798626199903202e-15,MRO-20031;MRO-10045;MRO-10046,MRO-20031;MRO-10045;MRO-10046,Screw Compressor,DHR-03,train,12,normal,normal,approved_on_validation,우선 점검 후보
2022-10-08,AST-5003,A2,0,0.0033927274328167,6.629184147351541e-12,7.687992821302436e-15,MRO-70005;MRO-70004;MRO-10045,MRO-10045;MRO-10047;MRO-80001,EOT Crane,DHR-03,train,12,normal,normal,approved_on_validation,우선 점검 후보
2022-10-08,AST-5007,A2,0,0.0032448009911896,6.613473972963256e-12,6.6936629528269646e-15,MRO-30011;MRO-10046;MRO-10047,MRO-10046;MRO-10047;MRO-20031,EOT Crane,PUN-01,train,12,normal,normal,approved_on_validation,우선 점검 후보
2022-10-09,AST-1041,A2,0,0.0032273941117235,6.531102806111109e-12,6.568831616813057e-15,MRO-10046;MRO-10047;MRO-20031,MRO-10046;MRO-10047;MRO-20031,CNC Lathe,PUN-01,train,12,normal,normal,approved_on_validation,우선 점검 후보
2022-10-09,AST-1042,A2,0,0.0032442314202481,6.62036039547405e-12,6.7147874542799886e-15,MRO-10045;MRO-10046;MRO-10047,MRO-10045;MRO-10046;MRO-10047,CNC Lathe,PUN-01,train,12,normal,normal,approved_on_validation,우선 점검 후보
2022-10-09,AST-2017,A2,0,0.0032370286149106,6.524212027415803e-12,6.620251082264449e-15,MRO-70005;MRO-10047;MRO-50009,MRO-10047;MRO-50009;MRO-80001,Hydraulic Press,PUN-01,train,12,normal,normal,approved_on_validation,우선 점검 후보
2022-10-09,AST-2031,A2,0,0.0032401459323391,6.147456264532442e-12,6.412699710785249e-15,MRO-70005;MRO-20033;MRO-30012,MRO-10045;MRO-10046;MRO-20031,Hydraulic Press,CHN-02,train,12,normal,normal,approved_on_validation,우선 점검 후보
2022-10-09,AST-3008,A2,0,0.0033688448733871,6.651555640585899e-12,7.542354493209623e-15,MRO-70005;MRO-10047;MRO-20031,MRO-10047;MRO-20031;MRO-50009,Belt Conveyor,CHN-02,train,12,normal,normal,approved_on_validation,우선 점검 후보
2022-10-09,AST-3019,A2,0,0.0032256851573701,6.6201100835746126e-12,6.6340130163898145e-15,MRO-10045;MRO-10046;MRO-10047,MRO-10045;MRO-10046;MRO-10047,Belt Conveyor,CHN-02,train,12,normal,normal,approved_on_validation,우선 점검 후보
2022-10-09,AST-4055,A2,0,0.0032558775662221,6.694396009996217e-12,6.810923539616579e-15,MRO-10046;MRO-10047;MRO-20031,MRO-10046;MRO-10047;MRO-20031,Screw Compressor,DHR-03,train,12,normal,normal,approved_on_validation,우선 점검 후보
2022-10-09,AST-4061,A2,0,0.0032377424349926,6.6094805200680036e-12,6.673981157672641e-15,MRO-10045;MRO-10046;MRO-10047,MRO-10045;MRO-10046;MRO-10047,Screw Compressor,DHR-03,train,12,normal,normal,approved_on_validation,우선 점검 후보
2022-10-09,AST-5003,A2,0,0.0037119907105896,1.1487933608311328e-11,1.2729097248938788e-14,MRO-70005;MRO-50009;MRO-10045,MRO-50009;MRO-10045;MRO-10046,EOT Crane,DHR-03,train,12,normal,normal,approved_on_validation,우선 점검 후보
2022-10-09,AST-5007,A2,0,0.0032352125772123,6.620332513866529e-12,6.659772800636016e-15,MRO-10045;MRO-10046;MRO-10047,MRO-10045;MRO-10046;MRO-10047,EOT Crane,PUN-01,train,12,normal,normal,approved_on_validation,우선 점검 후보
2022-10-10,AST-1041,A2,7,7.389110925143074,0.1766986304038853,0.1235420898096718,MRO-50009;MRO-10045;MRO-10047,MRO-50009;MRO-10045;MRO-10047,CNC Lathe,PUN-01,train,12,risk,risk,approved_on_validation,우선 점검 후보
2022-10-10,AST-1042,A2,9,6.562378231482526,0.1290055219615036,0.0853106231204579,MRO-50009;MRO-80001;MRO-10045,MRO-50009;MRO-80001;MRO-10045,CNC Lathe,PUN-01,train,12,risk,risk,approved_on_validation,우선 점검 후보
2022-10-10,AST-2017,A2,2,8.529068041259718,0.2567717551908151,0.1871314619890212,MRO-50009;MRO-10047;MRO-80001,MRO-50009;MRO-10047;MRO-80001,Hydraulic Press,PUN-01,train,12,caution,risk,approved_on_validation,우선 점검 후보
2022-10-10,AST-2031,A2,9,7.76788568021968,0.2025829789790561,0.1447026275147537,MRO-50009;MRO-10047;MRO-20031,MRO-50009;MRO-10047;MRO-20031,Hydraulic Press,CHN-02,train,12,risk,risk,approved_on_validation,우선 점검 후보
2022-10-10,AST-3008,A2,6,7.323760860170017,0.1725826465595136,0.1215646844310167,MRO-10045;MRO-80001;MRO-50009,MRO-10045;MRO-80001;MRO-50009,Belt Conveyor,CHN-02,train,12,risk,risk,approved_on_validation,우선 점검 후보
2022-10-10,AST-3019,A2,3,5.983862850204968,0.0979459427002034,0.0630041015526253,MRO-70004;MRO-40022;MRO-20031,MRO-20031;MRO-80001;MRO-50009,Belt Conveyor,CHN-02,train,12,caution,risk,approved_on_validation,우선 점검 후보
2022-10-10,AST-4055,A2,6,8.259566609500148,0.2391470384478932,0.171609508670246,MRO-20031;MRO-10045;MRO-10047,MRO-20031;MRO-10045;MRO-10047,Screw Compressor,DHR-03,train,12,risk,risk,approved_on_validation,우선 점검 후보
2022-10-10,AST-4061,A2,2,7.195483686776731,0.1667441808239838,0.1129790294702804,MRO-20031;MRO-10045;MRO-50009,MRO-20031;MRO-10045;MRO-50009,Screw Compressor,DHR-03,train,12,caution,risk,approved_on_validation,우선 점검 후보
2022-10-10,AST-5003,A2,12,9.445731316162949,0.3193564588462133,0.2476139754224905,MRO-40021;MRO-20033;MRO-50009,MRO-50009;MRO-10046;MRO-10045,EOT Crane,DHR-03,train,12,high_risk,risk,approved_on_validation,우선 점검 후보
2022-10-10,AST-5007,A2,4,4.945877712914551,0.0547247336099773,0.0313924536074066,MRO-40022;MRO-20033;MRO-40021,MRO-10047;MRO-10046;MRO-80001,EOT Crane,PUN-01,train,12,caution,caution,approved_on_validation,우선 점검 후보
2022-10-11,AST-1041,A2,3,7.302094820341445,0.1702117019256906,0.118909017586732,MRO-10047;MRO-10045;MRO-80001,MRO-10047;MRO-10045;MRO-80001,CNC Lathe,PUN-01,train,12,caution,risk,approved_on_validation,우선 점검 후보
2022-10-11,AST-1042,A2,16,6.387924526010786,0.1210775031173722,0.0777749317801553,MRO-10045;MRO-80001;MRO-10046,MRO-10045;MRO-80001;MRO-10046,CNC Lathe,PUN-01,train,12,high_risk,risk,approved_on_validation,우선 점검 후보
2022-10-11,AST-2017,A2,10,8.801062787628759,0.2776370487745707,0.2056468379480316,MRO-10046;MRO-10045;MRO-10047,MRO-10046;MRO-10045;MRO-10047,Hydraulic Press,PUN-01,train,12,risk,risk,approved_on_validation,우선 점검 후보
2022-10-11,AST-2031,A2,8,7.644623813809417,0.1951740841779983,0.1367211029590004,MRO-50009;MRO-20031;MRO-80001,MRO-50009;MRO-20031;MRO-80001,Hydraulic Press,CHN-02,train,12,risk,risk,approved_on_validation,우선 점검 후보
2022-10-11,AST-3008,A2,9,7.442927191522021,0.1807949301604724,0.1257950586165718,MRO-10046;MRO-20031;MRO-50009,MRO-10046;MRO-20031;MRO-50009,Belt Conveyor,CHN-02,train,12,risk,risk,approved_on_validation,우선 점검 후보
2022-10-11,AST-3019,A2,10,6.097634645256845,0.1054901967478075,0.067351789656005,MRO-20031;MRO-50009;MRO-80001,MRO-20031;MRO-50009;MRO-80001,Belt Conveyor,CHN-02,train,12,risk,risk,approved_on_validation,우선 점검 후보
2022-10-11,AST-4055,A2,10,8.193827409297464,0.2276821651032245,0.1698126721374432,MRO-80001;MRO-70005;MRO-20031,MRO-80001;MRO-20031;MRO-10045,Screw Compressor,DHR-03,train,12,risk,risk,approved_on_validation,우선 점검 후보
2022-10-11,AST-4061,A2,10,7.227887528475865,0.167748442363119,0.1150375334793546,MRO-20031;MRO-10045;MRO-50009,MRO-20031;MRO-10045;MRO-50009,Screw Compressor,DHR-03,train,12,risk,risk,approved_on_validation,우선 점검 후보
2022-10-11,AST-5003,A2,14,7.755330850662279,0.2026436428808128,0.1434205475049599,MRO-50009;MRO-10046;MRO-10045,MRO-50009;MRO-10046;MRO-10045,EOT Crane,DHR-03,train,12,high_risk,risk,approved_on_validation,우선 점검 후보
2022-10-11,AST-5007,A2,3,5.344920860270258,0.0701801623865995,0.0413313361702004,MRO-50008;MRO-80002;MRO-30011,MRO-10047;MRO-80001;MRO-10046,EOT Crane,PUN-01,train,12,caution,caution,approved_on_validation,우선 점검 후보
2022-10-12,AST-1041,A2,4,7.5610848464981375,0.1863894789992408,0.13169440209509,MRO-10045;MRO-80001;MRO-80002,MRO-10045;MRO-80001;MRO-20031,CNC Lathe,PUN-01,train,12,caution,risk,approved_on_validation,우선 점검 후보
2022-10-12,AST-1042,A2,6,6.261411056138163,0.1151550634718411,0.0726144854775148,MRO-80001;MRO-10047;MRO-50009,MRO-80001;MRO-10047;MRO-50009,CNC Lathe,PUN-01,train,12,risk,risk,approved_on_validation,우선 점검 후보
2022-10-12,AST-2017,A2,14,9.030050478168372,0.2943923786328372,0.2205430767000738,MRO-10047;MRO-50009;MRO-80001,MRO-10047;MRO-50009;MRO-80001,Hydraulic Press,PUN-01,train,12,high_risk,risk,approved_on_validation,우선 점검 후보
2022-10-12,AST-2031,A2,6,7.2720032505690835,0.1716405867657794,0.1184806436103214,MRO-10045;MRO-50009;MRO-80001,MRO-10045;MRO-50009;MRO-80001,Hydraulic Press,CHN-02,train,12,risk,risk,approved_on_validation,우선 점검 후보
2022-10-12,AST-3008,A2,2,7.071233915947016,0.1607383870168562,0.1085621232185845,MRO-10045;MRO-10047;MRO-20031,MRO-10045;MRO-10047;MRO-20031,Belt Conveyor,CHN-02,train,12,caution,risk,approved_on_validation,우선 점검 후보
2022-10-12,AST-3019,A2,3,5.997677488913566,0.1003037233601123,0.0642420336426273,MRO-40022;MRO-50009;MRO-80001,MRO-50009;MRO-80001;MRO-20031,Belt Conveyor,CHN-02,train,12,caution,risk,approved_on_validation,우선 점검 후보
2022-10-12,AST-4055,A2,5,8.19409604460252,0.2314262279497034,0.1688794708870572,MRO-70004;MRO-80001;MRO-50009,MRO-80001;MRO-50009;MRO-10045,Screw Compressor,DHR-03,train,12,caution,risk,approved_on_validation,우선 점검 후보
2022-10-12,AST-4061,A2,5,8.0616480394721,0.2259334136876603,0.1598967570927307,MRO-80001;MRO-20031;MRO-10045,MRO-80001;MRO-20031;MRO-10045,Screw Compressor,DHR-03,train,12,caution,risk,approved_on_validation,우선 점검 후보
2022-10-12,AST-5003,A2,6,8.124931911354507,0.2308557551447571,0.1627917164018626,MRO-50009;MRO-10047;MRO-10046,MRO-50009;MRO-10047;MRO-10046,EOT Crane,DHR-03,train,12,risk,risk,approved_on_validation,우선 점검 후보
2022-10-12,AST-5007,A2,3,5.367061020134085,0.0705873268384491,0.0425906291759303,MRO-80002;MRO-10047;MRO-80001,MRO-10047;MRO-80001;MRO-10046,EOT Crane,PUN-01,train,12,caution,caution,approved_on_validation,우선 점검 후보
2022-10-13,AST-1041,A2,0,6.1094104569798064,0.1050260301381042,0.0668391298434725,MRO-10045;MRO-10046;MRO-10047,MRO-10045;MRO-10046;MRO-10047,CNC Lathe,PUN-01,train,12,normal,risk,approved_on_validation,우선 점검 후보
2022-10-13,AST-1042,A2,10,6.655556850853459,0.1362493866612789,0.0895059206620241,MRO-10047;MRO-50009;MRO-10045,MRO-10047;MRO-50009;MRO-10045,CNC Lathe,PUN-01,train,12,risk,risk,approved_on_validation,우선 점검 후보
2022-10-13,AST-2017,A2,14,9.082360183845887,0.3001869139968712,0.2234909087573243,MRO-10046;MRO-10045;MRO-50009,MRO-10046;MRO-10045;MRO-50009,Hydraulic Press,PUN-01,train,12,high_risk,risk,approved_on_validation,우선 점검 후보
2022-10-13,AST-2031,A2,11,8.55191196906759,0.2539291452971604,0.1911457053829489,MRO-20032;MRO-10045;MRO-50009,MRO-10045;MRO-50009;MRO-80001,Hydraulic Press,CHN-02,train,12,risk,risk,approved_on_validation,우선 점검 후보
2022-10-13,AST-3008,A2,2,7.082077254211283,0.1608810411440118,0.1082661262513141,MRO-10045;MRO-10046;MRO-10047,MRO-10045;MRO-10046;MRO-10047,Belt Conveyor,CHN-02,train,12,caution,risk,approved_on_validation,우선 점검 후보
2022-10-13,AST-3019,A2,12,6.048074313756353,0.1049491663005564,0.0650992923490743,MRO-40022;MRO-50009;MRO-80001,MRO-50009;MRO-80001;MRO-20031,Belt Conveyor,CHN-02,train,12,high_risk,risk,approved_on_validation,우선 점검 후보
2022-10-13,AST-4055,A2,10,8.509895029678423,0.254377940524293,0.1859831554640014,MRO-80001;MRO-10045;MRO-10047,MRO-80001;MRO-10045;MRO-10047,Screw Compressor,DHR-03,train,12,risk,risk,approved_on_validation,우선 점검 후보
2022-10-13,AST-4061,A2,12,7.154357512299564,0.1640110681344113,0.1110217119075583,MRO-20031;MRO-10046;MRO-10047,MRO-20031;MRO-10046;MRO-10047,Screw Compressor,DHR-03,train,12,high_risk,risk,approved_on_validation,우선 점검 후보
2022-10-13,AST-5003,A2,10,7.989509240398873,0.215400416903762,0.1535889715653162,MRO-10046;MRO-50008;MRO-20031,MRO-10046;MRO-20031;MRO-10047,EOT Crane,DHR-03,train,12,risk,risk,approved_on_validation,우선 점검 후보
2022-10-13,AST-5007,A2,5,5.5438790232490485,0.0793637007850349,0.0483056520351917,MRO-80001;MRO-10047;MRO-10046,MRO-80001;MRO-10047;MRO-10046,EOT Crane,PUN-01,train,12,caution,caution,approved_on_validation,우선 점검 후보
2022-10-14,AST-1041,A2,8,7.279917013290123,0.170359770722025,0.1176529792294122,MRO-50009;MRO-10045;MRO-10047,MRO-50009;MRO-10045;MRO-10047,CNC Lathe,PUN-01,train,12,risk,risk,approved_on_validation,우선 점검 후보
2022-10-14,AST-1042,A2,10,7.395413677773739,0.1739303165205281,0.1252098675093261,MRO-20032;MRO-80001;MRO-70005,MRO-80001;MRO-10045;MRO-10047,CNC Lathe,PUN-01,train,12,risk,risk,approved_on_validation,우선 점검 후보
2022-10-14,AST-2017,A2,12,8.692039789684529,0.2695558465840277,0.1989028757290768,MRO-10046;MRO-10045;MRO-50009,MRO-10046;MRO-10045;MRO-50009,Hydraulic Press,PUN-01,train,12,high_risk,risk,approved_on_validation,우선 점검 후보
2022-10-14,AST-2031,A2,3,8.18133966549542,0.2297833380614313,0.1667398894528027,MRO-10045;MRO-20031;MRO-80001,MRO-10045;MRO-20031;MRO-80001,Hydraulic Press,CHN-02,train,12,caution,risk,approved_on_validation,우선 점검 후보
2022-10-14,AST-3008,A2,15,7.225585346618912,0.170014622755783,0.1160130416151141,MRO-10045;MRO-10046;MRO-80001,MRO-10045;MRO-10046;MRO-80001,Belt Conveyor,CHN-02,train,12,high_risk,risk,approved_on_validation,우선 점검 후보
2022-10-14,AST-3019,A2,6,5.616534604557665,0.0875770320781142,0.0516322232140722,MRO-50009;MRO-80001;MRO-20031,MRO-50009;MRO-80001;MRO-20031,Belt Conveyor,CHN-02,train,12,risk,caution,approved_on_validation,우선 점검 후보
2022-10-14,AST-4055,A2,8,8.140282762555175,0.2321138985346099,0.1638854267933573,MRO-20031;MRO-80001;MRO-10045,MRO-20031;MRO-80001;MRO-10045,Screw Compressor,DHR-03,train,12,risk,risk,approved_on_validation,우선 점검 후보
2022-10-14,AST-4061,A2,3,7.354546490634838,0.1743854250895619,0.1198855611674566,MRO-40022;MRO-80001;MRO-20031,MRO-80001;MRO-20031;MRO-10046,Screw Compressor,DHR-03,train,12,caution,risk,approved_on_validation,우선 점검 후보
2022-10-14,AST-5003,A2,6,6.843747472609133,0.148495993647208,0.095549943819405,MRO-50009;MRO-80001;MRO-10046,MRO-50009;MRO-80001;MRO-10046,EOT Crane,DHR-03,train,12,risk,risk,approved_on_validation,우선 점검 후보
2022-10-14,AST-5007,A2,8,5.429476699005717,0.074743905179205,0.0449640263428417,MRO-80001;MRO-40021;MRO-10045,MRO-80001;MRO-10045;MRO-10047,EOT Crane,PUN-01,train,12,risk,caution,approved_on_validation,우선 점검 후보
2022-10-15,AST-1041,A2,0,0.0032382448265471,6.621663597913646e-12,6.6797401626941705e-15,MRO-50009;MRO-10045;MRO-10046,MRO-50009;MRO-10045;MRO-10046,CNC Lathe,PUN-01,train,12,normal,normal,approved_on_validation,우선 점검 후보
2022-10-15,AST-1042,A2,0,0.0031810351414876,6.050086087295702e-12,6.0383034886999735e-15,MRO-10045;MRO-50009;MRO-20033,MRO-10045;MRO-50009;MRO-10046,CNC Lathe,PUN-01,train,12,normal,normal,approved_on_validation,우선 점검 후보
2022-10-15,AST-2017,A2,0,0.0033057497833567,6.9535252100305175e-12,7.183307357579456e-15,MRO-10047;MRO-80001;MRO-10045,MRO-10047;MRO-80001;MRO-10045,Hydraulic Press,PUN-01,train,12,normal,normal,approved_on_validation,우선 점검 후보
2022-10-15,AST-2031,A2,0,0.0032381663664992,6.566955253672247e-12,6.653505746297375e-15,MRO-10046;MRO-10047;MRO-20031,MRO-10046;MRO-10047;MRO-20031,Hydraulic Press,CHN-02,train,12,normal,normal,approved_on_validation,우선 점검 후보
2022-10-15,AST-3008,A2,0,0.0032952654678028,6.669365931428295e-12,7.064271200163117e-15,MRO-90011;MRO-70005;MRO-70004,MRO-10045;MRO-10046;MRO-10047,Belt Conveyor,CHN-02,train,12,normal,normal,approved_on_validation,우선 점검 후보
2022-10-15,AST-3019,A2,0,0.0032537968351425,6.76253034302894e-12,6.829161033126874e-15,MRO-20031;MRO-40022;MRO-10045,MRO-20031;MRO-10045;MRO-10046,Belt Conveyor,CHN-02,train,12,normal,normal,approved_on_validation,우선 점검 후보
2022-10-15,AST-4055,A2,0,0.0032371059482006,6.4715682980633306e-12,6.5812527267685785e-15,MRO-10046;MRO-10047;MRO-20031,MRO-10046;MRO-10047;MRO-20031,Screw Compressor,DHR-03,train,12,normal,normal,approved_on_validation,우선 점검 후보
2022-10-15,AST-4061,A2,0,0.0032502904876287,6.568277952876194e-12,6.715894325326333e-15,MRO-70005;MRO-40022;MRO-10045,MRO-10045;MRO-20031;MRO-50009,Screw Compressor,DHR-03,train,12,normal,normal,approved_on_validation,우선 점검 후보
2022-10-15,AST-5003,A2,0,0.0039501692838401,1.3733293565969039e-11,1.6186744921169238e-14,MRO-70005;MRO-50009;MRO-10045,MRO-50009;MRO-10045;MRO-10046,EOT Crane,DHR-03,train,12,normal,normal,approved_on_validation,우선 점검 후보
2022-10-15,AST-5007,A2,0,0.0032733703419925,6.602592579265208e-12,6.904317460065792e-15,MRO-70004;MRO-10045;MRO-10046,MRO-10045;MRO-10046;MRO-20031,EOT Crane,PUN-01,train,12,normal,normal,approved_on_validation,우선 점검 후보
2022-10-16,AST-1041,A2,0,0.0032437607607157,6.625302440240165e-12,6.716972510994587e-15,MRO-70005;MRO-50009;MRO-10045,MRO-50009;MRO-10045;MRO-10046,CNC Lathe,PUN-01,train,12,normal,normal,approved_on_validation,우선 점검 후보
2022-10-16,AST-1042,A2,0,0.0032432052793103,6.606341399321187e-12,6.700320888858551e-15,MRO-10045;MRO-10046;MRO-20031,MRO-10045;MRO-10046;MRO-20031,CNC Lathe,PUN-01,train,12,normal,normal,approved_on_validation,우선 점검 후보
2022-10-16,AST-2017,A2,0,0.0032310175900654,6.5292338632993746e-12,6.583447230004614e-15,MRO-10045;MRO-50009;MRO-20033,MRO-10045;MRO-50009;MRO-10047,Hydraulic Press,PUN-01,train,12,normal,normal,approved_on_validation,우선 점검 후보
2022-10-16,AST-2031,A2,0,0.0032559538434935,6.626419549625336e-12,6.822528365830586e-15,MRO-70005;MRO-10045;MRO-10046,MRO-10045;MRO-10046;MRO-10047,Hydraulic Press,CHN-02,train,12,normal,normal,approved_on_validation,우선 점검 후보
2022-10-16,AST-3008,A2,0,0.0032244649851738,6.597078465796196e-12,6.5742973214219826e-15,MRO-10045;MRO-10046;MRO-10047,MRO-10045;MRO-10046;MRO-10047,Belt Conveyor,CHN-02,train,12,normal,normal,approved_on_validation,우선 점검 후보
2022-10-16,AST-3019,A2,0,0.0032085297508621,6.612964289110829e-12,6.539316440220855e-15,MRO-10045;MRO-10046;MRO-10047,MRO-10045;MRO-10046;MRO-10047,Belt Conveyor,CHN-02,train,12,normal,normal,approved_on_validation,우선 점검 후보
2022-10-16,AST-4055,A2,0,0.0032548232271375,6.672938926718721e-12,6.792580279852361e-15,MRO-10046;MRO-10047;MRO-20031,MRO-10046;MRO-10047;MRO-20031,Screw Compressor,DHR-03,train,12,normal,normal,approved_on_validation,우선 점검 후보
2022-10-16,AST-4061,A2,0,0.0032605662051852,6.703918025344601e-12,6.847387705627956e-15,MRO-70005;MRO-10045;MRO-10046,MRO-10045;MRO-10046;MRO-10047,Screw Compressor,DHR-03,train,12,normal,normal,approved_on_validation,우선 점검 후보
2022-10-16,AST-5003,A2,0,0.0033579122300444,6.630196837779294e-12,7.469247683153096e-15,MRO-70005;MRO-50009;MRO-10046,MRO-50009;MRO-10046;MRO-10047,EOT Crane,DHR-03,train,12,normal,normal,approved_on_validation,우선 점검 후보
2022-10-16,AST-5007,A2,0,0.003324648403259,6.613340231220276e-12,7.243711786762075e-15,MRO-70005;MRO-10045;MRO-10046,MRO-10045;MRO-10046;MRO-20031,EOT Crane,PUN-01,train,12,normal,normal,approved_on_validation,우선 점검 후보
2022-10-17,AST-1041,A2,6,7.799922677728755,0.204874609847634,0.1456747110010584,MRO-10046;MRO-10045;MRO-50009,MRO-10046;MRO-10045;MRO-50009,CNC Lathe,PUN-01,train,12,risk,risk,approved_on_validation,우선 점검 후보
2022-10-17,AST-1042,A2,1,6.6572821304588246,0.1358141662534302,0.0899570533656543,MRO-10047;MRO-20031;MRO-80001,MRO-10047;MRO-20031;MRO-80001,CNC Lathe,PUN-01,train,12,caution,risk,approved_on_validation,우선 점검 후보
2022-10-17,AST-2017,A2,11,8.70672459978131,0.2696305959800071,0.1997958058436177,MRO-10047;MRO-10045;MRO-50009,MRO-10047;MRO-10045;MRO-50009,Hydraulic Press,PUN-01,train,12,risk,risk,approved_on_validation,우선 점검 후보
2022-10-17,AST-2031,A2,5,8.009446749060379,0.2181377428501485,0.1583196841891936,MRO-50009;MRO-10045;MRO-10046,MRO-50009;MRO-10045;MRO-10046,Hydraulic Press,CHN-02,train,12,caution,risk,approved_on_validation,우선 점검 후보
2022-10-17,AST-3008,A2,7,7.047758574721006,0.1589376628819157,0.1070524713969042,MRO-20031;MRO-50009;MRO-10046,MRO-20031;MRO-50009;MRO-10046,Belt Conveyor,CHN-02,train,12,risk,risk,approved_on_validation,우선 점검 후보
2022-10-17,AST-3019,A2,2,6.086745010883615,0.1051939918991019,0.0672641454128706,MRO-20031;MRO-50009;MRO-80001,MRO-20031;MRO-50009;MRO-80001,Belt Conveyor,CHN-02,train,12,caution,risk,approved_on_validation,우선 점검 후보
2022-10-17,AST-4055,A2,7,8.450463710325717,0.2514938404734355,0.1819659826796225,MRO-50009;MRO-10045;MRO-80001,MRO-50009;MRO-10045;MRO-80001,Screw Compressor,DHR-03,train,12,risk,risk,approved_on_validation,우선 점검 후보
2022-10-17,AST-4061,A2,5,6.5970301874062836,0.1314380882361955,0.0858589004760711,MRO-30011;MRO-80001;MRO-10046,MRO-80001;MRO-10046;MRO-10047,Screw Compressor,DHR-03,train,12,caution,risk,approved_on_validation,우선 점검 후보
2022-10-17,AST-5003,A2,6,7.637767275023073,0.1955914844890854,0.1350706706300294,MRO-10046;MRO-80001;MRO-10047,MRO-10046;MRO-80001;MRO-10047,EOT Crane,DHR-03,train,12,risk,risk,approved_on_validation,우선 점검 후보
2022-10-17,AST-5007,A2,7,4.971892824985873,0.0550170132030204,0.0317294509148493,MRO-40022;MRO-50009;MRO-80002,MRO-50009;MRO-10047;MRO-10045,EOT Crane,PUN-01,train,12,risk,caution,approved_on_validation,우선 점검 후보
2022-10-18,AST-1041,A2,3,7.545978981830864,0.1871027074604027,0.132111710926383,MRO-50009;MRO-10045;MRO-20031,MRO-50009;MRO-10045;MRO-20031,CNC Lathe,PUN-01,train,12,caution,risk,approved_on_validation,우선 점검 후보
2022-10-18,AST-1042,A2,0,6.508454386983328,0.1282671082700181,0.0829716303715171,MRO-10045;MRO-50009;MRO-20031,MRO-10045;MRO-50009;MRO-20031,CNC Lathe,PUN-01,train,12,normal,risk,approved_on_validation,우선 점검 후보
2022-10-18,AST-2017,A2,8,8.389268641252048,0.2464098083778082,0.1806079490606291,MRO-80001;MRO-10045;MRO-50009,MRO-80001;MRO-10045;MRO-50009,Hydraulic Press,PUN-01,train,12,risk,risk,approved_on_validation,우선 점검 후보
2022-10-18,AST-2031,A2,13,8.026041316317777,0.2203082537136996,0.1579207977865415,MRO-50009;MRO-20031;MRO-80001,MRO-50009;MRO-20031;MRO-80001,Hydraulic Press,CHN-02,train,12,high_risk,risk,approved_on_validation,우선 점검 후보
2022-10-18,AST-3008,A2,2,7.0718433738998145,0.1588374536551618,0.107619332073503,MRO-20031;MRO-50009;MRO-10045,MRO-20031;MRO-50009;MRO-10045,Belt Conveyor,CHN-02,train,12,caution,risk,approved_on_validation,우선 점검 후보
2022-10-18,AST-3019,A2,13,5.912473032072095,0.0977087634897214,0.0613209670266346,MRO-20031;MRO-50009;MRO-80001,MRO-20031;MRO-50009;MRO-80001,Belt Conveyor,CHN-02,train,12,high_risk,risk,approved_on_validation,우선 점검 후보
2022-10-18,AST-4055,A2,4,8.219454894020833,0.2327853688502123,0.1693416718188394,MRO-10045;MRO-50009;MRO-20033,MRO-10045;MRO-50009;MRO-20031,Screw Compressor,DHR-03,train,12,caution,risk,approved_on_validation,우선 점검 후보
2022-10-18,AST-4061,A2,7,6.9338417384094875,0.1517752666761806,0.1011017421425486,MRO-10047;MRO-80001;MRO-20031,MRO-10047;MRO-80001;MRO-20031,Screw Compressor,DHR-03,train,12,risk,risk,approved_on_validation,우선 점검 후보
2022-10-18,AST-5003,A2,2,8.269995182588167,0.2368159334206058,0.1722505436873083,MRO-10046;MRO-50009;MRO-10047,MRO-10046;MRO-50009;MRO-10047,EOT Crane,DHR-03,train,12,caution,risk,approved_on_validation,우선 점검 후보
2022-10-18,AST-5007,A2,7,7.908071882643925,0.2088085535096532,0.1503682823573177,MRO-10046;MRO-50009;MRO-40021,MRO-10046;MRO-50009;MRO-10047,EOT Crane,PUN-01,train,12,risk,risk,approved_on_validation,우선 점검 후보
2022-10-19,AST-1041,A2,3,7.086306563708909,0.1565826459758103,0.1077112721679277,MRO-30011;MRO-10045;MRO-50009,MRO-10045;MRO-50009;MRO-80001,CNC Lathe,PUN-01,train,12,caution,risk,approved_on_validation,우선 점검 후보
2022-10-19,AST-1042,A2,2,6.5451515454999765,0.1307556650916555,0.083863674100104,MRO-50009;MRO-10047;MRO-80001,MRO-50009;MRO-10047;MRO-80001,CNC Lathe,PUN-01,train,12,caution,risk,approved_on_validation,우선 점검 후보
2022-10-19,AST-2017,A2,13,9.394437064487825,0.3239190690645903,0.2455980331553408,MRO-80001;MRO-50009;MRO-20031,MRO-80001;MRO-50009;MRO-20031,Hydraulic Press,PUN-01,train,12,high_risk,risk,approved_on_validation,우선 점검 후보
2022-10-19,AST-2031,A2,4,7.7955797531468995,0.2072536694699324,0.1456972072718556,MRO-50009;MRO-80001;MRO-10045,MRO-50009;MRO-80001;MRO-10045,Hydraulic Press,CHN-02,train,12,caution,risk,approved_on_validation,우선 점검 후보
2022-10-19,AST-3008,A2,9,7.040793635866077,0.1543551283727441,0.1060444374408565,MRO-10046;MRO-10047;MRO-20031,MRO-10046;MRO-10047;MRO-20031,Belt Conveyor,CHN-02,train,12,risk,risk,approved_on_validation,우선 점검 후보
2022-10-19,AST-3019,A2,8,5.785517419419576,0.0944133367629172,0.0569164312140582,MRO-10045;MRO-10047;MRO-50009,MRO-10045;MRO-10047;MRO-50009,Belt Conveyor,CHN-02,train,12,risk,risk,approved_on_validation,우선 점검 후보
2022-10-19,AST-4055,A2,11,8.551076332728242,0.2594280819066914,0.1885459186616077,MRO-50009;MRO-10047;MRO-20031,MRO-50009;MRO-10047;MRO-20031,Screw Compressor,DHR-03,train,12,risk,risk,approved_on_validation,우선 점검 후보
2022-10-19,AST-4061,A2,10,7.413359308108379,0.1796083904798976,0.1244848071270014,MRO-10046;MRO-20031;MRO-10047,MRO-10046;MRO-20031;MRO-10047,Screw Compressor,DHR-03,train,12,risk,risk,approved_on_validation,우선 점검 후보
2022-10-19,AST-5003,A2,0,8.147842259442331,0.2272313302805965,0.1649438869834275,MRO-50009;MRO-80001;MRO-10047,MRO-50009;MRO-80001;MRO-10047,EOT Crane,DHR-03,train,12,normal,risk,approved_on_validation,우선 점검 후보
2022-10-19,AST-5007,A2,0,5.729651035794395,0.0880333299177486,0.0543457166698157,MRO-10046;MRO-10047;MRO-80002,MRO-10046;MRO-10047;MRO-10045,EOT Crane,PUN-01,train,12,normal,caution,approved_on_validation,우선 점검 후보
2022-10-20,AST-1041,A2,6,6.675445352983854,0.1359146711389382,0.0893016530594837,MRO-10045;MRO-50009;MRO-10047,MRO-10045;MRO-50009;MRO-10047,CNC Lathe,PUN-01,train,12,risk,risk,approved_on_validation,우선 점검 후보
2022-10-20,AST-1042,A2,4,6.448845958965394,0.124364819540193,0.0806302644144108,MRO-10047;MRO-20031;MRO-80001,MRO-10047;MRO-20031;MRO-80001,CNC Lathe,PUN-01,train,12,caution,risk,approved_on_validation,우선 점검 후보
2022-10-20,AST-2017,A2,4,7.309956850405552,0.1721998955652848,0.1181128821641161,MRO-10045;MRO-10047;MRO-20031,MRO-10045;MRO-10047;MRO-20031,Hydraulic Press,PUN-01,train,12,caution,risk,approved_on_validation,우선 점검 후보
2022-10-20,AST-2031,A2,14,8.87890356350583,0.2793080089458448,0.2119359670867387,MRO-80001;MRO-50009;MRO-20031,MRO-80001;MRO-50009;MRO-20031,Hydraulic Press,CHN-02,train,12,high_risk,risk,approved_on_validation,우선 점검 후보
2022-10-20,AST-3008,A2,12,7.792690284167353,0.2028526316229352,0.146063006437277,MRO-80001;MRO-10045;MRO-10046,MRO-80001;MRO-10045;MRO-10046,Belt Conveyor,CHN-02,train,12,high_risk,risk,approved_on_validation,우선 점검 후보
2022-10-20,AST-3019,A2,8,6.1123827123580465,0.1087043783367024,0.0685712223467187,MRO-10047;MRO-80001;MRO-10045,MRO-10047;MRO-80001;MRO-10045,Belt Conveyor,CHN-02,train,12,risk,risk,approved_on_validation,우선 점검 후보
2022-10-20,AST-4055,A2,10,8.016334126002464,0.2218406835478118,0.1575082816161456,MRO-10045;MRO-10046;MRO-20031,MRO-10045;MRO-10046;MRO-20031,Screw Compressor,DHR-03,train,12,risk,risk,approved_on_validation,우선 점검 후보
2022-10-20,AST-4061,A2,5,6.740090773432261,0.1412751418980437,0.0931049940558744,MRO-10046;MRO-20031;MRO-10047,MRO-10046;MRO-20031;MRO-10047,Screw Compressor,DHR-03,train,12,caution,risk,approved_on_validation,우선 점검 후보
2022-10-20,AST-5003,A2,7,8.270400359523341,0.2361588799156169,0.1712629281977775,MRO-10046;MRO-30011;MRO-10045,MRO-10046;MRO-10045;MRO-80001,EOT Crane,DHR-03,train,12,risk,risk,approved_on_validation,우선 점검 후보
2022-10-20,AST-5007,A2,0,5.3075931485090315,0.0699016525791972,0.0418106535461671,MRO-10047;MRO-10046;MRO-10045,MRO-10047;MRO-10046;MRO-10045,EOT Crane,PUN-01,train,12,normal,caution,approved_on_validation,우선 점검 후보
2022-10-21,AST-1041,A2,10,6.548284173636071,0.1271792215000194,0.0837739291077754,MRO-10045;MRO-50009;MRO-80001,MRO-10045;MRO-50009;MRO-80001,CNC Lathe,PUN-01,train,12,risk,risk,approved_on_validation,우선 점검 후보
2022-10-21,AST-1042,A2,14,7.690549577191378,0.199828451934027,0.1350514081600447,MRO-50008;MRO-40022;MRO-40021,MRO-10047;MRO-80001;MRO-20031,CNC Lathe,PUN-01,train,12,high_risk,risk,approved_on_validation,우선 점검 후보
2022-10-21,AST-2017,A2,16,8.8017641786595,0.2776983858902944,0.204297436449261,MRO-10047;MRO-50009;MRO-10045,MRO-10047;MRO-50009;MRO-10045,Hydraulic Press,PUN-01,train,12,high_risk,risk,approved_on_validation,우선 점검 후보
2022-10-21,AST-2031,A2,16,7.727158758072564,0.2010701958604719,0.1419489203255213,MRO-10045;MRO-80001;MRO-50009,MRO-10045;MRO-80001;MRO-50009,Hydraulic Press,CHN-02,train,12,high_risk,risk,approved_on_validation,우선 점검 후보
2022-10-21,AST-3008,A2,4,7.367258949938187,0.1776515267114697,0.12186482501325,MRO-80001;MRO-20031;MRO-10046,MRO-80001;MRO-20031;MRO-10046,Belt Conveyor,CHN-02,train,12,caution,risk,approved_on_validation,우선 점검 후보
2022-10-21,AST-3019,A2,5,5.741555502246849,0.0910818023246789,0.0555423291310148,MRO-10045;MRO-50009;MRO-10047,MRO-10045;MRO-50009;MRO-10047,Belt Conveyor,CHN-02,train,12,caution,caution,approved_on_validation,우선 점검 후보
2022-10-21,AST-4055,A2,4,8.321620490823609,0.2412320477002683,0.1758643365332854,MRO-80001;MRO-10047;MRO-20031,MRO-80001;MRO-10047;MRO-20031,Screw Compressor,DHR-03,train,12,caution,risk,approved_on_validation,우선 점검 후보
2022-10-21,AST-4061,A2,6,7.166708369175202,0.1641645316234167,0.1130786320987279,MRO-80001;MRO-10045;MRO-20031,MRO-80001;MRO-10045;MRO-20031,Screw Compressor,DHR-03,train,12,risk,risk,approved_on_validation,우선 점검 후보
2022-10-21,AST-5003,A2,3,8.117400790538817,0.2282691971103272,0.1632499200211168,MRO-10045;MRO-50009;MRO-10046,MRO-10045;MRO-50009;MRO-10046,EOT Crane,DHR-03,train,12,caution,risk,approved_on_validation,우선 점검 후보
2022-10-21,AST-5007,A2,2,5.677890116763245,0.0846617130062758,0.0522905865892816,MRO-10047;MRO-10045;MRO-50009,MRO-10047;MRO-10045;MRO-50009,EOT Crane,PUN-01,train,12,caution,caution,approved_on_validation,우선 점검 후보
2022-10-22,AST-1041,A2,0,0.0033256769402977,7.935902513273503e-12,7.958315281286136e-15,MRO-10045;MRO-50009;MRO-70004,MRO-10045;MRO-50009;MRO-10046,CNC Lathe,PUN-01,train,12,normal,normal,approved_on_validation,우선 점검 후보
2022-10-22,AST-1042,A2,0,0.003158188791621,6.329024804419101e-12,6.2105785026842715e-15,MRO-10045;MRO-10046;MRO-20031,MRO-10045;MRO-10046;MRO-20031,CNC Lathe,PUN-01,train,12,normal,normal,approved_on_validation,우선 점검 후보
2022-10-22,AST-2017,A2,0,0.0033196750805211,7.068683004875333e-12,7.315534096542481e-15,MRO-10045;MRO-10047;MRO-20033,MRO-10045;MRO-10047;MRO-50009,Hydraulic Press,PUN-01,train,12,normal,normal,approved_on_validation,우선 점검 후보
2022-10-22,AST-2031,A2,0,0.0033323976588858,7.498022589718564e-12,7.653755706446082e-15,MRO-50009;MRO-80002;MRO-10046,MRO-50009;MRO-10046;MRO-10047,Hydraulic Press,CHN-02,train,12,normal,normal,approved_on_validation,우선 점검 후보
2022-10-22,AST-3008,A2,0,0.0033194882677039,6.0687732061258605e-12,6.865074841017378e-15,MRO-70005;MRO-10045;MRO-10046,MRO-10045;MRO-10046;MRO-20031,Belt Conveyor,CHN-02,train,12,normal,normal,approved_on_validation,우선 점검 후보
2022-10-22,AST-3019,A2,0,0.0032206944425849,6.608141059022364e-12,6.5935324612895975e-15,MRO-10045;MRO-10046;MRO-10047,MRO-10045;MRO-10046;MRO-10047,Belt Conveyor,CHN-02,train,12,normal,normal,approved_on_validation,우선 점검 후보
2022-10-22,AST-4055,A2,0,0.0032464278136437,6.6871152521076105e-12,6.775377432354576e-15,MRO-10045;MRO-10046;MRO-10047,MRO-10045;MRO-10046;MRO-10047,Screw Compressor,DHR-03,train,12,normal,normal,approved_on_validation,우선 점검 후보
2022-10-22,AST-4061,A2,0,0.0032567186101114,6.673697437451828e-12,6.810024359481716e-15,MRO-70005;MRO-10045;MRO-10046,MRO-10045;MRO-10046;MRO-10047,Screw Compressor,DHR-03,train,12,normal,normal,approved_on_validation,우선 점검 후보
2022-10-22,AST-5003,A2,0,0.0034223041939226,7.359571035957341e-12,8.338409201098217e-15,MRO-70005;MRO-50009;MRO-10045,MRO-50009;MRO-10045;MRO-10046,EOT Crane,DHR-03,train,12,normal,normal,approved_on_validation,우선 점검 후보
2022-10-22,AST-5007,A2,0,0.0033303724458194,6.620496283078975e-12,7.262030284645366e-15,MRO-70005;MRO-30012;MRO-10045,MRO-10045;MRO-10046;MRO-10047,EOT Crane,PUN-01,train,12,normal,normal,approved_on_validation,우선 점검 후보
2022-10-23,AST-1041,A2,0,0.003230759057194,6.5607963583075506e-12,6.600847142013507e-15,MRO-10046;MRO-10047;MRO-20031,MRO-10046;MRO-10047;MRO-20031,CNC Lathe,PUN-01,train,12,normal,normal,approved_on_validation,우선 점검 후보
2022-10-23,AST-1042,A2,0,0.0032426180808704,6.613321891008933e-12,6.704626952512807e-15,MRO-10045;MRO-10046;MRO-10047,MRO-10045;MRO-10046;MRO-10047,CNC Lathe,PUN-01,train,12,normal,normal,approved_on_validation,우선 점검 후보
2022-10-23,AST-2017,A2,0,0.0032568958188064,6.6767711740318815e-12,6.809872223850199e-15,MRO-30011;MRO-40022;MRO-60015,MRO-10046;MRO-50009;MRO-80001,Hydraulic Press,PUN-01,train,12,normal,normal,approved_on_validation,우선 점검 후보
2022-10-23,AST-2031,A2,0,0.0034032541002966,8.348479561079737e-12,8.630739899636148e-15,MRO-50009;MRO-10045;MRO-80001,MRO-50009;MRO-10045;MRO-80001,Hydraulic Press,CHN-02,train,12,normal,normal,approved_on_validation,우선 점검 후보
2022-10-23,AST-3008,A2,0,0.0033728132459833,6.689631754403857e-12,7.588657658951201e-15,MRO-70005;MRO-10045;MRO-10046,MRO-10045;MRO-10046;MRO-20031,Belt Conveyor,CHN-02,train,12,normal,normal,approved_on_validation,우선 점검 후보
2022-10-23,AST-3019,A2,0,0.0032369569337454,6.613318153951878e-12,6.667835046155504e-15,MRO-10046;MRO-10047;MRO-20031,MRO-10046;MRO-10047;MRO-20031,Belt Conveyor,CHN-02,train,12,normal,normal,approved_on_validation,우선 점검 후보
2022-10-23,AST-4055,A2,0,0.0032564655793246,6.701491446688629e-12,6.819250660407478e-15,MRO-10045;MRO-10046;MRO-10047,MRO-10045;MRO-10046;MRO-10047,Screw Compressor,DHR-03,train,12,normal,normal,approved_on_validation,우선 점검 후보
2022-10-23,AST-4061,A2,0,0.003246086518123,6.620342904531349e-12,6.729982269751965e-15,MRO-70005;MRO-10045;MRO-10046,MRO-10045;MRO-10046;MRO-10047,Screw Compressor,DHR-03,train,12,normal,normal,approved_on_validation,우선 점검 후보
2022-10-23,AST-5003,A2,0,0.0033386565089899,6.300580462989324e-12,7.128021192560616e-15,MRO-70005;MRO-10045;MRO-10046,MRO-10045;MRO-10046;MRO-10047,EOT Crane,DHR-03,train,12,normal,normal,approved_on_validation,우선 점검 후보
2022-10-23,AST-5007,A2,0,0.0033355167110252,6.620559049647389e-12,7.285591162423176e-15,MRO-70005;MRO-30012;MRO-10045,MRO-10045;MRO-10046;MRO-10047,EOT Crane,PUN-01,train,12,normal,normal,approved_on_validation,우선 점검 후보
2022-10-24,AST-1041,A2,5,7.35520591874115,0.1747400127559867,0.121755455943022,MRO-10045;MRO-50009;MRO-20031,MRO-10045;MRO-50009;MRO-20031,CNC Lathe,PUN-01,train,12,caution,risk,approved_on_validation,우선 점검 후보
2022-10-24,AST-1042,A2,8,7.1715063032313076,0.1689052758295504,0.1130629547625612,MRO-10047;MRO-80001;MRO-10046,MRO-10047;MRO-80001;MRO-10046,CNC Lathe,PUN-01,train,12,risk,risk,approved_on_validation,우선 점검 후보
2022-10-24,AST-2017,A2,6,8.152172304074973,0.2330496396665692,0.1656374108271532,MRO-10046;MRO-10047;MRO-50009,MRO-10046;MRO-10047;MRO-50009,Hydraulic Press,PUN-01,train,12,risk,risk,approved_on_validation,우선 점검 후보
2022-10-24,AST-2031,A2,5,7.366058084777825,0.1788821525409706,0.1230874888218748,MRO-50009;MRO-10045;MRO-80001,MRO-50009;MRO-10045;MRO-80001,Hydraulic Press,CHN-02,train,12,caution,risk,approved_on_validation,우선 점검 후보
2022-10-24,AST-3008,A2,4,7.138350810409375,0.1624089445707441,0.110916121537366,MRO-10045;MRO-10046;MRO-10047,MRO-10045;MRO-10046;MRO-10047,Belt Conveyor,CHN-02,train,12,caution,risk,approved_on_validation,우선 점검 후보
2022-10-24,AST-3019,A2,6,6.07653798134497,0.10545297230365,0.0665954483113731,MRO-40022;MRO-10045;MRO-20031,MRO-10045;MRO-20031;MRO-80001,Belt Conveyor,CHN-02,train,12,risk,risk,approved_on_validation,우선 점검 후보
2022-10-24,AST-4055,A2,6,8.392892036013913,0.246031384151689,0.1805683075049927,MRO-20031;MRO-50009;MRO-10046,MRO-20031;MRO-50009;MRO-10046,Screw Compressor,DHR-03,train,12,risk,risk,approved_on_validation,우선 점검 후보
2022-10-24,AST-4061,A2,6,7.120040126526843,0.1615851260006919,0.1100550380181249,MRO-10046;MRO-10045;MRO-20031,MRO-10046;MRO-10045;MRO-20031,Screw Compressor,DHR-03,train,12,risk,risk,approved_on_validation,우선 점검 후보
2022-10-24,AST-5003,A2,12,8.16046820829102,0.2304218306196868,0.1647214319005804,MRO-20031;MRO-80001;MRO-10045,MRO-20031;MRO-80001;MRO-10045,EOT Crane,DHR-03,train,12,high_risk,risk,approved_on_validation,우선 점검 후보
2022-10-24,AST-5007,A2,9,5.89150547915729,0.0944690308250414,0.059411669443017,MRO-10047;MRO-50009;MRO-10046,MRO-10047;MRO-50009;MRO-10046,EOT Crane,PUN-01,train,12,risk,risk,approved_on_validation,우선 점검 후보
2022-10-25,AST-1041,A2,10,8.188971298384569,0.2351728977620477,0.1667832305873111,MRO-50009;MRO-10045;MRO-20033,MRO-50009;MRO-10045;MRO-80001,CNC Lathe,PUN-01,train,12,risk,risk,approved_on_validation,우선 점검 후보
2022-10-25,AST-1042,A2,3,6.727781846883317,0.1370368064638139,0.0926951144897491,MRO-70005;MRO-40022;MRO-20031,MRO-20031;MRO-80001;MRO-10047,CNC Lathe,PUN-01,train,12,caution,risk,approved_on_validation,우선 점검 후보
2022-10-25,AST-2017,A2,12,8.602025507836503,0.2625900911557662,0.1924419475429932,MRO-10047;MRO-10045;MRO-20031,MRO-10047;MRO-10045;MRO-20031,Hydraulic Press,PUN-01,train,12,high_risk,risk,approved_on_validation,우선 점검 후보
2022-10-25,AST-2031,A2,8,7.977616214757455,0.2154470256062322,0.1553787936825151,MRO-10045;MRO-80001;MRO-20031,MRO-10045;MRO-80001;MRO-20031,Hydraulic Press,CHN-02,train,12,risk,risk,approved_on_validation,우선 점검 후보
2022-10-25,AST-3008,A2,15,7.194979125109094,0.1629372287075516,0.1148939168102044,MRO-10047;MRO-10046;MRO-50009,MRO-10047;MRO-10046;MRO-50009,Belt Conveyor,CHN-02,train,12,high_risk,risk,approved_on_validation,우선 점검 후보
2022-10-25,AST-3019,A2,16,6.479671232487395,0.1271657470043204,0.0804350140935063,MRO-80002;MRO-10045;MRO-10047,MRO-10045;MRO-10047;MRO-10046,Belt Conveyor,CHN-02,train,12,high_risk,risk,approved_on_validation,우선 점검 후보
2022-10-25,AST-4055,A2,8,8.348520225912521,0.2421169931165783,0.1781825549037021,MRO-10046;MRO-50009;MRO-20031,MRO-10046;MRO-50009;MRO-20031,Screw Compressor,DHR-03,train,12,risk,risk,approved_on_validation,우선 점검 후보
2022-10-25,AST-4061,A2,6,7.103947100565685,0.1611577331300807,0.1088081317662439,MRO-20031;MRO-80001;MRO-10045,MRO-20031;MRO-80001;MRO-10045,Screw Compressor,DHR-03,train,12,risk,risk,approved_on_validation,우선 점검 후보
2022-10-25,AST-5003,A2,9,8.038717712362148,0.223975047289227,0.158383238535357,MRO-50009;MRO-10045;MRO-10047,MRO-50009;MRO-10045;MRO-10047,EOT Crane,DHR-03,train,12,risk,risk,approved_on_validation,우선 점검 후보
2022-10-25,AST-5007,A2,0,6.3306621764353,0.1150116255990614,0.0753931059251028,MRO-20031;MRO-10045;MRO-20033,MRO-20031;MRO-10045;MRO-10047,EOT Crane,PUN-01,train,12,normal,risk,approved_on_validation,우선 점검 후보
2022-10-26,AST-1041,A2,5,7.227286083463274,0.1705745470217923,0.1156082915453591,MRO-10046;MRO-50009;MRO-80001,MRO-10046;MRO-50009;MRO-80001,CNC Lathe,PUN-01,train,12,caution,risk,approved_on_validation,우선 점검 후보
2022-10-26,AST-1042,A2,0,6.76340613601946,0.1428549722626652,0.0942375642798265,MRO-20031;MRO-80001;MRO-10047,MRO-20031;MRO-80001;MRO-10047,CNC Lathe,PUN-01,train,12,normal,risk,approved_on_validation,우선 점검 후보
2022-10-26,AST-2017,A2,10,8.710565606213446,0.2712056579131076,0.1994105951611081,MRO-80001;MRO-10047;MRO-10045,MRO-80001;MRO-10047;MRO-10045,Hydraulic Press,PUN-01,train,12,risk,risk,approved_on_validation,우선 점검 후보
2022-10-26,AST-2031,A2,12,9.463717709764236,0.323331620083877,0.2496223466837241,MRO-10046;MRO-10045;MRO-80001,MRO-10046;MRO-10045;MRO-80001,Hydraulic Press,CHN-02,train,12,high_risk,risk,approved_on_validation,우선 점검 후보
2022-10-26,AST-3008,A2,7,9.014409388197109,0.2867444764080565,0.2187911305282925,MRO-90011;MRO-10046;MRO-50008,MRO-10046;MRO-10045;MRO-20031,Belt Conveyor,CHN-02,train,12,risk,risk,approved_on_validation,우선 점검 후보
2022-10-26,AST-3019,A2,8,5.5960058727496325,0.0854612293961418,0.0511187597947925,MRO-10047;MRO-20031;MRO-80001,MRO-10047;MRO-20031;MRO-80001,Belt Conveyor,CHN-02,train,12,risk,caution,approved_on_validation,우선 점검 후보
2022-10-26,AST-4055,A2,4,7.906979307452722,0.2104161586469092,0.151873728198556,MRO-10045;MRO-10047;MRO-20031,MRO-10045;MRO-10047;MRO-20031,Screw Compressor,DHR-03,train,12,caution,risk,approved_on_validation,우선 점검 후보
2022-10-26,AST-4061,A2,4,6.71878476395509,0.139019257047685,0.0912386982955555,MRO-30011;MRO-10045;MRO-80001,MRO-10045;MRO-80001;MRO-10046,Screw Compressor,DHR-03,train,12,caution,risk,approved_on_validation,우선 점검 후보
2022-10-26,AST-5003,A2,4,8.133431706930578,0.2322650637174743,0.164003559682265,MRO-50009;MRO-10045;MRO-20031,MRO-50009;MRO-10045;MRO-20031,EOT Crane,DHR-03,train,12,caution,risk,approved_on_validation,우선 점검 후보
2022-10-26,AST-5007,A2,6,4.723491147401453,0.0477554573221913,0.0267406891829452,MRO-50009;MRO-20033;MRO-30011,MRO-50009;MRO-10047;MRO-10045,EOT Crane,PUN-01,train,12,risk,caution,approved_on_validation,우선 점검 후보
2022-10-27,AST-1041,A2,12,7.529475695176979,0.1895274215428516,0.1301818979622611,MRO-10046;MRO-80001;MRO-20031,MRO-10046;MRO-80001;MRO-20031,CNC Lathe,PUN-01,train,12,high_risk,risk,approved_on_validation,우선 점검 후보
2022-10-27,AST-1042,A2,4,6.6508077841800075,0.1377741083558911,0.0888830018571847,MRO-20031;MRO-80001;MRO-10047,MRO-20031;MRO-80001;MRO-10047,CNC Lathe,PUN-01,train,12,caution,risk,approved_on_validation,우선 점검 후보
2022-10-27,AST-2017,A2,3,9.873772942501487,0.3526909096699552,0.277150881921486,MRO-60016;MRO-40022;MRO-40021,MRO-10047;MRO-50009;MRO-80001,Hydraulic Press,PUN-01,train,12,caution,risk,approved_on_validation,우선 점검 후보
2022-10-27,AST-2031,A2,6,7.900510603245462,0.2095227479897603,0.1523739861056276,MRO-70005;MRO-10046;MRO-10047,MRO-10046;MRO-10047;MRO-50009,Hydraulic Press,CHN-02,train,12,risk,risk,approved_on_validation,우선 점검 후보
2022-10-27,AST-3008,A2,7,7.012507167042498,0.1560949252016564,0.1054905831645884,MRO-10046;MRO-10047;MRO-80001,MRO-10046;MRO-10047;MRO-80001,Belt Conveyor,CHN-02,train,12,risk,risk,approved_on_validation,우선 점검 후보
2022-10-27,AST-3019,A2,5,6.341317244407349,0.1187436154344295,0.0767842993627032,MRO-20031;MRO-50009;MRO-80001,MRO-20031;MRO-50009;MRO-80001,Belt Conveyor,CHN-02,train,12,caution,risk,approved_on_validation,우선 점검 후보
2022-10-27,AST-4055,A2,7,8.240025155444416,0.2353082799424715,0.1698911419865803,MRO-10045;MRO-10047;MRO-20031,MRO-10045;MRO-10047;MRO-20031,Screw Compressor,DHR-03,train,12,risk,risk,approved_on_validation,우선 점검 후보
2022-10-27,AST-4061,A2,5,7.1748885913381795,0.1641447966662688,0.1123012705067865,MRO-10045;MRO-20031;MRO-10046,MRO-10045;MRO-20031;MRO-10046,Screw Compressor,DHR-03,train,12,caution,risk,approved_on_validation,우선 점검 후보
2022-10-27,AST-5003,A2,11,7.977317600525704,0.2162513126853656,0.15340203884206,MRO-40021;MRO-10047;MRO-80001,MRO-10047;MRO-80001;MRO-50009,EOT Crane,DHR-03,train,12,risk,risk,approved_on_validation,우선 점검 후보
2022-10-27,AST-5007,A2,6,5.9959335216091,0.1009249755558964,0.0629118541152096,MRO-40022;MRO-10046;MRO-50009,MRO-10046;MRO-50009;MRO-10047,EOT Crane,PUN-01,train,12,risk,risk,approved_on_validation,우선 점검 후보
2022-10-28,AST-1041,A2,6,7.096474671831881,0.1577834987016345,0.1065386197247323,MRO-20033;MRO-10047;MRO-60015,MRO-10047;MRO-50009;MRO-20031,CNC Lathe,PUN-01,train,12,risk,risk,approved_on_validation,우선 점검 후보
2022-10-28,AST-1042,A2,5,6.813477824912861,0.1428290819274807,0.0971895634912969,MRO-70005;MRO-80001;MRO-10046,MRO-80001;MRO-10046;MRO-20031,CNC Lathe,PUN-01,train,12,caution,risk,approved_on_validation,우선 점검 후보
2022-10-28,AST-2017,A2,10,8.779019823192963,0.2768459120422358,0.2039182161270858,MRO-10045;MRO-80001;MRO-10047,MRO-10045;MRO-80001;MRO-10047,Hydraulic Press,PUN-01,train,12,risk,risk,approved_on_validation,우선 점검 후보
2022-10-28,AST-2031,A2,2,7.877130452199208,0.2128741593238422,0.1500964387940313,MRO-10047;MRO-20031;MRO-10046,MRO-10047;MRO-20031;MRO-10046,Hydraulic Press,CHN-02,train,12,caution,risk,approved_on_validation,우선 점검 후보
2022-10-28,AST-3008,A2,2,6.490293346830305,0.124245604012505,0.0808658637837491,MRO-40022;MRO-30012;MRO-10045,MRO-10045;MRO-10046;MRO-20031,Belt Conveyor,CHN-02,train,12,caution,risk,approved_on_validation,우선 점검 후보
2022-10-28,AST-3019,A2,7,5.639456972452031,0.0852612262875068,0.0519725648808618,MRO-50009;MRO-80001;MRO-10047,MRO-50009;MRO-80001;MRO-10047,Belt Conveyor,CHN-02,train,12,risk,caution,approved_on_validation,우선 점검 후보
2022-10-28,AST-4055,A2,8,8.500574732823559,0.2567103442815091,0.1865200940897268,MRO-20031;MRO-10045;MRO-10047,MRO-20031;MRO-10045;MRO-10047,Screw Compressor,DHR-03,train,12,risk,risk,approved_on_validation,우선 점검 후보
2022-10-28,AST-4061,A2,11,6.956227998410697,0.1531209668294122,0.1013950903745294,MRO-50009;MRO-20031;MRO-10045,MRO-50009;MRO-20031;MRO-10045,Screw Compressor,DHR-03,train,12,risk,risk,approved_on_validation,우선 점검 후보
2022-10-28,AST-5003,A2,2,8.051339769714863,0.2208435895468592,0.1585048529012045,MRO-10045;MRO-10047;MRO-20031,MRO-10045;MRO-10047;MRO-20031,EOT Crane,DHR-03,train,12,caution,risk,approved_on_validation,우선 점검 후보
2022-10-28,AST-5007,A2,2,5.763452630722637,0.0896391693687712,0.0545367733712613,MRO-10046;MRO-40022;MRO-80001,MRO-10046;MRO-80001;MRO-10047,EOT Crane,PUN-01,train,12,caution,caution,approved_on_validation,우선 점검 후보
2022-10-29,AST-1041,A2,0,0.0032300038451723,6.592092144914275e-12,6.615794667357041e-15,MRO-10045;MRO-10046;MRO-50009,MRO-10045;MRO-10046;MRO-50009,CNC Lathe,PUN-01,train,12,normal,normal,approved_on_validation,우선 점검 후보
2022-10-29,AST-1042,A2,0,0.0032442955941644,6.61539662499951e-12,6.711862651133812e-15,MRO-10047;MRO-10045;MRO-20031,MRO-10047;MRO-10045;MRO-20031,CNC Lathe,PUN-01,train,12,normal,normal,approved_on_validation,우선 점검 후보
2022-10-29,AST-2017,A2,0,0.0032444770084967,6.513755817159447e-12,6.639324152491213e-15,MRO-60016;MRO-20032;MRO-10047,MRO-10047;MRO-50009;MRO-80001,Hydraulic Press,PUN-01,train,12,normal,normal,approved_on_validation,우선 점검 후보
2022-10-29,AST-2031,A2,0,0.0033250242532678,8.031272672278292e-12,8.002954719650847e-15,MRO-50009;MRO-10045;MRO-10046,MRO-50009;MRO-10045;MRO-10046,Hydraulic Press,CHN-02,train,12,normal,normal,approved_on_validation,우선 점검 후보
2022-10-29,AST-3008,A2,0,0.0032385012981729,6.582192844142381e-12,6.6671132556372495e-15,MRO-70005;MRO-10045;MRO-10046,MRO-10045;MRO-10046;MRO-10047,Belt Conveyor,CHN-02,train,12,normal,normal,approved_on_validation,우선 점검 후보
2022-10-29,AST-3019,A2,0,0.0034175873994712,6.625349988285084e-12,7.371010686647539e-15,MRO-50008;MRO-70005;MRO-10047,MRO-50008;MRO-10047;MRO-10045,Belt Conveyor,CHN-02,train,12,normal,normal,approved_on_validation,우선 점검 후보
2022-10-29,AST-4055,A2,0,0.003253189719705,6.676431057268022e-12,6.7893088452839955e-15,MRO-10045;MRO-10047;MRO-50009,MRO-10045;MRO-10047;MRO-50009,Screw Compressor,DHR-03,train,12,normal,normal,approved_on_validation,우선 점검 후보
2022-10-29,AST-4061,A2,0,0.0032342604058292,6.5728267516675175e-12,6.632733572560575e-15,MRO-70005;MRO-10047;MRO-20031,MRO-10047;MRO-20031;MRO-50009,Screw Compressor,DHR-03,train,12,normal,normal,approved_on_validation,우선 점검 후보
2022-10-29,AST-5003,A2,0,0.0033464361664272,6.4062208563263216e-12,7.246619281871065e-15,MRO-70005;MRO-10045;MRO-10046,MRO-10045;MRO-10046;MRO-10047,EOT Crane,DHR-03,train,12,normal,normal,approved_on_validation,우선 점검 후보
2022-10-29,AST-5007,A2,0,0.0032643093189535,6.186848241893927e-12,6.672531011265143e-15,MRO-70005;MRO-40022;MRO-70004,MRO-10045;MRO-10046;MRO-10047,EOT Crane,PUN-01,train,12,normal,normal,approved_on_validation,우선 점검 후보
2022-10-30,AST-1041,A2,0,0.0032334065221332,6.620331108728568e-12,6.648061500645155e-15,MRO-10045;MRO-10046;MRO-10047,MRO-10045;MRO-10046;MRO-10047,CNC Lathe,PUN-01,train,12,normal,normal,approved_on_validation,우선 점검 후보
2022-10-30,AST-1042,A2,0,0.0032439368641776,6.613350821685328e-12,6.708511910962655e-15,MRO-10045;MRO-10046;MRO-20031,MRO-10045;MRO-10046;MRO-20031,CNC Lathe,PUN-01,train,12,normal,normal,approved_on_validation,우선 점검 후보
2022-10-30,AST-2017,A2,0,0.0032321946660681,6.524194772184714e-12,6.591601159622381e-15,MRO-10047;MRO-50009;MRO-80001,MRO-10047;MRO-50009;MRO-80001,Hydraulic Press,PUN-01,train,12,normal,normal,approved_on_validation,우선 점검 후보
2022-10-30,AST-2031,A2,0,0.0032533868328091,6.728334719181774e-12,6.828997999578403e-15,MRO-50009;MRO-10045;MRO-10046,MRO-50009;MRO-10045;MRO-10046,Hydraulic Press,CHN-02,train,12,normal,normal,approved_on_validation,우선 점검 후보
2022-10-30,AST-3008,A2,0,0.003373478937547,6.7039194169394295e-12,7.603627817984123e-15,MRO-70005;MRO-10045;MRO-10046,MRO-10045;MRO-10046;MRO-10047,Belt Conveyor,CHN-02,train,12,normal,normal,approved_on_validation,우선 점검 후보
2022-10-30,AST-3019,A2,0,0.003239794845517,6.61331572763901e-12,6.686962755744394e-15,MRO-50008;MRO-10045;MRO-10046,MRO-10045;MRO-10046;MRO-20031,Belt Conveyor,CHN-02,train,12,normal,normal,approved_on_validation,우선 점검 후보
2022-10-30,AST-4055,A2,0,0.0032560170642031,6.694390132627345e-12,6.812837982549734e-15,MRO-10045;MRO-10047;MRO-20031,MRO-10045;MRO-10047;MRO-20031,Screw Compressor,DHR-03,train,12,normal,normal,approved_on_validation,우선 점검 후보
2022-10-30,AST-4061,A2,0,0.00324754517619,6.673652203725085e-12,6.7563961494598786e-15,MRO-70005;MRO-10046;MRO-10047,MRO-10046;MRO-10047;MRO-20031,Screw Compressor,DHR-03,train,12,normal,normal,approved_on_validation,우선 점검 후보
2022-10-30,AST-5003,A2,0,0.0032184226646131,6.199487896444906e-12,6.323319414619252e-15,MRO-70005;MRO-10045;MRO-10046,MRO-10045;MRO-10046;MRO-10047,EOT Crane,DHR-03,train,12,normal,normal,approved_on_validation,우선 점검 후보
2022-10-30,AST-5007,A2,0,0.003314853904896,6.620264051695886e-12,7.198113470832205e-15,MRO-70005;MRO-10045;MRO-10046,MRO-10045;MRO-10046;MRO-10047,EOT Crane,PUN-01,train,12,normal,normal,approved_on_validation,우선 점검 후보
2022-10-31,AST-1041,A2,12,7.45504685282676,0.1862177098411688,0.1270297927407836,MRO-80001;MRO-10047;MRO-20031,MRO-80001;MRO-10047;MRO-20031,CNC Lathe,PUN-01,train,12,high_risk,risk,approved_on_validation,우선 점검 후보
2022-10-31,AST-1042,A2,3,6.888505014783248,0.1433477553285622,0.0995485881568258,MRO-70005;MRO-10047;MRO-70004,MRO-10047;MRO-10046;MRO-80001,CNC Lathe,PUN-01,train,12,caution,risk,approved_on_validation,우선 점검 후보
2022-10-31,AST-2017,A2,4,8.387371136725042,0.2481546796043219,0.1792002806604652,MRO-10046;MRO-80001;MRO-50009,MRO-10046;MRO-80001;MRO-50009,Hydraulic Press,PUN-01,train,12,caution,risk,approved_on_validation,우선 점검 후보
2022-10-31,AST-2031,A2,8,7.4638866291353825,0.184289562904727,0.1277815975536129,MRO-10046;MRO-80001;MRO-50009,MRO-10046;MRO-80001;MRO-50009,Hydraulic Press,CHN-02,train,12,risk,risk,approved_on_validation,우선 점검 후보
2022-10-31,AST-3008,A2,9,7.804602722145711,0.2055631342242874,0.1446367649238721,MRO-20033;MRO-10045;MRO-20031,MRO-10045;MRO-20031;MRO-10046,Belt Conveyor,CHN-02,train,12,risk,risk,approved_on_validation,우선 점검 후보
2022-10-31,AST-3019,A2,2,6.797576047683978,0.1397600071345045,0.0934886681994721,MRO-40021;MRO-30011;MRO-40022,MRO-10047;MRO-10045;MRO-20031,Belt Conveyor,CHN-02,train,12,caution,risk,approved_on_validation,우선 점검 후보
2022-10-31,AST-4055,A2,8,8.056992506101953,0.2204214202749223,0.1602264036682881,MRO-10045;MRO-10047;MRO-50009,MRO-10045;MRO-10047;MRO-50009,Screw Compressor,DHR-03,train,12,risk,risk,approved_on_validation,우선 점검 후보
2022-10-31,AST-4061,A2,4,7.056736644919314,0.1592115349924097,0.1069407673712892,MRO-50009;MRO-80001;MRO-10047,MRO-50009;MRO-80001;MRO-10047,Screw Compressor,DHR-03,train,12,caution,risk,approved_on_validation,우선 점검 후보
2022-10-31,AST-5003,A2,10,7.524751893319725,0.1904020890682826,0.1294181708219204,MRO-50009;MRO-80001;MRO-10045,MRO-50009;MRO-80001;MRO-10045,EOT Crane,DHR-03,train,12,risk,risk,approved_on_validation,우선 점검 후보
2022-10-31,AST-5007,A2,2,5.471469015413761,0.0762869382731952,0.0461808331764232,MRO-10047;MRO-50009;MRO-10046,MRO-10047;MRO-50009;MRO-10046,EOT Crane,PUN-01,train,12,caution,caution,approved_on_validation,우선 점검 후보
2022-11-01,AST-1041,A2,6,6.5782765544306745,0.1309272726929996,0.0853550131418516,MRO-10047;MRO-50009;MRO-20031,MRO-10047;MRO-50009;MRO-20031,CNC Lathe,PUN-01,train,12,risk,risk,approved_on_validation,우선 점검 후보
2022-11-01,AST-1042,A2,4,6.679059876318869,0.1388865145168383,0.0905760828686687,MRO-10047;MRO-10046;MRO-80001,MRO-10047;MRO-10046;MRO-80001,CNC Lathe,PUN-01,train,12,caution,risk,approved_on_validation,우선 점검 후보
2022-11-01,AST-2017,A2,0,7.091673959023304,0.1596559824619131,0.1087988622608386,MRO-10046;MRO-80001;MRO-10047,MRO-10046;MRO-80001;MRO-10047,Hydraulic Press,PUN-01,train,12,normal,risk,approved_on_validation,우선 점검 후보
2022-11-01,AST-2031,A2,13,7.7396402371129565,0.1996591964373292,0.1417213178129973,MRO-10045;MRO-20031;MRO-10046,MRO-10045;MRO-20031;MRO-10046,Hydraulic Press,CHN-02,train,12,high_risk,risk,approved_on_validation,우선 점검 후보
2022-11-01,AST-3008,A2,5,6.9056135040622975,0.1492949776722747,0.1007590800646602,MRO-20031;MRO-10046;MRO-10047,MRO-20031;MRO-10046;MRO-10047,Belt Conveyor,CHN-02,train,12,caution,risk,approved_on_validation,우선 점검 후보
2022-11-01,AST-3019,A2,1,6.170188320607717,0.1106005981668235,0.0706709239747272,MRO-10047;MRO-10045;MRO-20031,MRO-10047;MRO-10045;MRO-20031,Belt Conveyor,CHN-02,train,12,caution,risk,approved_on_validation,우선 점검 후보
2022-11-01,AST-4055,A2,8,8.782743170464961,0.2706109829888279,0.2025161413550844,MRO-20033;MRO-20031;MRO-40022,MRO-20031;MRO-10046;MRO-10045,Screw Compressor,DHR-03,train,12,risk,risk,approved_on_validation,우선 점검 후보
2022-11-01,AST-4061,A2,7,7.036792026825463,0.1581444496053955,0.1059164696848718,MRO-10045;MRO-10047;MRO-50009,MRO-10045;MRO-10047;MRO-50009,Screw Compressor,DHR-03,train,12,risk,risk,approved_on_validation,우선 점검 후보
2022-11-01,AST-5003,A2,3,8.285370568034415,0.2370883809352482,0.172444947963356,MRO-10045;MRO-10047;MRO-20031,MRO-10045;MRO-10047;MRO-20031,EOT Crane,DHR-03,train,12,caution,risk,approved_on_validation,우선 점검 후보
2022-11-01,AST-5007,A2,4,6.053351160620764,0.1046759066344139,0.0658183257194868,MRO-10047;MRO-50009;MRO-10045,MRO-10047;MRO-50009;MRO-10045,EOT Crane,PUN-01,train,12,caution,risk,approved_on_validation,우선 점검 후보
2022-11-02,AST-1041,A2,5,7.517606981882425,0.1877053281645602,0.1305976907871183,MRO-10047;MRO-50009;MRO-20031,MRO-10047;MRO-50009;MRO-20031,CNC Lathe,PUN-01,train,12,caution,risk,approved_on_validation,우선 점검 후보
2022-11-02,AST-1042,A2,17,7.091254354277768,0.1609102293767981,0.1100468036936089,MRO-10047;MRO-10045;MRO-10046,MRO-10047;MRO-10045;MRO-10046,CNC Lathe,PUN-01,train,12,high_risk,risk,approved_on_validation,우선 점검 후보
2022-11-02,AST-2017,A2,6,8.753589581802274,0.2751607738716085,0.2019146882836287,MRO-10045;MRO-10046;MRO-10047,MRO-10045;MRO-10046;MRO-10047,Hydraulic Press,PUN-01,train,12,risk,risk,approved_on_validation,우선 점검 후보
2022-11-02,AST-2031,A2,0,7.005092829046106,0.1547379434486524,0.1053716830251838,MRO-10047;MRO-20031;MRO-10045,MRO-10047;MRO-20031;MRO-10045,Hydraulic Press,CHN-02,train,12,normal,risk,approved_on_validation,우선 점검 후보
2022-11-02,AST-3008,A2,2,6.980469309421446,0.1546550510297899,0.1036481162921276,MRO-80001;MRO-10045;MRO-20031,MRO-80001;MRO-10045;MRO-20031,Belt Conveyor,CHN-02,train,12,caution,risk,approved_on_validation,우선 점검 후보
2022-11-02,AST-3019,A2,6,6.667343692260386,0.1351672530335175,0.0909418439055901,MRO-10047;MRO-10045;MRO-20031,MRO-10047;MRO-10045;MRO-20031,Belt Conveyor,CHN-02,train,12,risk,risk,approved_on_validation,우선 점검 후보
2022-11-02,AST-4055,A2,15,8.585265298334352,0.2639415452368305,0.1900940637807814,MRO-10046;MRO-20031;MRO-10047,MRO-10046;MRO-20031;MRO-10047,Screw Compressor,DHR-03,train,12,high_risk,risk,approved_on_validation,우선 점검 후보
2022-11-02,AST-4061,A2,8,6.8038262355471195,0.1453000478854156,0.0955543233629941,MRO-50009;MRO-80001;MRO-10046,MRO-50009;MRO-80001;MRO-10046,Screw Compressor,DHR-03,train,12,risk,risk,approved_on_validation,우선 점검 후보
2022-11-02,AST-5003,A2,14,8.84033784511969,0.2795297512676543,0.2060182401663295,MRO-50009;MRO-80002;MRO-10047,MRO-50009;MRO-10047;MRO-20031,EOT Crane,DHR-03,train,12,high_risk,risk,approved_on_validation,우선 점검 후보
2022-11-02,AST-5007,A2,9,5.984072362651888,0.1012214979922502,0.063258582504255,MRO-10047;MRO-10045;MRO-10046,MRO-10047;MRO-10045;MRO-10046,EOT Crane,PUN-01,train,12,risk,risk,approved_on_validation,우선 점검 후보
2022-11-03,AST-1041,A2,9,6.872026639564499,0.1468558921391701,0.0987424206502069,MRO-50009;MRO-10047;MRO-20031,MRO-50009;MRO-10047;MRO-20031,CNC Lathe,PUN-01,train,12,risk,risk,approved_on_validation,우선 점검 후보
2022-11-03,AST-1042,A2,4,6.560918908990078,0.1332336835911912,0.0849862549400229,MRO-20031;MRO-80001;MRO-50009,MRO-20031;MRO-80001;MRO-50009,CNC Lathe,PUN-01,train,12,caution,risk,approved_on_validation,우선 점검 후보
2022-11-03,AST-2017,A2,5,8.860903259293993,0.2782697686763247,0.2094726643984321,MRO-10046;MRO-10047;MRO-50009,MRO-10046;MRO-10047;MRO-50009,Hydraulic Press,PUN-01,train,12,caution,risk,approved_on_validation,우선 점검 후보
2022-11-03,AST-2031,A2,8,7.726838521499035,0.2006271724207072,0.1418170142157135,MRO-80001;MRO-20031;MRO-10045,MRO-80001;MRO-20031;MRO-10045,Hydraulic Press,CHN-02,train,12,risk,risk,approved_on_validation,우선 점검 후보
2022-11-03,AST-3008,A2,2,7.1111923916825,0.1612970567253842,0.1094688026861666,MRO-10046;MRO-20031;MRO-10047,MRO-10046;MRO-20031;MRO-10047,Belt Conveyor,CHN-02,train,12,caution,risk,approved_on_validation,우선 점검 후보
2022-11-03,AST-3019,A2,4,5.980383913124338,0.1020961330524405,0.0645130323068521,MRO-10047;MRO-10045;MRO-20031,MRO-10047;MRO-10045;MRO-20031,Belt Conveyor,CHN-02,train,12,caution,risk,approved_on_validation,우선 점검 후보
2022-11-03,AST-4055,A2,4,8.499686156839465,0.2511515086287951,0.1859877656845545,MRO-10047;MRO-50009;MRO-10045,MRO-10047;MRO-50009;MRO-10045,Screw Compressor,DHR-03,train,12,caution,risk,approved_on_validation,우선 점검 후보
2022-11-03,AST-4061,A2,5,7.107166726333113,0.161413768454974,0.1089443301593826,MRO-60016;MRO-50009;MRO-80001,MRO-50009;MRO-80001;MRO-10046,Screw Compressor,DHR-03,train,12,caution,risk,approved_on_validation,우선 점검 후보
2022-11-03,AST-5003,A2,8,8.413939177858065,0.2521171840860806,0.1796887724143941,MRO-50009;MRO-80001;MRO-10047,MRO-50009;MRO-80001;MRO-10047,EOT Crane,DHR-03,train,12,risk,risk,approved_on_validation,우선 점검 후보
2022-11-03,AST-5007,A2,1,5.5753950238929315,0.08054223694798,0.0488647511960597,MRO-10045;MRO-10047;MRO-10046,MRO-10045;MRO-10047;MRO-10046,EOT Crane,PUN-01,train,12,caution,caution,approved_on_validation,우선 점검 후보
2022-11-04,AST-1041,A2,10,7.561221541184121,0.1917900883992425,0.1325434828328239,MRO-50009;MRO-10045;MRO-10047,MRO-50009;MRO-10045;MRO-10047,CNC Lathe,PUN-01,train,12,risk,risk,approved_on_validation,우선 점검 후보
2022-11-04,AST-1042,A2,13,6.763432708139708,0.14219989450908,0.0943268363777513,MRO-10047;MRO-10045;MRO-10046,MRO-10047;MRO-10045;MRO-10046,CNC Lathe,PUN-01,train,12,high_risk,risk,approved_on_validation,우선 점검 후보
2022-11-04,AST-2017,A2,8,8.609013003510606,0.2638546196735384,0.1933419456848195,MRO-10047;MRO-80001;MRO-10046,MRO-10047;MRO-80001;MRO-10046,Hydraulic Press,PUN-01,train,12,risk,risk,approved_on_validation,우선 점검 후보
2022-11-04,AST-2031,A2,5,7.6763590271949695,0.1983807890321641,0.1391088425578405,MRO-80001;MRO-10045;MRO-20031,MRO-80001;MRO-10045;MRO-20031,Hydraulic Press,CHN-02,train,12,caution,risk,approved_on_validation,우선 점검 후보
2022-11-04,AST-3008,A2,8,7.238427675961833,0.1681528032713063,0.1158621433548899,MRO-10046;MRO-30012;MRO-80001,MRO-10046;MRO-80001;MRO-20031,Belt Conveyor,CHN-02,train,12,risk,risk,approved_on_validation,우선 점검 후보
2022-11-04,AST-3019,A2,11,6.194810819273593,0.1101227592476796,0.0704865273047534,MRO-20033;MRO-10047;MRO-20031,MRO-10047;MRO-20031;MRO-10045,Belt Conveyor,CHN-02,train,12,risk,risk,approved_on_validation,우선 점검 후보
2022-11-04,AST-4055,A2,2,8.283017159949255,0.2434989532199573,0.1709548332331266,MRO-50008;MRO-10046;MRO-10047,MRO-10046;MRO-10047;MRO-80001,Screw Compressor,DHR-03,train,12,caution,risk,approved_on_validation,우선 점검 후보
2022-11-04,AST-4061,A2,6,7.082708854882849,0.1613509247734359,0.1085091914371611,MRO-80001;MRO-50009;MRO-10045,MRO-80001;MRO-50009;MRO-10045,Screw Compressor,DHR-03,train,12,risk,risk,approved_on_validation,우선 점검 후보
2022-11-04,AST-5003,A2,2,8.355361652970503,0.2439475758902042,0.1766634310353379,MRO-10047;MRO-80001;MRO-50009,MRO-10047;MRO-80001;MRO-50009,EOT Crane,DHR-03,train,12,caution,risk,approved_on_validation,우선 점검 후보
2022-11-04,AST-5007,A2,4,5.782625472199396,0.088902724500207,0.0552694717335056,MRO-50008;MRO-80001;MRO-80002,MRO-80001;MRO-20031;MRO-10046,EOT Crane,PUN-01,train,12,caution,caution,approved_on_validation,우선 점검 후보
2022-11-05,AST-1041,A2,0,0.0032343188507021,6.555224495942963e-12,6.619885479814331e-15,MRO-10046;MRO-10047;MRO-20031,MRO-10046;MRO-10047;MRO-20031,CNC Lathe,PUN-01,train,12,normal,normal,approved_on_validation,우선 점검 후보
2022-11-05,AST-1042,A2,0,0.0033389529357505,6.626483985186301e-12,7.012567414860506e-15,MRO-20033;MRO-30011;MRO-10047,MRO-10047;MRO-80001;MRO-10045,CNC Lathe,PUN-01,train,12,normal,normal,approved_on_validation,우선 점검 후보
2022-11-05,AST-2017,A2,0,0.0032980767811403,6.681247284745548e-12,6.985733778101459e-15,MRO-40021;MRO-90011;MRO-90012,MRO-10047;MRO-10045;MRO-50009,Hydraulic Press,PUN-01,train,12,normal,normal,approved_on_validation,우선 점검 후보
2022-11-05,AST-2031,A2,0,0.0036639899249346,1.2641617954395494e-11,1.2745516849162108e-14,MRO-80001;MRO-50009;MRO-10045,MRO-80001;MRO-50009;MRO-10045,Hydraulic Press,CHN-02,train,12,normal,normal,approved_on_validation,우선 점검 후보
2022-11-05,AST-3008,A2,0,0.0032455165334215,6.685684909286144e-12,6.784233944330051e-15,MRO-70005;MRO-10045;MRO-10046,MRO-10045;MRO-10046;MRO-20031,Belt Conveyor,CHN-02,train,12,normal,normal,approved_on_validation,우선 점검 후보
2022-11-05,AST-3019,A2,0,0.0033499059486368,6.624704411501981e-12,7.043938843193407e-15,MRO-30011;MRO-40022;MRO-60016,MRO-20031;MRO-10045;MRO-10046,Belt Conveyor,CHN-02,train,12,normal,normal,approved_on_validation,우선 점검 후보
2022-11-05,AST-4055,A2,0,0.0032558678359995,6.701482451042352e-12,6.816749748361903e-15,MRO-10045;MRO-10046;MRO-10047,MRO-10045;MRO-10046;MRO-10047,Screw Compressor,DHR-03,train,12,normal,normal,approved_on_validation,우선 점검 후보
2022-11-05,AST-4061,A2,0,0.00327340005615,6.6865285765744456e-12,6.8295766961156495e-15,MRO-60016;MRO-10046;MRO-10047,MRO-10046;MRO-10047;MRO-20031,Screw Compressor,DHR-03,train,12,normal,normal,approved_on_validation,우선 점검 후보
2022-11-05,AST-5003,A2,0,0.0033071726006695,6.048438887792164e-12,6.800974165506493e-15,MRO-70005;MRO-10045;MRO-10046,MRO-10045;MRO-10046;MRO-10047,EOT Crane,DHR-03,train,12,normal,normal,approved_on_validation,우선 점검 후보
2022-11-05,AST-5007,A2,0,0.0033809368983933,6.621523866253042e-12,7.426094433056971e-15,MRO-70005;MRO-60015;MRO-90012,MRO-10045;MRO-10046;MRO-10047,EOT Crane,PUN-01,train,12,normal,normal,approved_on_validation,우선 점검 후보
2022-11-06,AST-1041,A2,0,0.003234906250332,6.56079640778182e-12,6.6280304275230206e-15,MRO-10045;MRO-10046;MRO-10047,MRO-10045;MRO-10046;MRO-10047,CNC Lathe,PUN-01,train,12,normal,normal,approved_on_validation,우선 점검 후보
2022-11-06,AST-1042,A2,0,0.003233833313835,6.6063297235939024e-12,6.640394338568631e-15,MRO-10045;MRO-10046;MRO-20031,MRO-10045;MRO-10046;MRO-20031,CNC Lathe,PUN-01,train,12,normal,normal,approved_on_validation,우선 점검 후보
2022-11-06,AST-2017,A2,0,0.0032177664922879,6.214586577567778e-12,6.3189337524380216e-15,MRO-10045;MRO-50009;MRO-80001,MRO-10045;MRO-50009;MRO-80001,Hydraulic Press,PUN-01,train,12,normal,normal,approved_on_validation,우선 점검 후보
2022-11-06,AST-2031,A2,0,0.003260022891195,6.8313234992455115e-12,6.926886189727274e-15,MRO-50009;MRO-80001;MRO-10045,MRO-50009;MRO-80001;MRO-10045,Hydraulic Press,CHN-02,train,12,normal,normal,approved_on_validation,우선 점검 후보
2022-11-06,AST-3008,A2,0,0.0032590499435398,6.6896066913598625e-12,6.8322936439564015e-15,MRO-70005;MRO-10045;MRO-10046,MRO-10045;MRO-10046;MRO-20031,Belt Conveyor,CHN-02,train,12,normal,normal,approved_on_validation,우선 점검 후보
2022-11-06,AST-3019,A2,0,0.0032356053610745,6.613233216190576e-12,6.6731076120565435e-15,MRO-10045;MRO-10046;MRO-10047,MRO-10045;MRO-10046;MRO-10047,Belt Conveyor,CHN-02,train,12,normal,normal,approved_on_validation,우선 점검 후보
2022-11-06,AST-4055,A2,0,0.0033658452540367,6.972265435732927e-12,7.392484178816199e-15,MRO-60016;MRO-20031;MRO-10045,MRO-20031;MRO-10045;MRO-10046,Screw Compressor,DHR-03,train,12,normal,normal,approved_on_validation,우선 점검 후보
2022-11-06,AST-4061,A2,0,0.0032618029298001,6.6899378618382305e-12,6.795413771147255e-15,MRO-60016;MRO-10046;MRO-10047,MRO-10046;MRO-10047;MRO-20031,Screw Compressor,DHR-03,train,12,normal,normal,approved_on_validation,우선 점검 후보
2022-11-06,AST-5003,A2,0,0.0033697385415393,6.3097550765784185e-12,7.352962178403588e-15,MRO-70005;MRO-70004;MRO-10045,MRO-10045;MRO-10046;MRO-10047,EOT Crane,DHR-03,train,12,normal,normal,approved_on_validation,우선 점검 후보
2022-11-06,AST-5007,A2,0,0.003240491015361,6.6203545613901106e-12,6.691014749954851e-15,MRO-10045;MRO-10046;MRO-10047,MRO-10045;MRO-10046;MRO-10047,EOT Crane,PUN-01,train,12,normal,normal,approved_on_validation,우선 점검 후보
2022-11-07,AST-1041,A2,13,8.598308793310284,0.2598897509240379,0.1930993800134902,MRO-80001;MRO-50009;MRO-60015,MRO-80001;MRO-50009;MRO-10047,CNC Lathe,PUN-01,train,12,high_risk,risk,approved_on_validation,우선 점검 후보
2022-11-07,AST-1042,A2,6,7.122973023936446,0.164264486834254,0.1112359949838818,MRO-10047;MRO-80001;MRO-10045,MRO-10047;MRO-80001;MRO-10045,CNC Lathe,PUN-01,train,12,risk,risk,approved_on_validation,우선 점검 후보
2022-11-07,AST-2017,A2,8,8.01149604813314,0.2229235993269747,0.1574419991228985,MRO-10047;MRO-20031;MRO-80001,MRO-10047;MRO-20031;MRO-80001,Hydraulic Press,PUN-01,train,12,risk,risk,approved_on_validation,우선 점검 후보
2022-11-07,AST-2031,A2,6,7.36096821890662,0.1760499900878692,0.1227236888916639,MRO-80001;MRO-10045;MRO-20031,MRO-80001;MRO-10045;MRO-20031,Hydraulic Press,CHN-02,train,12,risk,risk,approved_on_validation,우선 점검 후보
2022-11-07,AST-3008,A2,6,7.097352099373372,0.1600592460330485,0.1092098113529398,MRO-10047;MRO-80001;MRO-20031,MRO-10047;MRO-80001;MRO-20031,Belt Conveyor,CHN-02,train,12,risk,risk,approved_on_validation,우선 점검 후보
2022-11-07,AST-3019,A2,15,6.149027144919615,0.1082914495371985,0.0698827699745256,MRO-10047;MRO-80001;MRO-10045,MRO-10047;MRO-80001;MRO-10045,Belt Conveyor,CHN-02,train,12,high_risk,risk,approved_on_validation,우선 점검 후보
2022-11-07,AST-4055,A2,8,7.776041436302918,0.2065225849198246,0.1438405961126478,MRO-10046;MRO-10047;MRO-80001,MRO-10046;MRO-10047;MRO-80001,Screw Compressor,DHR-03,train,12,risk,risk,approved_on_validation,우선 점검 후보
2022-11-07,AST-4061,A2,9,6.926578460569886,0.1499767297872077,0.0996114495538472,MRO-60016;MRO-10045;MRO-30011,MRO-10045;MRO-50009;MRO-80001,Screw Compressor,DHR-03,train,12,risk,risk,approved_on_validation,우선 점검 후보
2022-11-07,AST-5003,A2,12,10.249100344131891,0.3836856100851337,0.305617518842708,MRO-40021;MRO-10046;MRO-50008,MRO-10046;MRO-20031;MRO-10047,EOT Crane,DHR-03,train,12,high_risk,risk,approved_on_validation,우선 점검 후보
2022-11-07,AST-5007,A2,2,6.275764280667662,0.1168022286311803,0.0736328005386374,MRO-10045;MRO-10047;MRO-80001,MRO-10045;MRO-10047;MRO-80001,EOT Crane,PUN-01,train,12,caution,risk,approved_on_validation,우선 점검 후보
2022-11-08,AST-1041,A2,4,7.145743021584033,0.1648664366221578,0.111259375724016,MRO-50009;MRO-10047;MRO-80001,MRO-50009;MRO-10047;MRO-80001,CNC Lathe,PUN-01,train,12,caution,risk,approved_on_validation,우선 점검 후보
2022-11-08,AST-1042,A2,2,7.010924633554327,0.157696401750129,0.1054497359925768,MRO-10047;MRO-80001;MRO-10045,MRO-10047;MRO-80001;MRO-10045,CNC Lathe,PUN-01,train,12,caution,risk,approved_on_validation,우선 점검 후보
2022-11-08,AST-2017,A2,3,8.432694324760694,0.249586083315444,0.181272327228557,MRO-80001;MRO-20031;MRO-10045,MRO-80001;MRO-20031;MRO-10045,Hydraulic Press,PUN-01,train,12,caution,risk,approved_on_validation,우선 점검 후보
2022-11-08,AST-2031,A2,8,7.895214779146401,0.2052806971195601,0.1516716849304221,MRO-70004;MRO-70005;MRO-10046,MRO-10046;MRO-80001;MRO-20031,Hydraulic Press,CHN-02,train,12,risk,risk,approved_on_validation,우선 점검 후보
2022-11-08,AST-3008,A2,0,6.5837617160069,0.1297826011948977,0.085897498997895,MRO-40021;MRO-10045;MRO-10047,MRO-10045;MRO-10047;MRO-10046,Belt Conveyor,CHN-02,train,12,normal,risk,approved_on_validation,우선 점검 후보
2022-11-08,AST-3019,A2,4,5.9171829673790945,0.1015478071279207,0.0618811076578018,MRO-10047;MRO-50009;MRO-20031,MRO-10047;MRO-50009;MRO-20031,Belt Conveyor,CHN-02,train,12,caution,risk,approved_on_validation,우선 점검 후보
2022-11-08,AST-4055,A2,4,8.27192915629429,0.2376517090741302,0.1718883905842245,MRO-50009;MRO-80001;MRO-10046,MRO-50009;MRO-80001;MRO-10046,Screw Compressor,DHR-03,train,12,caution,risk,approved_on_validation,우선 점검 후보
2022-11-08,AST-4061,A2,6,6.6882020187403235,0.1362615331230907,0.09012360593987,MRO-80001;MRO-50009;MRO-10047,MRO-80001;MRO-50009;MRO-10047,Screw Compressor,DHR-03,train,12,risk,risk,approved_on_validation,우선 점검 후보
2022-11-08,AST-5003,A2,0,8.262040364032028,0.237894530990035,0.1712479493122099,MRO-20031;MRO-10045;MRO-50009,MRO-20031;MRO-10045;MRO-50009,EOT Crane,DHR-03,train,12,normal,risk,approved_on_validation,우선 점검 후보
2022-11-08,AST-5007,A2,4,6.1222578637109715,0.1074750083576841,0.0675723674801118,MRO-10045;MRO-10047;MRO-80001,MRO-10045;MRO-10047;MRO-80001,EOT Crane,PUN-01,train,12,caution,risk,approved_on_validation,우선 점검 후보
2022-11-09,AST-1041,A2,14,11.136663274941604,0.4595235845422624,0.3739701631362804,MRO-10046;MRO-80001;MRO-50009,MRO-10046;MRO-80001;MRO-50009,CNC Lathe,PUN-01,train,12,high_risk,high_risk,approved_on_validation,우선 점검 후보
2022-11-09,AST-1042,A2,6,6.830304922712643,0.1484285132009836,0.0973145669309832,MRO-10047;MRO-80001;MRO-10045,MRO-10047;MRO-80001;MRO-10045,CNC Lathe,PUN-01,train,12,risk,risk,approved_on_validation,우선 점검 후보
2022-11-09,AST-2017,A2,8,8.6975541949608,0.2702763787910444,0.1979514545872997,MRO-80001;MRO-10045;MRO-10046,MRO-80001;MRO-10045;MRO-10046,Hydraulic Press,PUN-01,train,12,risk,risk,approved_on_validation,우선 점검 후보
2022-11-09,AST-2031,A2,9,7.764472745693814,0.1981229235192147,0.1429759082977827,MRO-10046;MRO-70005;MRO-40022,MRO-10046;MRO-10045;MRO-20031,Hydraulic Press,CHN-02,train,12,risk,risk,approved_on_validation,우선 점검 후보
2022-11-09,AST-3008,A2,6,7.177613283849313,0.1654956815159544,0.1125183531756433,MRO-10047;MRO-10046;MRO-50009,MRO-10047;MRO-10046;MRO-50009,Belt Conveyor,CHN-02,train,12,risk,risk,approved_on_validation,우선 점검 후보
2022-11-09,AST-3019,A2,4,6.089863961665247,0.1078292646574737,0.0673516878169906,MRO-20031;MRO-10045;MRO-10047,MRO-20031;MRO-10045;MRO-10047,Belt Conveyor,CHN-02,train,12,caution,risk,approved_on_validation,우선 점검 후보
2022-11-09,AST-4055,A2,14,12.842528643375603,0.581541023147554,0.5049728233846977,MRO-70005;MRO-40022;MRO-60015,MRO-10046;MRO-10045;MRO-80001,Screw Compressor,DHR-03,train,12,high_risk,high_risk,approved_on_validation,우선 점검 후보
2022-11-09,AST-4061,A2,8,6.64664387368547,0.1358504926900574,0.0880792405611817,MRO-50009;MRO-10045;MRO-80001,MRO-50009;MRO-10045;MRO-80001,Screw Compressor,DHR-03,train,12,risk,risk,approved_on_validation,우선 점검 후보
2022-11-09,AST-5003,A2,3,7.651017675084368,0.1972823742158212,0.1377529252223456,MRO-50009;MRO-10045;MRO-20031,MRO-50009;MRO-10045;MRO-20031,EOT Crane,DHR-03,train,12,caution,risk,approved_on_validation,우선 점검 후보
2022-11-09,AST-5007,A2,12,10.105414970748296,0.3759331459754444,0.2957815869431424,MRO-10046;MRO-80001;MRO-10047,MRO-10046;MRO-80001;MRO-10047,EOT Crane,PUN-01,train,12,high_risk,risk,approved_on_validation,우선 점검 후보
2022-11-10,AST-1041,A2,7,6.936537998297321,0.1524048620394662,0.1015206258257433,MRO-50009;MRO-10046;MRO-10047,MRO-50009;MRO-10046;MRO-10047,CNC Lathe,PUN-01,train,12,risk,risk,approved_on_validation,우선 점검 후보
2022-11-10,AST-1042,A2,2,6.726130618452213,0.1409198682461367,0.0927301233973951,MRO-80001;MRO-10045;MRO-10046,MRO-80001;MRO-10045;MRO-10046,CNC Lathe,PUN-01,train,12,caution,risk,approved_on_validation,우선 점검 후보
2022-11-10,AST-2017,A2,15,8.279018682331449,0.2401125567319975,0.173597610750051,MRO-80001;MRO-10045;MRO-50009,MRO-80001;MRO-10045;MRO-50009,Hydraulic Press,PUN-01,train,12,high_risk,risk,approved_on_validation,우선 점검 후보
2022-11-10,AST-2031,A2,13,8.512026789701103,0.2540113692845526,0.1890347223045382,MRO-80001;MRO-10045;MRO-10046,MRO-80001;MRO-10045;MRO-10046,Hydraulic Press,CHN-02,train,12,high_risk,risk,approved_on_validation,우선 점검 후보
2022-11-10,AST-3008,A2,9,7.195742759526845,0.1671216224083068,0.1139657401965212,MRO-50009;MRO-10046;MRO-80001,MRO-50009;MRO-10046;MRO-80001,Belt Conveyor,CHN-02,train,12,risk,risk,approved_on_validation,우선 점검 후보
2022-11-10,AST-3019,A2,5,5.942029102389171,0.1006892998066025,0.0632302867690536,MRO-10047;MRO-50009;MRO-20031,MRO-10047;MRO-50009;MRO-20031,Belt Conveyor,CHN-02,train,12,caution,risk,approved_on_validation,우선 점검 후보
2022-11-10,AST-4055,A2,6,8.357062580007208,0.2454049489185601,0.1772861753472505,MRO-20031;MRO-50009;MRO-10045,MRO-20031;MRO-50009;MRO-10045,Screw Compressor,DHR-03,train,12,risk,risk,approved_on_validation,우선 점검 후보
2022-11-10,AST-4061,A2,8,6.9963109775134775,0.1542325491651615,0.1042576711982161,MRO-10045;MRO-20031;MRO-50009,MRO-10045;MRO-20031;MRO-50009,Screw Compressor,DHR-03,train,12,risk,risk,approved_on_validation,우선 점검 후보
2022-11-10,AST-5003,A2,12,8.251242897861683,0.2385401569102504,0.1702022863427727,MRO-50009;MRO-10045;MRO-20031,MRO-50009;MRO-10045;MRO-20031,EOT Crane,DHR-03,train,12,high_risk,risk,approved_on_validation,우선 점검 후보
2022-11-10,AST-5007,A2,2,5.883403345731771,0.0965052471077556,0.0596596365287965,MRO-10045;MRO-50009;MRO-80001,MRO-10045;MRO-50009;MRO-80001,EOT Crane,PUN-01,train,12,caution,risk,approved_on_validation,우선 점검 후보
2022-11-11,AST-1041,A2,7,7.395753308540989,0.1788892236755654,0.1238946717015289,MRO-10045;MRO-10046;MRO-80001,MRO-10045;MRO-10046;MRO-80001,CNC Lathe,PUN-01,train,12,risk,risk,approved_on_validation,우선 점검 후보
2022-11-11,AST-1042,A2,11,6.9216196624205875,0.1527786536300251,0.1020712870337767,MRO-10047;MRO-80001;MRO-10046,MRO-10047;MRO-80001;MRO-10046,CNC Lathe,PUN-01,train,12,risk,risk,approved_on_validation,우선 점검 후보
2022-11-11,AST-2017,A2,9,8.205887890975465,0.232282584169081,0.1678065281906722,MRO-80001;MRO-10045;MRO-20031,MRO-80001;MRO-10045;MRO-20031,Hydraulic Press,PUN-01,train,12,risk,risk,approved_on_validation,우선 점검 후보
2022-11-11,AST-2031,A2,11,7.996844166765789,0.2177886760231421,0.1577203640948141,MRO-50009;MRO-20031;MRO-10046,MRO-50009;MRO-20031;MRO-10046,Hydraulic Press,CHN-02,train,12,risk,risk,approved_on_validation,우선 점검 후보
2022-11-11,AST-3008,A2,4,6.923806941003028,0.1501420957187439,0.1012585455912443,MRO-50009;MRO-20031;MRO-10046,MRO-50009;MRO-20031;MRO-10046,Belt Conveyor,CHN-02,train,12,caution,risk,approved_on_validation,우선 점검 후보
2022-11-11,AST-3019,A2,4,5.974575101421118,0.103904768512107,0.0632088052680265,MRO-50009;MRO-10047;MRO-20031,MRO-50009;MRO-10047;MRO-20031,Belt Conveyor,CHN-02,train,12,caution,risk,approved_on_validation,우선 점검 후보
2022-11-11,AST-4055,A2,14,8.49276618482349,0.2537178302908836,0.1848171449590702,MRO-50009;MRO-20031;MRO-10045,MRO-50009;MRO-20031;MRO-10045,Screw Compressor,DHR-03,train,12,high_risk,risk,approved_on_validation,우선 점검 후보
2022-11-11,AST-4061,A2,14,6.606828212033229,0.1337774789017474,0.0870140430801039,MRO-20031;MRO-10045;MRO-50009,MRO-20031;MRO-10045;MRO-50009,Screw Compressor,DHR-03,train,12,high_risk,risk,approved_on_validation,우선 점검 후보
2022-11-11,AST-5003,A2,10,8.270820671116013,0.2383254589657432,0.1724421546698148,MRO-10045;MRO-20031;MRO-10047,MRO-10045;MRO-20031;MRO-10047,EOT Crane,DHR-03,train,12,risk,risk,approved_on_validation,우선 점검 후보
2022-11-11,AST-5007,A2,2,5.62138251221087,0.083221768814809,0.0502196622406976,MRO-10045;MRO-10047;MRO-40021,MRO-10045;MRO-10047;MRO-10046,EOT Crane,PUN-01,train,12,caution,caution,approved_on_validation,우선 점검 후보
2022-11-12,AST-1041,A2,0,0.003235435899089,6.590495987194118e-12,6.648852692139582e-15,MRO-10045;MRO-10046;MRO-20031,MRO-10045;MRO-10046;MRO-20031,CNC Lathe,PUN-01,train,12,normal,normal,approved_on_validation,우선 점검 후보
2022-11-12,AST-1042,A2,0,0.0032509173443588,6.624684781604804e-12,6.7227889568263226e-15,MRO-40022;MRO-10045;MRO-10046,MRO-10045;MRO-10046;MRO-10047,CNC Lathe,PUN-01,train,12,normal,normal,approved_on_validation,우선 점검 후보
2022-11-12,AST-2017,A2,0,0.0033719233166474,7.097551156946724e-12,7.544963177100985e-15,MRO-60015;MRO-20031;MRO-80001,MRO-20031;MRO-80001;MRO-10045,Hydraulic Press,PUN-01,train,12,normal,normal,approved_on_validation,우선 점검 후보
2022-11-12,AST-2031,A2,0,0.0034458941554669,9.587103912650247e-12,9.607375321082235e-15,MRO-80001;MRO-20031;MRO-50009,MRO-80001;MRO-20031;MRO-50009,Hydraulic Press,CHN-02,train,12,normal,normal,approved_on_validation,우선 점검 후보
2022-11-12,AST-3008,A2,0,0.0032792245035084,6.578417146087133e-12,6.9626399091121346e-15,MRO-20032;MRO-90011;MRO-70005,MRO-10045;MRO-10046;MRO-10047,Belt Conveyor,CHN-02,train,12,normal,normal,approved_on_validation,우선 점검 후보
2022-11-12,AST-3019,A2,0,0.0033805559509752,6.60909212019085e-12,7.12590286560327e-15,MRO-40022;MRO-50008;MRO-10045,MRO-40022;MRO-10045;MRO-10046,Belt Conveyor,CHN-02,train,12,normal,normal,approved_on_validation,우선 점검 후보
2022-11-12,AST-4055,A2,0,0.0032237523628965,6.471308181515019e-12,6.538013503477245e-15,MRO-10045;MRO-10046;MRO-80001,MRO-10045;MRO-10046;MRO-80001,Screw Compressor,DHR-03,train,12,normal,normal,approved_on_validation,우선 점검 후보
2022-11-12,AST-4061,A2,0,0.0032591591309303,7.0409542684424795e-12,7.0414835221597256e-15,MRO-10046;MRO-20031;MRO-80001,MRO-10046;MRO-20031;MRO-80001,Screw Compressor,DHR-03,train,12,normal,normal,approved_on_validation,우선 점검 후보
2022-11-12,AST-5003,A2,0,0.0033600465343171,6.262594259475968e-12,7.265342494209338e-15,MRO-70005;MRO-70004;MRO-10046,MRO-10046;MRO-80001;MRO-20031,EOT Crane,DHR-03,train,12,normal,normal,approved_on_validation,우선 점검 후보
2022-11-12,AST-5007,A2,0,0.0033262939104368,6.620490395058985e-12,7.236022321434254e-15,MRO-70005;MRO-20033;MRO-10045,MRO-10045;MRO-10046;MRO-10047,EOT Crane,PUN-01,train,12,normal,normal,approved_on_validation,우선 점검 후보
2022-11-13,AST-1041,A2,0,0.0032390760919349,6.620331176616971e-12,6.6855606321288835e-15,MRO-10045;MRO-10046;MRO-10047,MRO-10045;MRO-10046;MRO-10047,CNC Lathe,PUN-01,train,12,normal,normal,approved_on_validation,우선 점검 후보
2022-11-13,AST-1042,A2,0,0.0032405840122318,6.606335585482824e-12,6.683984946547532e-15,MRO-10047;MRO-20031;MRO-50009,MRO-10047;MRO-20031;MRO-50009,CNC Lathe,PUN-01,train,12,normal,normal,approved_on_validation,우선 점검 후보
2022-11-13,AST-2017,A2,0,0.0032810474166642,6.807098375313411e-12,6.983902734692573e-15,MRO-10045;MRO-30012;MRO-60015,MRO-10045;MRO-10046;MRO-20031,Hydraulic Press,PUN-01,train,12,normal,normal,approved_on_validation,우선 점검 후보
2022-11-13,AST-2031,A2,0,0.0034124935441722,9.078698560148156e-12,9.060616377828484e-15,MRO-10045;MRO-50009;MRO-10046,MRO-10045;MRO-50009;MRO-10046,Hydraulic Press,CHN-02,train,12,normal,normal,approved_on_validation,우선 점검 후보
2022-11-13,AST-3008,A2,0,0.0032344146675624,6.689395085083715e-12,6.702903820784506e-15,MRO-70005;MRO-10045;MRO-10046,MRO-10045;MRO-10046;MRO-10047,Belt Conveyor,CHN-02,train,12,normal,normal,approved_on_validation,우선 점검 후보
2022-11-13,AST-3019,A2,0,0.003507489775314,6.620588819169575e-12,8.418050826074926e-15,MRO-70005;MRO-60016;MRO-10045,MRO-70005;MRO-10045;MRO-10046,Belt Conveyor,CHN-02,train,12,normal,normal,approved_on_validation,우선 점검 후보
2022-11-13,AST-4055,A2,0,0.0032530479361278,6.672903487961976e-12,6.786652987301779e-15,MRO-10045;MRO-10046;MRO-20031,MRO-10045;MRO-10046;MRO-20031,Screw Compressor,DHR-03,train,12,normal,normal,approved_on_validation,우선 점검 후보
2022-11-13,AST-4061,A2,0,0.0032247392902549,6.613343226050253e-12,6.615189705890297e-15,MRO-10045;MRO-10047;MRO-50009,MRO-10045;MRO-10047;MRO-50009,Screw Compressor,DHR-03,train,12,normal,normal,approved_on_validation,우선 점검 후보
2022-11-13,AST-5003,A2,0,0.0032149025508657,6.2036280001608785e-12,6.295588718446769e-15,MRO-10046;MRO-20031;MRO-80001,MRO-10046;MRO-20031;MRO-80001,EOT Crane,DHR-03,train,12,normal,normal,approved_on_validation,우선 점검 후보
2022-11-13,AST-5007,A2,0,0.0032378159193894,6.620360316977099e-12,6.672354735814021e-15,MRO-10045;MRO-10046;MRO-10047,MRO-10045;MRO-10046;MRO-10047,EOT Crane,PUN-01,train,12,normal,normal,approved_on_validation,우선 점검 후보
2022-11-14,AST-1041,A2,5,6.59948176515343,0.1318893777605811,0.0869016062668173,MRO-10047;MRO-10045;MRO-80001,MRO-10047;MRO-10045;MRO-80001,CNC Lathe,PUN-01,train,12,caution,risk,approved_on_validation,우선 점검 후보
2022-11-14,AST-1042,A2,8,7.030521450205091,0.157257638764741,0.106273403729406,MRO-10045;MRO-10046;MRO-10047,MRO-10045;MRO-10046;MRO-10047,CNC Lathe,PUN-01,train,12,risk,risk,approved_on_validation,우선 점검 후보
2022-11-14,AST-2017,A2,0,7.908723016409931,0.2156306518329436,0.1521699073260246,MRO-20031;MRO-10045;MRO-80001,MRO-20031;MRO-10045;MRO-80001,Hydraulic Press,PUN-01,train,12,normal,risk,approved_on_validation,우선 점검 후보
2022-11-14,AST-2031,A2,0,7.354240013794432,0.175731616323774,0.1220549037209623,MRO-20031;MRO-50009;MRO-80001,MRO-20031;MRO-50009;MRO-80001,Hydraulic Press,CHN-02,train,12,normal,risk,approved_on_validation,우선 점검 후보
2022-11-14,AST-3008,A2,9,7.737035488077506,0.1934755502394071,0.1391281029658827,MRO-50008;MRO-40022;MRO-20032,MRO-50009;MRO-10047;MRO-20031,Belt Conveyor,CHN-02,train,12,risk,risk,approved_on_validation,우선 점검 후보
2022-11-14,AST-3019,A2,8,6.015964104865128,0.1057115327708489,0.0653541101403512,MRO-50009;MRO-10047;MRO-20031,MRO-50009;MRO-10047;MRO-20031,Belt Conveyor,CHN-02,train,12,risk,risk,approved_on_validation,우선 점검 후보
2022-11-14,AST-4055,A2,19,11.546676090998734,0.4869273882635008,0.4043691738021867,MRO-10046;MRO-20031;MRO-40021,MRO-10046;MRO-20031;MRO-50009,Screw Compressor,DHR-03,train,12,high_risk,high_risk,approved_on_validation,우선 점검 후보
2022-11-14,AST-4061,A2,11,6.933897972917155,0.1537141007695704,0.1015804997435527,MRO-10046;MRO-10047;MRO-20031,MRO-10046;MRO-10047;MRO-20031,Screw Compressor,DHR-03,train,12,risk,risk,approved_on_validation,우선 점검 후보
2022-11-14,AST-5003,A2,25,9.6903762812165,0.3476772365884693,0.2667007530119601,MRO-80001;MRO-10045;MRO-10047,MRO-80001;MRO-10045;MRO-10047,EOT Crane,DHR-03,train,12,high_risk,risk,approved_on_validation,우선 점검 후보
2022-11-14,AST-5007,A2,6,6.008694293657591,0.1025177872680028,0.0637289248300362,MRO-10047;MRO-10045;MRO-50009,MRO-10047;MRO-10045;MRO-50009,EOT Crane,PUN-01,train,12,risk,risk,approved_on_validation,우선 점검 후보
2022-11-15,AST-1041,A2,2,6.82122960901875,0.1436169661331212,0.0953679611102264,MRO-20033;MRO-10047;MRO-50009,MRO-10047;MRO-50009;MRO-10046,CNC Lathe,PUN-01,train,12,caution,risk,approved_on_validation,우선 점검 후보
2022-11-15,AST-1042,A2,9,7.537952816689846,0.1876689693956551,0.1320914163003133,MRO-80001;MRO-10045;MRO-10046,MRO-80001;MRO-10045;MRO-10046,CNC Lathe,PUN-01,train,12,risk,risk,approved_on_validation,우선 점검 후보
2022-11-15,AST-2017,A2,12,8.287833513575483,0.2408107825866883,0.1731762998869705,MRO-10045;MRO-20031;MRO-80001,MRO-10045;MRO-20031;MRO-80001,Hydraulic Press,PUN-01,train,12,high_risk,risk,approved_on_validation,우선 점검 후보
2022-11-15,AST-2031,A2,8,7.726814373012412,0.2019002701494952,0.1415052565051957,MRO-10045;MRO-50009;MRO-80001,MRO-10045;MRO-50009;MRO-80001,Hydraulic Press,CHN-02,train,12,risk,risk,approved_on_validation,우선 점검 후보
2022-11-15,AST-3008,A2,8,7.092491723906628,0.1596086341772599,0.108772242899394,MRO-80001;MRO-10045;MRO-20031,MRO-80001;MRO-10045;MRO-20031,Belt Conveyor,CHN-02,train,12,risk,risk,approved_on_validation,우선 점검 후보
2022-11-15,AST-3019,A2,8,6.2037159532274995,0.1156211339175752,0.0722892037660397,MRO-10046;MRO-20031;MRO-50009,MRO-10046;MRO-20031;MRO-50009,Belt Conveyor,CHN-02,train,12,risk,risk,approved_on_validation,우선 점검 후보
2022-11-15,AST-4055,A2,15,8.513652205366524,0.2533974438879768,0.188086597912091,MRO-20031;MRO-10045;MRO-10046,MRO-20031;MRO-10045;MRO-10046,Screw Compressor,DHR-03,train,12,high_risk,risk,approved_on_validation,우선 점검 후보
2022-11-15,AST-4061,A2,7,6.712145556305519,0.1391519474865814,0.0907761035868147,MRO-80001;MRO-20031;MRO-10047,MRO-80001;MRO-20031;MRO-10047,Screw Compressor,DHR-03,train,12,risk,risk,approved_on_validation,우선 점검 후보
2022-11-15,AST-5003,A2,7,8.534937627881131,0.2563889986830824,0.1884465082361703,MRO-10046;MRO-10047;MRO-80001,MRO-10046;MRO-10047;MRO-80001,EOT Crane,DHR-03,train,12,risk,risk,approved_on_validation,우선 점검 후보
2022-11-15,AST-5007,A2,4,5.18218213230523,0.0626536956858325,0.0369186684944316,MRO-20033;MRO-40021;MRO-60016,MRO-10045;MRO-10047;MRO-50009,EOT Crane,PUN-01,train,12,caution,caution,approved_on_validation,우선 점검 후보
2022-11-16,AST-1041,A2,10,7.346434864902339,0.1762494261178491,0.1211061898242788,MRO-80001;MRO-50009;MRO-40021,MRO-80001;MRO-50009;MRO-10046,CNC Lathe,PUN-01,train,12,risk,risk,approved_on_validation,우선 점검 후보
2022-11-16,AST-1042,A2,0,6.893206411138229,0.1514180479901966,0.0999906289429824,MRO-10047;MRO-20031;MRO-80001,MRO-10047;MRO-20031;MRO-80001,CNC Lathe,PUN-01,train,12,normal,risk,approved_on_validation,우선 점검 후보
2022-11-16,AST-2017,A2,11,10.163999854832417,0.3804513329063622,0.2975173220400987,MRO-60016;MRO-20031;MRO-80001,MRO-20031;MRO-80001;MRO-10046,Hydraulic Press,PUN-01,train,12,risk,risk,approved_on_validation,우선 점검 후보
2022-11-16,AST-2031,A2,0,7.719704176937005,0.2008230925767997,0.1414715115595121,MRO-50009;MRO-80001;MRO-10045,MRO-50009;MRO-80001;MRO-10045,Hydraulic Press,CHN-02,train,12,normal,risk,approved_on_validation,우선 점검 후보
2022-11-16,AST-3008,A2,16,7.115344050311124,0.1583909068686902,0.1089086517376833,MRO-30012;MRO-10047;MRO-50009,MRO-10047;MRO-50009;MRO-80001,Belt Conveyor,CHN-02,train,12,high_risk,risk,approved_on_validation,우선 점검 후보
2022-11-16,AST-3019,A2,5,6.788223103780291,0.1437839375381688,0.0966392859347678,MRO-10047;MRO-20031;MRO-50009,MRO-10047;MRO-20031;MRO-50009,Belt Conveyor,CHN-02,train,12,caution,risk,approved_on_validation,우선 점검 후보
2022-11-16,AST-4055,A2,5,8.414534184202148,0.248486835276468,0.1807647295849686,MRO-20031;MRO-10047;MRO-50009,MRO-20031;MRO-10047;MRO-50009,Screw Compressor,DHR-03,train,12,caution,risk,approved_on_validation,우선 점검 후보
2022-11-16,AST-4061,A2,2,6.410736069466405,0.1227162363681191,0.0786941034493559,MRO-80001;MRO-20031;MRO-30011,MRO-80001;MRO-20031;MRO-50009,Screw Compressor,DHR-03,train,12,caution,risk,approved_on_validation,우선 점검 후보
2022-11-16,AST-5003,A2,6,7.791130074845943,0.20881783702589,0.1450217827501246,MRO-50009;MRO-10047;MRO-10046,MRO-50009;MRO-10047;MRO-10046,EOT Crane,DHR-03,train,12,risk,risk,approved_on_validation,우선 점검 후보
2022-11-16,AST-5007,A2,4,4.969005421901729,0.0569455324420748,0.0326239227917931,MRO-40022;MRO-20031;MRO-10047,MRO-20031;MRO-10047;MRO-10045,EOT Crane,PUN-01,train,12,caution,caution,approved_on_validation,우선 점검 후보
2022-11-17,AST-1041,A2,5,7.061772024093265,0.1581005662623573,0.1080645629050278,MRO-80001;MRO-50009;MRO-20031,MRO-80001;MRO-50009;MRO-20031,CNC Lathe,PUN-01,train,12,caution,risk,approved_on_validation,우선 점검 후보
2022-11-17,AST-1042,A2,8,6.932315540753201,0.1530186370599897,0.1017371827686567,MRO-80001;MRO-10047;MRO-20031,MRO-80001;MRO-10047;MRO-20031,CNC Lathe,PUN-01,train,12,risk,risk,approved_on_validation,우선 점검 후보
2022-11-17,AST-2017,A2,6,8.496483496830702,0.2542056904597661,0.1851986212874244,MRO-10047;MRO-80001;MRO-20031,MRO-10047;MRO-80001;MRO-20031,Hydraulic Press,PUN-01,train,12,risk,risk,approved_on_validation,우선 점검 후보
2022-11-17,AST-2031,A2,16,8.423153506320256,0.2507885941263816,0.1817271498099916,MRO-50009;MRO-10045;MRO-20031,MRO-50009;MRO-10045;MRO-20031,Hydraulic Press,CHN-02,train,12,high_risk,risk,approved_on_validation,우선 점검 후보
2022-11-17,AST-3008,A2,12,7.371413127614852,0.1782792387889323,0.121519968784347,MRO-30012;MRO-10045;MRO-20031,MRO-10045;MRO-20031;MRO-50009,Belt Conveyor,CHN-02,train,12,high_risk,risk,approved_on_validation,우선 점검 후보
2022-11-17,AST-3019,A2,5,6.056590043564362,0.1060700190421238,0.0667742474010663,MRO-20031;MRO-50009;MRO-10046,MRO-20031;MRO-50009;MRO-10046,Belt Conveyor,CHN-02,train,12,caution,risk,approved_on_validation,우선 점검 후보
2022-11-17,AST-4055,A2,13,9.072955197550904,0.2879962960903068,0.2243689207208424,MRO-70005;MRO-10047;MRO-50009,MRO-10047;MRO-50009;MRO-10046,Screw Compressor,DHR-03,train,12,high_risk,risk,approved_on_validation,우선 점검 후보
2022-11-17,AST-4061,A2,5,6.938972614190708,0.1519727364832898,0.1016583623869954,MRO-20031;MRO-10046;MRO-10047,MRO-20031;MRO-10046;MRO-10047,Screw Compressor,DHR-03,train,12,caution,risk,approved_on_validation,우선 점검 후보
2022-11-17,AST-5003,A2,11,8.303327004019273,0.2402261852205767,0.1744497324052923,MRO-10045;MRO-10046;MRO-20031,MRO-10045;MRO-10046;MRO-20031,EOT Crane,DHR-03,train,12,risk,risk,approved_on_validation,우선 점검 후보
2022-11-17,AST-5007,A2,10,6.212538779119722,0.1116041969658563,0.0706957551194761,MRO-10045;MRO-10047;MRO-20031,MRO-10045;MRO-10047;MRO-20031,EOT Crane,PUN-01,train,12,risk,risk,approved_on_validation,우선 점검 후보
2022-11-18,AST-1041,A2,16,7.645783417998782,0.1975019419529116,0.1366964433391908,MRO-80001;MRO-40022;MRO-50009,MRO-80001;MRO-50009;MRO-10046,CNC Lathe,PUN-01,train,12,high_risk,risk,approved_on_validation,우선 점검 후보
2022-11-18,AST-1042,A2,12,7.155952561381285,0.1683166567199116,0.1132878541143157,MRO-10047;MRO-20031;MRO-80001,MRO-10047;MRO-20031;MRO-80001,CNC Lathe,PUN-01,train,12,high_risk,risk,approved_on_validation,우선 점검 후보
2022-11-18,AST-2017,A2,8,8.622323947380927,0.2648011452544237,0.1937242343827589,MRO-10047;MRO-80001;MRO-10046,MRO-10047;MRO-80001;MRO-10046,Hydraulic Press,PUN-01,train,12,risk,risk,approved_on_validation,우선 점검 후보
2022-11-18,AST-2031,A2,9,7.799643499093478,0.2042447258472894,0.1455887914839088,MRO-40022;MRO-20031;MRO-50009,MRO-20031;MRO-50009;MRO-10045,Hydraulic Press,CHN-02,train,12,risk,risk,approved_on_validation,우선 점검 후보
2022-11-18,AST-3008,A2,10,6.489914512447604,0.1245723114771499,0.0814461210173572,MRO-10046;MRO-10045;MRO-30012,MRO-10046;MRO-10045;MRO-10047,Belt Conveyor,CHN-02,train,12,risk,risk,approved_on_validation,우선 점검 후보
2022-11-18,AST-3019,A2,8,5.9508357255281155,0.1021110311251643,0.0630879284080731,MRO-20031;MRO-50009;MRO-10047,MRO-20031;MRO-50009;MRO-10047,Belt Conveyor,CHN-02,train,12,risk,risk,approved_on_validation,우선 점검 후보
2022-11-18,AST-4055,A2,12,8.675435590338084,0.2689044235968299,0.1976955166554175,MRO-10047;MRO-10046;MRO-50009,MRO-10047;MRO-10046;MRO-50009,Screw Compressor,DHR-03,train,12,high_risk,risk,approved_on_validation,우선 점검 후보
2022-11-18,AST-4061,A2,9,6.433571359986302,0.1234117015893034,0.0794104044701031,MRO-10045;MRO-80001;MRO-20031,MRO-10045;MRO-80001;MRO-20031,Screw Compressor,DHR-03,train,12,risk,risk,approved_on_validation,우선 점검 후보
2022-11-18,AST-5003,A2,8,8.132498091888731,0.2271553551248667,0.1637630744494638,MRO-10046;MRO-10047;MRO-20031,MRO-10046;MRO-10047;MRO-20031,EOT Crane,DHR-03,train,12,risk,risk,approved_on_validation,우선 점검 후보
2022-11-18,AST-5007,A2,2,5.733019341690056,0.0889882700205853,0.0543259908065013,MRO-50009;MRO-10046;MRO-10047,MRO-50009;MRO-10046;MRO-10047,EOT Crane,PUN-01,train,12,caution,caution,approved_on_validation,우선 점검 후보
2022-11-19,AST-1041,A2,0,0.0031691504263032,6.128972726921495e-12,6.054917393419582e-15,MRO-20033;MRO-40021;MRO-60015,MRO-10046;MRO-10047;MRO-50009,CNC Lathe,PUN-01,train,12,normal,normal,approved_on_validation,우선 점검 후보
2022-11-19,AST-1042,A2,0,0.0032415371911064,6.6194781306139025e-12,6.697514545917237e-15,MRO-10045;MRO-20031;MRO-50009,MRO-10045;MRO-20031;MRO-50009,CNC Lathe,PUN-01,train,12,normal,normal,approved_on_validation,우선 점검 후보
2022-11-19,AST-2017,A2,0,0.0032988849565168,6.938911645242166e-12,7.152851616786991e-15,MRO-80001;MRO-50008;MRO-80002,MRO-80001;MRO-50009;MRO-10045,Hydraulic Press,PUN-01,train,12,normal,normal,approved_on_validation,우선 점검 후보
2022-11-19,AST-2031,A2,0,0.0034292325093843,7.603577292266375e-12,8.189992653813302e-15,MRO-30011;MRO-80001;MRO-70005,MRO-80001;MRO-10045;MRO-10046,Hydraulic Press,CHN-02,train,12,normal,normal,approved_on_validation,우선 점검 후보
2022-11-19,AST-3008,A2,0,0.0033568655046648,6.6538880630399875e-12,7.465664884529524e-15,MRO-70005;MRO-10047;MRO-20031,MRO-10047;MRO-20031;MRO-10045,Belt Conveyor,CHN-02,train,12,normal,normal,approved_on_validation,우선 점검 후보
2022-11-19,AST-3019,A2,0,0.003305371158328,6.617105685872019e-12,7.173226270546459e-15,MRO-70004;MRO-90011;MRO-50009,MRO-50009;MRO-80001;MRO-10045,Belt Conveyor,CHN-02,train,12,normal,normal,approved_on_validation,우선 점검 후보
2022-11-19,AST-4055,A2,0,0.0032494850916732,6.651354377767743e-12,6.755573624839475e-15,MRO-20031;MRO-50009;MRO-80001,MRO-20031;MRO-50009;MRO-80001,Screw Compressor,DHR-03,train,12,normal,normal,approved_on_validation,우선 점검 후보
2022-11-19,AST-4061,A2,0,0.0032807808849256,6.862334201576552e-12,7.0468294636705495e-15,MRO-10045;MRO-20033;MRO-90011,MRO-10045;MRO-10046;MRO-10047,Screw Compressor,DHR-03,train,12,normal,normal,approved_on_validation,우선 점검 후보
2022-11-19,AST-5003,A2,0,0.0034856574554803,7.693725053922049e-12,8.871542471239844e-15,MRO-70005;MRO-50009;MRO-40021,MRO-50009;MRO-10046;MRO-10047,EOT Crane,DHR-03,train,12,normal,normal,approved_on_validation,우선 점검 후보
2022-11-19,AST-5007,A2,0,0.0032186460590382,6.4954308459789175e-12,6.516220381047741e-15,MRO-50008;MRO-10045;MRO-10047,MRO-10045;MRO-10047;MRO-20031,EOT Crane,PUN-01,train,12,normal,normal,approved_on_validation,우선 점검 후보
2022-11-20,AST-1041,A2,0,0.0032328879794982,6.578062785311961e-12,6.620852643916201e-15,MRO-10046;MRO-10047;MRO-50009,MRO-10046;MRO-10047;MRO-50009,CNC Lathe,PUN-01,train,12,normal,normal,approved_on_validation,우선 점검 후보
2022-11-20,AST-1042,A2,0,0.0032375009193574,6.599337860041848e-12,6.6593522672333804e-15,MRO-10046;MRO-10047;MRO-80001,MRO-10046;MRO-10047;MRO-80001,CNC Lathe,PUN-01,train,12,normal,normal,approved_on_validation,우선 점검 후보
2022-11-20,AST-2017,A2,0,0.0032866795497587,6.853083903801409e-12,7.0448725082175e-15,MRO-80001;MRO-50008;MRO-80002,MRO-80001;MRO-10045;MRO-10046,Hydraulic Press,PUN-01,train,12,normal,normal,approved_on_validation,우선 점검 후보
2022-11-20,AST-2031,A2,0,0.0032899314783444,6.764465195073386e-12,6.977144136525197e-15,MRO-30011;MRO-80001;MRO-10045,MRO-80001;MRO-10045;MRO-10046,Hydraulic Press,CHN-02,train,12,normal,normal,approved_on_validation,우선 점검 후보
2022-11-20,AST-3008,A2,0,0.0033378540658489,6.568162562336528e-12,7.309916897845338e-15,MRO-70005;MRO-10045;MRO-10047,MRO-10045;MRO-10047;MRO-20031,Belt Conveyor,CHN-02,train,12,normal,normal,approved_on_validation,우선 점검 후보
2022-11-20,AST-3019,A2,0,0.0032919865396146,6.605871050404143e-12,7.101236916624545e-15,MRO-70004;MRO-90011;MRO-10045,MRO-10045;MRO-10046;MRO-10047,Belt Conveyor,CHN-02,train,12,normal,normal,approved_on_validation,우선 점검 후보
2022-11-20,AST-4055,A2,0,0.0032554281984488,6.687294836503763e-12,6.805492082747457e-15,MRO-10047;MRO-20031;MRO-50009,MRO-10047;MRO-20031;MRO-50009,Screw Compressor,DHR-03,train,12,normal,normal,approved_on_validation,우선 점검 후보
2022-11-20,AST-4061,A2,0,0.0032497172264317,6.689422177158398e-12,6.800701292269058e-15,MRO-70005;MRO-10046;MRO-10047,MRO-10046;MRO-10047;MRO-20031,Screw Compressor,DHR-03,train,12,normal,normal,approved_on_validation,우선 점검 후보
2022-11-20,AST-5003,A2,0,0.0033282927029398,6.384029338242194e-12,7.166623179634934e-15,MRO-70005;MRO-50008;MRO-60015,MRO-10045;MRO-10046;MRO-10047,EOT Crane,DHR-03,train,12,normal,normal,approved_on_validation,우선 점검 후보
2022-11-20,AST-5007,A2,0,0.0033255276776458,6.620361383513983e-12,7.252489439460161e-15,MRO-70005;MRO-10045;MRO-10046,MRO-10045;MRO-10046;MRO-10047,EOT Crane,PUN-01,train,12,normal,normal,approved_on_validation,우선 점검 후보
2022-11-21,AST-1041,A2,15,8.91615826464085,0.2834548098126555,0.2146878949495498,MRO-80001;MRO-20031;MRO-70004,MRO-80001;MRO-20031;MRO-10045,CNC Lathe,PUN-01,train,12,high_risk,risk,approved_on_validation,우선 점검 후보
2022-11-21,AST-1042,A2,10,7.07417390913588,0.1611779832975299,0.109129641609582,MRO-10045;MRO-20031;MRO-10046,MRO-10045;MRO-20031;MRO-10046,CNC Lathe,PUN-01,train,12,risk,risk,approved_on_validation,우선 점검 후보
2022-11-21,AST-2017,A2,8,8.53864029989281,0.2581157160711606,0.1877127080655534,MRO-20031;MRO-80001;MRO-10045,MRO-20031;MRO-80001;MRO-10045,Hydraulic Press,PUN-01,train,12,risk,risk,approved_on_validation,우선 점검 후보
2022-11-21,AST-2031,A2,6,8.057084561717707,0.2208706992077116,0.1586161409528337,MRO-30012;MRO-20031;MRO-50009,MRO-20031;MRO-50009;MRO-80001,Hydraulic Press,CHN-02,train,12,risk,risk,approved_on_validation,우선 점검 후보
2022-11-21,AST-3008,A2,4,7.095869679127307,0.1608141146825868,0.1098853710903291,MRO-10045;MRO-10046;MRO-50009,MRO-10045;MRO-10046;MRO-50009,Belt Conveyor,CHN-02,train,12,caution,risk,approved_on_validation,우선 점검 후보
2022-11-21,AST-3019,A2,12,6.165702993555311,0.1119704063301155,0.0707541496005473,MRO-20031;MRO-50009;MRO-80001,MRO-20031;MRO-50009;MRO-80001,Belt Conveyor,CHN-02,train,12,high_risk,risk,approved_on_validation,우선 점검 후보
2022-11-21,AST-4055,A2,4,8.208119510626126,0.2351510013624501,0.1682282319753876,MRO-10045;MRO-10047;MRO-50009,MRO-10045;MRO-10047;MRO-50009,Screw Compressor,DHR-03,train,12,caution,risk,approved_on_validation,우선 점검 후보
2022-11-21,AST-4061,A2,15,7.225848685200408,0.167397777492031,0.1146072290258778,MRO-40022;MRO-10046;MRO-20031,MRO-10046;MRO-20031;MRO-10045,Screw Compressor,DHR-03,train,12,high_risk,risk,approved_on_validation,우선 점검 후보
2022-11-21,AST-5003,A2,16,8.928764660521075,0.2833597177890249,0.2103875968377912,MRO-30011;MRO-20033;MRO-40021,MRO-10046;MRO-80001;MRO-10045,EOT Crane,DHR-03,train,12,high_risk,risk,approved_on_validation,우선 점검 후보
2022-11-21,AST-5007,A2,2,5.211753298560707,0.0633341218800275,0.0375607049001024,MRO-40021;MRO-50008;MRO-80002,MRO-10047;MRO-10046;MRO-10045,EOT Crane,PUN-01,train,12,caution,caution,approved_on_validation,우선 점검 후보
2022-11-22,AST-1041,A2,5,7.21345833856648,0.168049065294293,0.1141777127036393,MRO-20031;MRO-10045;MRO-10046,MRO-20031;MRO-10045;MRO-10046,CNC Lathe,PUN-01,train,12,caution,risk,approved_on_validation,우선 점검 후보
2022-11-22,AST-1042,A2,10,6.923810206502591,0.151030578807419,0.1015681539899685,MRO-10047;MRO-10046;MRO-70005,MRO-10047;MRO-10046;MRO-50009,CNC Lathe,PUN-01,train,12,risk,risk,approved_on_validation,우선 점검 후보
2022-11-22,AST-2017,A2,8,8.137550980361794,0.2296857309187809,0.1646702919166693,MRO-80001;MRO-20031;MRO-10045,MRO-80001;MRO-20031;MRO-10045,Hydraulic Press,PUN-01,train,12,risk,risk,approved_on_validation,우선 점검 후보
2022-11-22,AST-2031,A2,11,8.10330433315724,0.2224906274457295,0.162276783858321,MRO-20031;MRO-50009;MRO-80001,MRO-20031;MRO-50009;MRO-80001,Hydraulic Press,CHN-02,train,12,risk,risk,approved_on_validation,우선 점검 후보
2022-11-22,AST-3008,A2,12,7.550897444002377,0.1889984655685002,0.1323894430716964,MRO-10046;MRO-50009;MRO-10045,MRO-10046;MRO-50009;MRO-10045,Belt Conveyor,CHN-02,train,12,high_risk,risk,approved_on_validation,우선 점검 후보
2022-11-22,AST-3019,A2,5,6.002746587293599,0.1029018026853242,0.0652619693957758,MRO-50009;MRO-20031;MRO-10047,MRO-50009;MRO-20031;MRO-10047,Belt Conveyor,CHN-02,train,12,caution,risk,approved_on_validation,우선 점검 후보
2022-11-22,AST-4055,A2,14,8.6035108313704,0.2633819670779341,0.192888919331663,MRO-10045;MRO-50009;MRO-10047,MRO-10045;MRO-50009;MRO-10047,Screw Compressor,DHR-03,train,12,high_risk,risk,approved_on_validation,우선 점검 후보
2022-11-22,AST-4061,A2,3,6.792242924816446,0.1433475360626498,0.0947664589168382,MRO-10045;MRO-60016;MRO-20031,MRO-10045;MRO-20031;MRO-50009,Screw Compressor,DHR-03,train,12,caution,risk,approved_on_validation,우선 점검 후보
2022-11-22,AST-5003,A2,15,8.724828671332041,0.2675250775769638,0.1992505731277566,MRO-40021;MRO-50009;MRO-80001,MRO-50009;MRO-80001;MRO-10046,EOT Crane,DHR-03,train,12,high_risk,risk,approved_on_validation,우선 점검 후보
2022-11-22,AST-5007,A2,2,5.484315488373953,0.0769169922531728,0.0464532479249299,MRO-10047;MRO-10045;MRO-10046,MRO-10047;MRO-10045;MRO-10046,EOT Crane,PUN-01,train,12,caution,caution,approved_on_validation,우선 점검 후보
2022-11-23,AST-1041,A2,7,7.495851928569175,0.1846055475271842,0.1285504044576935,MRO-10045;MRO-20031;MRO-40022,MRO-10045;MRO-20031;MRO-10046,CNC Lathe,PUN-01,train,12,risk,risk,approved_on_validation,우선 점검 후보
2022-11-23,AST-1042,A2,5,6.597230428738217,0.134671393255484,0.087121629426156,MRO-10045;MRO-20031;MRO-10047,MRO-10045;MRO-20031;MRO-10047,CNC Lathe,PUN-01,train,12,caution,risk,approved_on_validation,우선 점검 후보
2022-11-23,AST-2017,A2,10,8.280861182116066,0.2394833503181824,0.1725320350636161,MRO-80001;MRO-10045;MRO-20031,MRO-80001;MRO-10045;MRO-20031,Hydraulic Press,PUN-01,train,12,risk,risk,approved_on_validation,우선 점검 후보
2022-11-23,AST-2031,A2,13,7.826752637971893,0.2072663399099753,0.1476365059288782,MRO-10046;MRO-80001;MRO-20031,MRO-10046;MRO-80001;MRO-20031,Hydraulic Press,CHN-02,train,12,high_risk,risk,approved_on_validation,우선 점검 후보
2022-11-23,AST-3008,A2,10,7.372678616494,0.1769651600030037,0.1211902709099974,MRO-40022;MRO-50009;MRO-80001,MRO-50009;MRO-80001;MRO-10047,Belt Conveyor,CHN-02,train,12,risk,risk,approved_on_validation,우선 점검 후보
2022-11-23,AST-3019,A2,12,6.46247754049601,0.1247967680510708,0.080661090648537,MRO-60015;MRO-20031;MRO-10047,MRO-20031;MRO-10047;MRO-10045,Belt Conveyor,CHN-02,train,12,high_risk,risk,approved_on_validation,우선 점검 후보
2022-11-23,AST-4055,A2,24,8.842246246941434,0.2804942578194574,0.2076191049390729,MRO-50009;MRO-10046;MRO-10045,MRO-50009;MRO-10046;MRO-10045,Screw Compressor,DHR-03,train,12,high_risk,risk,approved_on_validation,우선 점검 후보
2022-11-23,AST-4061,A2,5,7.948195207008831,0.2101527245362119,0.151422991268244,MRO-60016;MRO-40021;MRO-10046,MRO-10046;MRO-10045;MRO-50009,Screw Compressor,DHR-03,train,12,caution,risk,approved_on_validation,우선 점검 후보
2022-11-23,AST-5003,A2,13,7.894819968835961,0.2111553377720517,0.1503320072749392,MRO-10046;MRO-10045;MRO-20031,MRO-10046;MRO-10045;MRO-20031,EOT Crane,DHR-03,train,12,high_risk,risk,approved_on_validation,우선 점검 후보
2022-11-23,AST-5007,A2,6,6.30195784084243,0.1164954454468173,0.0738504078789299,MRO-40022;MRO-10047;MRO-10045,MRO-10047;MRO-10045;MRO-50009,EOT Crane,PUN-01,train,12,risk,risk,approved_on_validation,우선 점검 후보
2022-11-24,AST-1041,A2,8,7.309089663467676,0.1723474901031582,0.1191369679010644,MRO-10045;MRO-40021;MRO-80001,MRO-10045;MRO-80001;MRO-20031,CNC Lathe,PUN-01,train,12,risk,risk,approved_on_validation,우선 점검 후보
2022-11-24,AST-1042,A2,4,6.556627486588013,0.1344485852364218,0.0854673411250751,MRO-80001;MRO-50009;MRO-20031,MRO-80001;MRO-50009;MRO-20031,CNC Lathe,PUN-01,train,12,caution,risk,approved_on_validation,우선 점검 후보
2022-11-24,AST-2017,A2,8,8.550040797492104,0.260412262519911,0.1892805212539038,MRO-10046;MRO-20031;MRO-80001,MRO-10046;MRO-20031;MRO-80001,Hydraulic Press,PUN-01,train,12,risk,risk,approved_on_validation,우선 점검 후보
2022-11-24,AST-2031,A2,6,7.539691769386377,0.1866668172562859,0.1318121103678169,MRO-10046;MRO-20031;MRO-50009,MRO-10046;MRO-20031;MRO-50009,Hydraulic Press,CHN-02,train,12,risk,risk,approved_on_validation,우선 점검 후보
2022-11-24,AST-3008,A2,6,6.978069751324591,0.1515749432390474,0.1023263503729627,MRO-40022;MRO-10045;MRO-10046,MRO-10045;MRO-10046;MRO-20031,Belt Conveyor,CHN-02,train,12,risk,risk,approved_on_validation,우선 점검 후보
2022-11-24,AST-3019,A2,5,6.276593549330184,0.1175087833586473,0.0740608788433636,MRO-60015;MRO-10047;MRO-80001,MRO-10047;MRO-80001;MRO-10045,Belt Conveyor,CHN-02,train,12,caution,risk,approved_on_validation,우선 점검 후보
2022-11-24,AST-4055,A2,13,9.648127300902596,0.3392062648664996,0.2627047197132974,MRO-10045;MRO-20031;MRO-40022,MRO-10045;MRO-20031;MRO-80001,Screw Compressor,DHR-03,train,12,high_risk,risk,approved_on_validation,우선 점검 후보
2022-11-24,AST-4061,A2,3,7.219606409084628,0.1678268951689805,0.1137938824050206,MRO-60016;MRO-10047;MRO-20031,MRO-10047;MRO-20031;MRO-50009,Screw Compressor,DHR-03,train,12,caution,risk,approved_on_validation,우선 점검 후보
2022-11-24,AST-5003,A2,18,9.359108029722034,0.315906111065463,0.2414779022513479,MRO-80001;MRO-10046;MRO-20031,MRO-80001;MRO-10046;MRO-20031,EOT Crane,DHR-03,train,12,high_risk,risk,approved_on_validation,우선 점검 후보
2022-11-24,AST-5007,A2,0,4.906338906191208,0.0532150794634014,0.030428063584834,MRO-40022;MRO-50008;MRO-40021,MRO-10047;MRO-10045;MRO-50009,EOT Crane,PUN-01,train,12,normal,caution,approved_on_validation,우선 점검 후보
2022-11-25,AST-1041,A2,15,10.056906982158855,0.3709989112298352,0.2925576709841271,MRO-10046;MRO-10045;MRO-80001,MRO-10046;MRO-10045;MRO-80001,CNC Lathe,PUN-01,train,12,high_risk,risk,approved_on_validation,우선 점검 후보
2022-11-25,AST-1042,A2,6,6.531341979466596,0.1308327383151806,0.0844234988017306,MRO-20031;MRO-10046;MRO-10047,MRO-20031;MRO-10046;MRO-10047,CNC Lathe,PUN-01,train,12,risk,risk,approved_on_validation,우선 점검 후보
2022-11-25,AST-2017,A2,9,8.664827545906887,0.2673511837660622,0.1969290598038139,MRO-80001;MRO-10046;MRO-10045,MRO-80001;MRO-10046;MRO-10045,Hydraulic Press,PUN-01,train,12,risk,risk,approved_on_validation,우선 점검 후보
2022-11-25,AST-2031,A2,8,8.211581772894613,0.2362196839393238,0.1675891380081451,MRO-80001;MRO-10046;MRO-10045,MRO-80001;MRO-10046;MRO-10045,Hydraulic Press,CHN-02,train,12,risk,risk,approved_on_validation,우선 점검 후보
2022-11-25,AST-3008,A2,6,7.284519840283383,0.1734883494463064,0.1182491764912724,MRO-10046;MRO-10047;MRO-50009,MRO-10046;MRO-10047;MRO-50009,Belt Conveyor,CHN-02,train,12,risk,risk,approved_on_validation,우선 점검 후보
2022-11-25,AST-3019,A2,2,5.983498782552478,0.1043561148698242,0.0638544050859052,MRO-10047;MRO-10045;MRO-20031,MRO-10047;MRO-10045;MRO-20031,Belt Conveyor,CHN-02,train,12,caution,risk,approved_on_validation,우선 점검 후보
2022-11-25,AST-4055,A2,8,7.9551728843396035,0.2179533873537389,0.1537081019190574,MRO-40022;MRO-10045;MRO-10046,MRO-10045;MRO-10046;MRO-20031,Screw Compressor,DHR-03,train,12,risk,risk,approved_on_validation,우선 점검 후보
2022-11-25,AST-4061,A2,14,6.907208177559383,0.1499774512169994,0.0999944615049289,MRO-80001;MRO-50009;MRO-10045,MRO-80001;MRO-50009;MRO-10045,Screw Compressor,DHR-03,train,12,high_risk,risk,approved_on_validation,우선 점검 후보
2022-11-25,AST-5003,A2,5,8.335614527596727,0.2439420876879164,0.1763935460710782,MRO-50009;MRO-10046;MRO-80001,MRO-50009;MRO-10046;MRO-80001,EOT Crane,DHR-03,train,12,caution,risk,approved_on_validation,우선 점검 후보
2022-11-25,AST-5007,A2,4,6.119735074431492,0.1070254539318466,0.0675137094521691,MRO-10045;MRO-10047;MRO-50009,MRO-10045;MRO-10047;MRO-50009,EOT Crane,PUN-01,train,12,caution,risk,approved_on_validation,우선 점검 후보
2022-11-26,AST-1041,A2,0,0.0032321750178693,6.574121401674697e-12,6.623743853361422e-15,MRO-80001;MRO-10047;MRO-20031,MRO-80001;MRO-10047;MRO-20031,CNC Lathe,PUN-01,train,12,normal,normal,approved_on_validation,우선 점검 후보
2022-11-26,AST-1042,A2,0,0.0032414432064126,6.615389924793295e-12,6.6941234019398415e-15,MRO-80001;MRO-10046;MRO-10047,MRO-80001;MRO-10046;MRO-10047,CNC Lathe,PUN-01,train,12,normal,normal,approved_on_validation,우선 점검 후보
2022-11-26,AST-2017,A2,0,0.0032258002490116,6.2491804645482746e-12,6.370566640982306e-15,MRO-30012;MRO-80002;MRO-20032,MRO-10046;MRO-10047;MRO-20031,Hydraulic Press,PUN-01,train,12,normal,normal,approved_on_validation,우선 점검 후보
2022-11-26,AST-2031,A2,0,0.0032534337680875,6.7280995821664026e-12,6.8287275711209655e-15,MRO-80001;MRO-10045;MRO-10047,MRO-80001;MRO-10045;MRO-10047,Hydraulic Press,CHN-02,train,12,normal,normal,approved_on_validation,우선 점검 후보
2022-11-26,AST-3008,A2,0,0.0033372955510825,6.5785895247364435e-12,7.315659846706666e-15,MRO-70005;MRO-10045;MRO-10046,MRO-10045;MRO-10046;MRO-10047,Belt Conveyor,CHN-02,train,12,normal,normal,approved_on_validation,우선 점검 후보
2022-11-26,AST-3019,A2,0,0.003256259318019,6.6202465045252206e-12,6.813217672256689e-15,MRO-70005;MRO-40022;MRO-90012,MRO-10045;MRO-10046;MRO-10047,Belt Conveyor,CHN-02,train,12,normal,normal,approved_on_validation,우선 점검 후보
2022-11-26,AST-4055,A2,0,0.0032528982485055,6.6764251929458135e-12,6.788343547485173e-15,MRO-10045;MRO-10046;MRO-20031,MRO-10045;MRO-10046;MRO-20031,Screw Compressor,DHR-03,train,12,normal,normal,approved_on_validation,우선 점검 후보
2022-11-26,AST-4061,A2,0,0.0032560012171667,6.6872440769217785e-12,6.818435139944053e-15,MRO-70005;MRO-10045;MRO-10046,MRO-10045;MRO-10046;MRO-10047,Screw Compressor,DHR-03,train,12,normal,normal,approved_on_validation,우선 점검 후보
2022-11-26,AST-5003,A2,0,0.0035562895077377,7.293226272058144e-12,8.754174620964952e-15,MRO-70005;MRO-80002;MRO-40021,MRO-50009;MRO-10045;MRO-10046,EOT Crane,DHR-03,train,12,normal,normal,approved_on_validation,우선 점검 후보
2022-11-26,AST-5007,A2,0,0.0033127800379695,6.6215230130641505e-12,6.9752297574564154e-15,MRO-60015;MRO-70004;MRO-20033,MRO-10045;MRO-10046;MRO-10047,EOT Crane,PUN-01,train,12,normal,normal,approved_on_validation,우선 점검 후보
2022-11-27,AST-1041,A2,0,0.0032468561493015,6.6627186457552146e-12,6.746603529136231e-15,MRO-10045;MRO-10047;MRO-20031,MRO-10045;MRO-10047;MRO-20031,CNC Lathe,PUN-01,train,12,normal,normal,approved_on_validation,우선 점검 후보
2022-11-27,AST-1042,A2,0,0.0032413164653717,6.613345003726395e-12,6.692164375533787e-15,MRO-10045;MRO-10046;MRO-10047,MRO-10045;MRO-10046;MRO-10047,CNC Lathe,PUN-01,train,12,normal,normal,approved_on_validation,우선 점검 후보
2022-11-27,AST-2017,A2,0,0.0032864911706254,6.873593100425665e-12,7.053237056663083e-15,MRO-10045;MRO-30012;MRO-80002,MRO-10045;MRO-10046;MRO-10047,Hydraulic Press,PUN-01,train,12,normal,normal,approved_on_validation,우선 점검 후보
2022-11-27,AST-2031,A2,0,0.0033911927055023,8.431994129280894e-12,8.559512722128094e-15,MRO-50009;MRO-80001;MRO-10045,MRO-50009;MRO-80001;MRO-10045,Hydraulic Press,CHN-02,train,12,normal,normal,approved_on_validation,우선 점검 후보
2022-11-27,AST-3008,A2,0,0.0033425016925473,6.582208574648839e-12,7.348602146861388e-15,MRO-70005;MRO-10045;MRO-10046,MRO-10045;MRO-10046;MRO-10047,Belt Conveyor,CHN-02,train,12,normal,normal,approved_on_validation,우선 점검 후보
2022-11-27,AST-3019,A2,0,0.0032090708885049,6.619851488473083e-12,6.567623639764504e-15,MRO-10045;MRO-10046;MRO-10047,MRO-10045;MRO-10046;MRO-10047,Belt Conveyor,CHN-02,train,12,normal,normal,approved_on_validation,우선 점검 후보
2022-11-27,AST-4055,A2,0,0.0032548250350148,6.687185214087557e-12,6.803398013398111e-15,MRO-10045;MRO-10046;MRO-20031,MRO-10045;MRO-10046;MRO-20031,Screw Compressor,DHR-03,train,12,normal,normal,approved_on_validation,우선 점검 후보
2022-11-27,AST-4061,A2,0,0.0032374741085131,6.579627009877955e-12,6.669089685992507e-15,MRO-70005;MRO-10046;MRO-10047,MRO-10046;MRO-10047;MRO-20031,Screw Compressor,DHR-03,train,12,normal,normal,approved_on_validation,우선 점검 후보
2022-11-27,AST-5003,A2,0,0.0036498876066247,8.071666250576141e-12,9.853188685598767e-15,MRO-70005;MRO-80002;MRO-50009,MRO-50009;MRO-10045;MRO-10046,EOT Crane,DHR-03,train,12,normal,normal,approved_on_validation,우선 점검 후보
2022-11-27,AST-5007,A2,0,0.0033530738085515,6.620356033551077e-12,7.43563315197435e-15,MRO-70005;MRO-70004;MRO-10045,MRO-10045;MRO-10046;MRO-10047,EOT Crane,PUN-01,train,12,normal,normal,approved_on_validation,우선 점검 후보
2022-11-28,AST-1041,A2,3,7.460519903641348,0.1814591255819598,0.1280335115019495,MRO-10047;MRO-10045;MRO-10046,MRO-10047;MRO-10045;MRO-10046,CNC Lathe,PUN-01,train,12,caution,risk,approved_on_validation,우선 점검 후보
2022-11-28,AST-1042,A2,0,6.814764144824063,0.1485421342829431,0.0965702944636422,MRO-10045;MRO-80001;MRO-50009,MRO-10045;MRO-80001;MRO-50009,CNC Lathe,PUN-01,train,12,normal,risk,approved_on_validation,우선 점검 후보
2022-11-28,AST-2017,A2,8,8.244463838894053,0.2370547267217057,0.1699353197961035,MRO-10046;MRO-20031;MRO-80001,MRO-10046;MRO-20031;MRO-80001,Hydraulic Press,PUN-01,train,12,risk,risk,approved_on_validation,우선 점검 후보
2022-11-28,AST-2031,A2,8,7.6657207009317245,0.1959143169648798,0.1382386406934803,MRO-10046;MRO-50009;MRO-80001,MRO-10046;MRO-50009;MRO-80001,Hydraulic Press,CHN-02,train,12,risk,risk,approved_on_validation,우선 점검 후보
2022-11-28,AST-3008,A2,11,7.459384263741028,0.1812100668290169,0.1274144483980718,MRO-20031;MRO-10046;MRO-10047,MRO-20031;MRO-10046;MRO-10047,Belt Conveyor,CHN-02,train,12,risk,risk,approved_on_validation,우선 점검 후보
2022-11-28,AST-3019,A2,5,5.676661186902038,0.087225220906343,0.0545885431438533,MRO-10047;MRO-80001;MRO-10045,MRO-10047;MRO-80001;MRO-10045,Belt Conveyor,CHN-02,train,12,caution,caution,approved_on_validation,우선 점검 후보
2022-11-28,AST-4055,A2,8,7.789446132124828,0.206809960115537,0.1445928871580814,MRO-50009;MRO-10045;MRO-10046,MRO-50009;MRO-10045;MRO-10046,Screw Compressor,DHR-03,train,12,risk,risk,approved_on_validation,우선 점검 후보
2022-11-28,AST-4061,A2,6,6.72835769077631,0.1368173046671313,0.0906688881141207,MRO-40022;MRO-30011;MRO-60016,MRO-10047;MRO-80001;MRO-10046,Screw Compressor,DHR-03,train,12,risk,risk,approved_on_validation,우선 점검 후보
2022-11-28,AST-5003,A2,7,7.666342944859875,0.1974647015841652,0.1381007544378843,MRO-80001;MRO-10046;MRO-20031,MRO-80001;MRO-10046;MRO-20031,EOT Crane,DHR-03,train,12,risk,risk,approved_on_validation,우선 점검 후보
2022-11-28,AST-5007,A2,5,6.033174453861049,0.1027122911394238,0.0649493663034671,MRO-80001;MRO-10047;MRO-10045,MRO-80001;MRO-10047;MRO-10045,EOT Crane,PUN-01,train,12,caution,risk,approved_on_validation,우선 점검 후보
2022-11-29,AST-1041,A2,3,6.81034837683793,0.1440006248088055,0.095597312277436,MRO-10045;MRO-10046;MRO-20031,MRO-10045;MRO-10046;MRO-20031,CNC Lathe,PUN-01,train,12,caution,risk,approved_on_validation,우선 점검 후보
2022-11-29,AST-1042,A2,20,6.890530033987133,0.1521933706256122,0.100332234136819,MRO-50009;MRO-10046;MRO-10047,MRO-50009;MRO-10046;MRO-10047,CNC Lathe,PUN-01,train,12,high_risk,risk,approved_on_validation,우선 점검 후보
2022-11-29,AST-2017,A2,0,8.14591976400668,0.2295410899721258,0.1652913601419105,MRO-10046;MRO-10047;MRO-10045,MRO-10046;MRO-10047;MRO-10045,Hydraulic Press,PUN-01,train,12,normal,risk,approved_on_validation,우선 점검 후보
2022-11-29,AST-2031,A2,9,7.324527105799871,0.1723816455682034,0.1208472375920986,MRO-50009;MRO-80001;MRO-10045,MRO-50009;MRO-80001;MRO-10045,Hydraulic Press,CHN-02,train,12,risk,risk,approved_on_validation,우선 점검 후보
2022-11-29,AST-3008,A2,2,6.753750514771117,0.1377530323291103,0.0927507748647287,MRO-40021;MRO-10046;MRO-10047,MRO-10046;MRO-10047;MRO-10045,Belt Conveyor,CHN-02,train,12,caution,risk,approved_on_validation,우선 점검 후보
2022-11-29,AST-3019,A2,0,6.048699492259866,0.1044421926751718,0.0659784206277562,MRO-10047;MRO-20031;MRO-80001,MRO-10047;MRO-20031;MRO-80001,Belt Conveyor,CHN-02,train,12,normal,risk,approved_on_validation,우선 점검 후보
2022-11-29,AST-4055,A2,10,8.106567267661887,0.227494251819154,0.1625715801888927,MRO-10047;MRO-10046;MRO-10045,MRO-10047;MRO-10046;MRO-10045,Screw Compressor,DHR-03,train,12,risk,risk,approved_on_validation,우선 점검 후보
2022-11-29,AST-4061,A2,4,6.5419203870445415,0.1287415549425325,0.0843028619687618,MRO-30011;MRO-10046;MRO-10047,MRO-10046;MRO-10047;MRO-80001,Screw Compressor,DHR-03,train,12,caution,risk,approved_on_validation,우선 점검 후보
2022-11-29,AST-5003,A2,15,8.681300221578187,0.2657360525249688,0.1945994842090489,MRO-40021;MRO-30012;MRO-30011,MRO-10045;MRO-10046;MRO-80001,EOT Crane,DHR-03,train,12,high_risk,risk,approved_on_validation,우선 점검 후보
2022-11-29,AST-5007,A2,6,5.872984326695065,0.0957133134236349,0.0591928919519511,MRO-80001;MRO-10047;MRO-10045,MRO-80001;MRO-10047;MRO-10045,EOT Crane,PUN-01,train,12,risk,risk,approved_on_validation,우선 점검 후보
2022-11-30,AST-1041,A2,4,6.990158676468545,0.1544131911868994,0.1032442482396711,MRO-40022;MRO-20031;MRO-50009,MRO-20031;MRO-50009;MRO-10045,CNC Lathe,PUN-01,train,12,caution,risk,approved_on_validation,우선 점검 후보
2022-11-30,AST-1042,A2,12,6.642666680343942,0.1371934629929521,0.0892050958799485,MRO-10045;MRO-10047;MRO-50009,MRO-10045;MRO-10047;MRO-50009,CNC Lathe,PUN-01,train,12,high_risk,risk,approved_on_validation,우선 점검 후보
2022-11-30,AST-2017,A2,6,8.696152717131264,0.2687345278593475,0.1974895581806332,MRO-40022;MRO-10047;MRO-20031,MRO-10047;MRO-20031;MRO-80001,Hydraulic Press,PUN-01,train,12,risk,risk,approved_on_validation,우선 점검 후보
2022-11-30,AST-2031,A2,1,7.320273252777187,0.1721260547100866,0.1205678330835897,MRO-20031;MRO-50009;MRO-10046,MRO-20031;MRO-50009;MRO-10046,Hydraulic Press,CHN-02,train,12,caution,risk,approved_on_validation,우선 점검 후보
2022-11-30,AST-3008,A2,1,7.174426780003883,0.1654125481609048,0.1131689665367007,MRO-50009;MRO-80001;MRO-20031,MRO-50009;MRO-80001;MRO-20031,Belt Conveyor,CHN-02,train,12,caution,risk,approved_on_validation,우선 점검 후보
2022-11-30,AST-3019,A2,6,6.010714859174864,0.1038546007253291,0.0652561104827061,MRO-10047;MRO-80001;MRO-20031,MRO-10047;MRO-80001;MRO-20031,Belt Conveyor,CHN-02,train,12,risk,risk,approved_on_validation,우선 점검 후보
2022-11-30,AST-4055,A2,14,8.7214492708305,0.272804872728636,0.1996409656479826,MRO-20031;MRO-10047;MRO-10046,MRO-20031;MRO-10047;MRO-10046,Screw Compressor,DHR-03,train,12,high_risk,risk,approved_on_validation,우선 점검 후보
2022-11-30,AST-4061,A2,8,6.345329054708372,0.1186298992152454,0.0764333383117233,MRO-80001;MRO-30011;MRO-20031,MRO-80001;MRO-20031;MRO-10045,Screw Compressor,DHR-03,train,12,risk,risk,approved_on_validation,우선 점검 후보
2022-11-30,AST-5003,A2,6,8.5433390249038,0.2562894215057633,0.1885887755911261,MRO-10047;MRO-80001;MRO-10045,MRO-10047;MRO-80001;MRO-10045,EOT Crane,DHR-03,train,12,risk,risk,approved_on_validation,우선 점검 후보
2022-11-30,AST-5007,A2,0,6.1322768627992925,0.1078407191367712,0.0673984519771661,MRO-40022;MRO-10047;MRO-10045,MRO-10047;MRO-10045;MRO-50009,EOT Crane,PUN-01,train,12,normal,risk,approved_on_validation,우선 점검 후보
2022-12-01,AST-1041,A2,12,7.982511154765576,0.2181816943437818,0.1559120085410734,MRO-50009;MRO-20031;MRO-10047,MRO-50009;MRO-20031;MRO-10047,CNC Lathe,PUN-01,train,12,high_risk,risk,approved_on_validation,우선 점검 후보
2022-12-01,AST-1042,A2,10,8.543325715996215,0.2577961415633748,0.1900434667275931,MRO-50009;MRO-20031;MRO-10046,MRO-50009;MRO-20031;MRO-10046,CNC Lathe,PUN-01,train,12,risk,risk,approved_on_validation,우선 점검 후보
2022-12-01,AST-2017,A2,9,8.017559113708081,0.2224033274043723,0.1592622701923134,MRO-10046;MRO-10047;MRO-20031,MRO-10046;MRO-10047;MRO-20031,Hydraulic Press,PUN-01,train,12,risk,risk,approved_on_validation,우선 점검 후보
2022-12-01,AST-2031,A2,10,7.897306878111662,0.212358429575574,0.1512717827865181,MRO-20031;MRO-50009;MRO-80001,MRO-20031;MRO-50009;MRO-80001,Hydraulic Press,CHN-02,train,12,risk,risk,approved_on_validation,우선 점검 후보
2022-12-01,AST-3008,A2,2,6.48570215354382,0.1205360228842987,0.0814099241162529,MRO-20032;MRO-30011;MRO-10046,MRO-10046;MRO-20031;MRO-10047,Belt Conveyor,CHN-02,train,12,caution,risk,approved_on_validation,우선 점검 후보
2022-12-01,AST-3019,A2,0,5.982639249885012,0.1033825072892458,0.064267923885307,MRO-10046;MRO-10047;MRO-80001,MRO-10046;MRO-10047;MRO-80001,Belt Conveyor,CHN-02,train,12,normal,risk,approved_on_validation,우선 점검 후보
2022-12-01,AST-4055,A2,7,9.2913263380161,0.3164580563290244,0.2375061971328288,MRO-10047;MRO-10046;MRO-80001,MRO-10047;MRO-10046;MRO-80001,Screw Compressor,DHR-03,train,12,risk,risk,approved_on_validation,우선 점검 후보
2022-12-01,AST-4061,A2,2,6.677016876307124,0.1375735060679422,0.0903362918014417,MRO-20031;MRO-80001;MRO-10045,MRO-20031;MRO-80001;MRO-10045,Screw Compressor,DHR-03,train,12,caution,risk,approved_on_validation,우선 점검 후보
2022-12-01,AST-5003,A2,8,8.205034481507791,0.2307328252213807,0.1672141993732592,MRO-10047;MRO-10046;MRO-80001,MRO-10047;MRO-10046;MRO-80001,EOT Crane,DHR-03,train,12,risk,risk,approved_on_validation,우선 점검 후보
2022-12-01,AST-5007,A2,2,5.606389117029722,0.0832811121025411,0.0503773472802354,MRO-80001;MRO-10047;MRO-20031,MRO-80001;MRO-10047;MRO-20031,EOT Crane,PUN-01,train,12,caution,caution,approved_on_validation,우선 점검 후보
2022-12-02,AST-1041,A2,6,7.372088652089829,0.1784392716080565,0.1228946419184715,MRO-10047;MRO-20031;MRO-50009,MRO-10047;MRO-20031;MRO-50009,CNC Lathe,PUN-01,train,12,risk,risk,approved_on_validation,우선 점검 후보
2022-12-02,AST-1042,A2,5,7.858436685485968,0.2113291051936769,0.1496922102279811,MRO-20031;MRO-10046;MRO-50009,MRO-20031;MRO-10046;MRO-50009,CNC Lathe,PUN-01,train,12,caution,risk,approved_on_validation,우선 점검 후보
2022-12-02,AST-2017,A2,13,8.875168989776421,0.2829170964572762,0.2110736996151728,MRO-20031;MRO-10047;MRO-10045,MRO-20031;MRO-10047;MRO-10045,Hydraulic Press,PUN-01,train,12,high_risk,risk,approved_on_validation,우선 점검 후보
2022-12-02,AST-2031,A2,14,8.46709498625192,0.2516197307108396,0.18315703356095,MRO-10045;MRO-20031;MRO-50009,MRO-10045;MRO-20031;MRO-50009,Hydraulic Press,CHN-02,train,12,high_risk,risk,approved_on_validation,우선 점검 후보
2022-12-02,AST-3008,A2,4,6.217343349030551,0.1096828167529929,0.0704996175001966,MRO-10045;MRO-10046;MRO-10047,MRO-10045;MRO-10046;MRO-10047,Belt Conveyor,CHN-02,train,12,caution,risk,approved_on_validation,우선 점검 후보
2022-12-02,AST-3019,A2,4,6.617450575257417,0.1319513329969952,0.0875730353002007,MRO-10045;MRO-80001;MRO-20031,MRO-10045;MRO-80001;MRO-20031,Belt Conveyor,CHN-02,train,12,caution,risk,approved_on_validation,우선 점검 후보
2022-12-02,AST-4055,A2,17,9.360841286568938,0.3138600711916406,0.2429639564932841,MRO-60016;MRO-20031;MRO-80001,MRO-20031;MRO-80001;MRO-10045,Screw Compressor,DHR-03,train,12,high_risk,risk,approved_on_validation,우선 점검 후보
2022-12-02,AST-4061,A2,8,6.92131984417052,0.151354504812717,0.1013257623839399,MRO-20031;MRO-10047;MRO-80001,MRO-20031;MRO-10047;MRO-80001,Screw Compressor,DHR-03,train,12,risk,risk,approved_on_validation,우선 점검 후보
2022-12-02,AST-5003,A2,6,7.748432428721145,0.199959408374443,0.1426473428450666,MRO-10047;MRO-80001;MRO-20031,MRO-10047;MRO-80001;MRO-20031,EOT Crane,DHR-03,train,12,risk,risk,approved_on_validation,우선 점검 후보
2022-12-02,AST-5007,A2,5,6.022209011592148,0.1015933591237874,0.0643079255232708,MRO-20031;MRO-80001;MRO-10047,MRO-20031;MRO-80001;MRO-10047,EOT Crane,PUN-01,train,12,caution,risk,approved_on_validation,우선 점검 후보
2022-12-03,AST-1041,A2,0,0.0031135881978504,5.5530368366092155e-12,5.4778788127976676e-15,MRO-70005;MRO-20033;MRO-10047,MRO-10047;MRO-20031;MRO-50009,CNC Lathe,PUN-01,train,12,normal,normal,approved_on_validation,우선 점검 후보
2022-12-03,AST-1042,A2,0,0.0032434160663596,6.608379682988814e-12,6.7036563747539066e-15,MRO-10046;MRO-10045;MRO-10047,MRO-10046;MRO-10045;MRO-10047,CNC Lathe,PUN-01,train,12,normal,normal,approved_on_validation,우선 점검 후보
2022-12-03,AST-2017,A2,0,0.0032674104010394,6.707058945542357e-12,6.863312085930906e-15,MRO-10047;MRO-80001;MRO-70004,MRO-10047;MRO-80001;MRO-50009,Hydraulic Press,PUN-01,train,12,normal,normal,approved_on_validation,우선 점검 후보
2022-12-03,AST-2031,A2,0,0.0034506179887086,8.596959140213759e-12,9.031273941239707e-15,MRO-10046;MRO-10045;MRO-10047,MRO-10046;MRO-10045;MRO-10047,Hydraulic Press,CHN-02,train,12,normal,normal,approved_on_validation,우선 점검 후보
2022-12-03,AST-3008,A2,0,0.0033479011255466,6.5786214769089605e-12,7.380056534177792e-15,MRO-70005;MRO-10046;MRO-10047,MRO-10046;MRO-10047;MRO-20031,Belt Conveyor,CHN-02,train,12,normal,normal,approved_on_validation,우선 점검 후보
2022-12-03,AST-3019,A2,0,0.0032470808420276,6.619776868698985e-12,6.831882251482637e-15,MRO-90011;MRO-10045;MRO-10046,MRO-10045;MRO-10046;MRO-10047,Belt Conveyor,CHN-02,train,12,normal,normal,approved_on_validation,우선 점검 후보
2022-12-03,AST-4055,A2,0,0.0031035005221521,5.515910124409999e-12,5.4364789861511994e-15,MRO-10045;MRO-10046;MRO-80001,MRO-10045;MRO-10046;MRO-80001,Screw Compressor,DHR-03,train,12,normal,normal,approved_on_validation,우선 점검 후보
2022-12-03,AST-4061,A2,0,0.0032866110522156,7.023566400056181e-12,7.180478382340814e-15,MRO-10047;MRO-80001;MRO-70005,MRO-10047;MRO-80001;MRO-10045,Screw Compressor,DHR-03,train,12,normal,normal,approved_on_validation,우선 점검 후보
2022-12-03,AST-5003,A2,0,0.0033465975385804,7.302196252482963e-12,7.558032265369013e-15,MRO-40021;MRO-50009;MRO-10045,MRO-50009;MRO-10045;MRO-10047,EOT Crane,DHR-03,train,12,normal,normal,approved_on_validation,우선 점검 후보
2022-12-03,AST-5007,A2,0,0.0032397041745931,6.622407873463037e-12,6.685814771927848e-15,MRO-50009;MRO-10045;MRO-10046,MRO-50009;MRO-10045;MRO-10046,EOT Crane,PUN-01,train,12,normal,normal,approved_on_validation,우선 점검 후보
2022-12-04,AST-1041,A2,0,0.0032506022703931,6.628572914832229e-12,6.746760000045193e-15,MRO-70005;MRO-10045;MRO-10047,MRO-10045;MRO-10047;MRO-20031,CNC Lathe,PUN-01,train,12,normal,normal,approved_on_validation,우선 점검 후보
2022-12-04,AST-1042,A2,0,0.0032408923600595,6.6133507845454275e-12,6.688396587131509e-15,MRO-10045;MRO-10047;MRO-20031,MRO-10045;MRO-10047;MRO-20031,CNC Lathe,PUN-01,train,12,normal,normal,approved_on_validation,우선 점검 후보
2022-12-04,AST-2017,A2,0,0.003238901077691,6.597090263827508e-12,6.667505006007534e-15,MRO-10045;MRO-10046;MRO-20031,MRO-10045;MRO-10046;MRO-20031,Hydraulic Press,PUN-01,train,12,normal,normal,approved_on_validation,우선 점검 후보
2022-12-04,AST-2031,A2,0,0.0032351174433666,6.566920849773892e-12,6.639234156604455e-15,MRO-10046;MRO-10047;MRO-50009,MRO-10046;MRO-10047;MRO-50009,Hydraulic Press,CHN-02,train,12,normal,normal,approved_on_validation,우선 점검 후보
2022-12-04,AST-3008,A2,0,0.0033445509805435,6.582220189193757e-12,7.360145884569024e-15,MRO-70005;MRO-10046;MRO-10047,MRO-10046;MRO-10047;MRO-20031,Belt Conveyor,CHN-02,train,12,normal,normal,approved_on_validation,우선 점검 후보
2022-12-04,AST-3019,A2,0,0.0032659124668652,6.62085975144312e-12,6.774772647110339e-15,MRO-60016;MRO-10045;MRO-10046,MRO-10045;MRO-10046;MRO-10047,Belt Conveyor,CHN-02,train,12,normal,normal,approved_on_validation,우선 점검 후보
2022-12-04,AST-4055,A2,0,0.0032554585287075,6.6972253769225296e-12,6.810169107939283e-15,MRO-10047;MRO-50009;MRO-10045,MRO-10047;MRO-50009;MRO-10045,Screw Compressor,DHR-03,train,12,normal,normal,approved_on_validation,우선 점검 후보
2022-12-04,AST-4061,A2,0,0.0032592370658147,6.675355251850039e-12,6.822676092122585e-15,MRO-70005;MRO-10045;MRO-10046,MRO-10045;MRO-10046;MRO-20031,Screw Compressor,DHR-03,train,12,normal,normal,approved_on_validation,우선 점검 후보
2022-12-04,AST-5003,A2,0,0.0034090957384638,6.596555572865475e-12,7.61601358446611e-15,MRO-70005;MRO-40021;MRO-10045,MRO-10045;MRO-10046;MRO-10047,EOT Crane,DHR-03,train,12,normal,normal,approved_on_validation,우선 점검 후보
2022-12-04,AST-5007,A2,0,0.0032303264464125,6.579701890966863e-12,6.602810819531617e-15,MRO-10045;MRO-10046;MRO-10047,MRO-10045;MRO-10046;MRO-10047,EOT Crane,PUN-01,train,12,normal,normal,approved_on_validation,우선 점검 후보
2022-12-05,AST-1041,A2,16,9.80616668250446,0.3611731647680376,0.2750711922155259,MRO-50009;MRO-20031;MRO-10045,MRO-50009;MRO-20031;MRO-10045,CNC Lathe,PUN-01,train,12,high_risk,risk,approved_on_validation,우선 점검 후보
2022-12-05,AST-1042,A2,15,7.842381695693924,0.2092316689198788,0.1490265648877395,MRO-20031;MRO-10046;MRO-50008,MRO-20031;MRO-10046;MRO-10047,CNC Lathe,PUN-01,train,12,high_risk,risk,approved_on_validation,우선 점검 후보
2022-12-05,AST-2017,A2,10,8.485850228735757,0.2539700860703076,0.1849039113296021,MRO-10046;MRO-10047;MRO-20031,MRO-10046;MRO-10047;MRO-20031,Hydraulic Press,PUN-01,train,12,risk,risk,approved_on_validation,우선 점검 후보
2022-12-05,AST-2031,A2,9,8.36472129268977,0.2395461905911488,0.1794045256271934,MRO-20032;MRO-10045;MRO-20031,MRO-10045;MRO-20031;MRO-10047,Hydraulic Press,CHN-02,train,12,risk,risk,approved_on_validation,우선 점검 후보
2022-12-05,AST-3008,A2,20,7.568378133968116,0.1895185382589561,0.1334533224840935,MRO-10045;MRO-10046;MRO-50009,MRO-10045;MRO-10046;MRO-50009,Belt Conveyor,CHN-02,train,12,high_risk,risk,approved_on_validation,우선 점검 후보
2022-12-05,AST-3019,A2,8,6.546660054117496,0.1308469687145141,0.0849944676744217,MRO-10045;MRO-20031;MRO-80001,MRO-10045;MRO-20031;MRO-80001,Belt Conveyor,CHN-02,train,12,risk,risk,approved_on_validation,우선 점검 후보
2022-12-05,AST-4055,A2,0,8.207211982637043,0.2355035793652985,0.1682258866958821,MRO-10047;MRO-20031;MRO-10045,MRO-10047;MRO-20031;MRO-10045,Screw Compressor,DHR-03,train,12,normal,risk,approved_on_validation,우선 점검 후보
2022-12-05,AST-4061,A2,7,6.677157473421847,0.1363257573355543,0.0909195967015152,MRO-50009;MRO-10047;MRO-80001,MRO-50009;MRO-10047;MRO-80001,Screw Compressor,DHR-03,train,12,risk,risk,approved_on_validation,우선 점검 후보
2022-12-05,AST-5003,A2,6,8.599251685268023,0.2620392111631364,0.1925045157908931,MRO-80001;MRO-10046;MRO-20031,MRO-80001;MRO-10046;MRO-20031,EOT Crane,DHR-03,train,12,risk,risk,approved_on_validation,우선 점검 후보
2022-12-05,AST-5007,A2,2,6.177125362227552,0.110319080439379,0.0697322119237482,MRO-10047;MRO-50009;MRO-10046,MRO-10047;MRO-50009;MRO-10046,EOT Crane,PUN-01,train,12,caution,risk,approved_on_validation,우선 점검 후보
2022-12-06,AST-1041,A2,8,7.5882171176325794,0.1940795053427384,0.1343183465478734,MRO-80001;MRO-10047;MRO-20031,MRO-80001;MRO-10047;MRO-20031,CNC Lathe,PUN-01,train,12,risk,risk,approved_on_validation,우선 점검 후보
2022-12-06,AST-1042,A2,14,7.737568127397275,0.2028116771669656,0.1436630944002725,MRO-10047;MRO-10046;MRO-20031,MRO-10047;MRO-10046;MRO-20031,CNC Lathe,PUN-01,train,12,high_risk,risk,approved_on_validation,우선 점검 후보
2022-12-06,AST-2017,A2,6,7.114722269150508,0.1614079731940309,0.1101390894876262,MRO-10047;MRO-80001;MRO-10045,MRO-10047;MRO-80001;MRO-10045,Hydraulic Press,PUN-01,train,12,risk,risk,approved_on_validation,우선 점검 후보
2022-12-06,AST-2031,A2,8,8.148050001700033,0.2293530301308817,0.1641686262953608,MRO-10046;MRO-10045;MRO-20031,MRO-10046;MRO-10045;MRO-20031,Hydraulic Press,CHN-02,train,12,risk,risk,approved_on_validation,우선 점검 후보
2022-12-06,AST-3008,A2,13,7.039824138928203,0.1548692018166657,0.1068305159531676,MRO-70005;MRO-10045;MRO-50009,MRO-10045;MRO-50009;MRO-80001,Belt Conveyor,CHN-02,train,12,high_risk,risk,approved_on_validation,우선 점검 후보
2022-12-06,AST-3019,A2,3,5.9578185835254045,0.100355869103419,0.0636598678702308,MRO-20031;MRO-10047;MRO-10045,MRO-20031;MRO-10047;MRO-10045,Belt Conveyor,CHN-02,train,12,caution,risk,approved_on_validation,우선 점검 후보
2022-12-06,AST-4055,A2,2,7.881278355822024,0.2080771855140777,0.1510063906674017,MRO-20031;MRO-10045;MRO-80001,MRO-20031;MRO-10045;MRO-80001,Screw Compressor,DHR-03,train,12,caution,risk,approved_on_validation,우선 점검 후보
2022-12-06,AST-4061,A2,18,7.095381874833134,0.1597924496111359,0.1087666933742789,MRO-10047;MRO-80001;MRO-10045,MRO-10047;MRO-80001;MRO-10045,Screw Compressor,DHR-03,train,12,high_risk,risk,approved_on_validation,우선 점검 후보
2022-12-06,AST-5003,A2,4,8.073593067394306,0.2229469339940084,0.1606312754539811,MRO-10046;MRO-10045;MRO-80001,MRO-10046;MRO-10045;MRO-80001,EOT Crane,DHR-03,train,12,caution,risk,approved_on_validation,우선 점검 후보
2022-12-06,AST-5007,A2,3,5.527805772466259,0.0779635304280272,0.0468576848307628,MRO-50009;MRO-50008;MRO-60015,MRO-50009;MRO-10045;MRO-10047,EOT Crane,PUN-01,train,12,caution,caution,approved_on_validation,우선 점검 후보
2022-12-07,AST-1041,A2,3,7.401124409023049,0.1789164357340606,0.123750248216572,MRO-10045;MRO-20031;MRO-50009,MRO-10045;MRO-20031;MRO-50009,CNC Lathe,PUN-01,train,12,caution,risk,approved_on_validation,우선 점검 후보
2022-12-07,AST-1042,A2,19,8.225230160912608,0.2334725447766406,0.1681511544666722,MRO-40021;MRO-30012;MRO-50009,MRO-50009;MRO-10045;MRO-20031,CNC Lathe,PUN-01,train,12,high_risk,risk,approved_on_validation,우선 점검 후보
2022-12-07,AST-2017,A2,8,10.28395428453357,0.3868406030835593,0.3073006687168083,MRO-40022;MRO-50009;MRO-10045,MRO-50009;MRO-10045;MRO-10047,Hydraulic Press,PUN-01,train,12,risk,risk,approved_on_validation,우선 점검 후보
2022-12-07,AST-2031,A2,5,7.977446131309815,0.2148720577214037,0.1568775860791872,MRO-10046;MRO-10045;MRO-20031,MRO-10046;MRO-10045;MRO-20031,Hydraulic Press,CHN-02,train,12,caution,risk,approved_on_validation,우선 점검 후보
2022-12-07,AST-3008,A2,5,6.8959916252631395,0.145437698027853,0.0990774858772067,MRO-10047;MRO-10045;MRO-10046,MRO-10047;MRO-10045;MRO-10046,Belt Conveyor,CHN-02,train,12,caution,risk,approved_on_validation,우선 점검 후보
2022-12-07,AST-3019,A2,1,6.498033888994957,0.1250912139570602,0.0836217406619541,MRO-10045;MRO-70004;MRO-20031,MRO-10045;MRO-20031;MRO-10047,Belt Conveyor,CHN-02,train,12,caution,risk,approved_on_validation,우선 점검 후보
2022-12-07,AST-4055,A2,18,9.27504219262853,0.3154480962322662,0.2361155825605569,MRO-10047;MRO-50009;MRO-10045,MRO-10047;MRO-50009;MRO-10045,Screw Compressor,DHR-03,train,12,high_risk,risk,approved_on_validation,우선 점검 후보
2022-12-07,AST-4061,A2,13,7.156020880090416,0.1641186244359211,0.1117047408942949,MRO-50009;MRO-80001;MRO-20031,MRO-50009;MRO-80001;MRO-20031,Screw Compressor,DHR-03,train,12,high_risk,risk,approved_on_validation,우선 점검 후보
2022-12-07,AST-5003,A2,15,9.66780069871382,0.3422575228887436,0.2615195630618703,MRO-10046;MRO-40021;MRO-10047,MRO-10046;MRO-10047;MRO-10045,EOT Crane,DHR-03,train,12,high_risk,risk,approved_on_validation,우선 점검 후보
2022-12-07,AST-5007,A2,3,5.821389649429545,0.0921180687662077,0.0574600583243385,MRO-50009;MRO-10045;MRO-10047,MRO-50009;MRO-10045;MRO-10047,EOT Crane,PUN-01,train,12,caution,caution,approved_on_validation,우선 점검 후보
2022-12-08,AST-1041,A2,11,8.519369443117741,0.2586770451499691,0.1890273751543504,MRO-80001;MRO-20031;MRO-10045,MRO-80001;MRO-20031;MRO-10045,CNC Lathe,PUN-01,train,12,risk,risk,approved_on_validation,우선 점검 후보
2022-12-08,AST-1042,A2,12,7.552873841256232,0.1902481101041919,0.1314690487184691,MRO-50009;MRO-10047;MRO-20031,MRO-50009;MRO-10047;MRO-20031,CNC Lathe,PUN-01,train,12,high_risk,risk,approved_on_validation,우선 점검 후보
2022-12-08,AST-2017,A2,14,8.858389777580351,0.2816250146781583,0.2091788890319403,MRO-50009;MRO-80001;MRO-10046,MRO-50009;MRO-80001;MRO-10046,Hydraulic Press,PUN-01,train,12,high_risk,risk,approved_on_validation,우선 점검 후보
2022-12-08,AST-2031,A2,3,8.39063817201403,0.2448011137756503,0.1811910325914803,MRO-70005;MRO-10045;MRO-20031,MRO-10045;MRO-20031;MRO-10047,Hydraulic Press,CHN-02,train,12,caution,risk,approved_on_validation,우선 점검 후보
2022-12-08,AST-3008,A2,14,7.946871793369131,0.2159086302810693,0.1538834157554957,MRO-10047;MRO-10046;MRO-50009,MRO-10047;MRO-10046;MRO-50009,Belt Conveyor,CHN-02,train,12,high_risk,risk,approved_on_validation,우선 점검 후보
2022-12-08,AST-3019,A2,16,7.150062880127378,0.1614820157153648,0.1116093373066005,MRO-10045;MRO-20031;MRO-50008,MRO-10045;MRO-20031;MRO-10047,Belt Conveyor,CHN-02,train,12,high_risk,risk,approved_on_validation,우선 점검 후보
2022-12-08,AST-4055,A2,9,8.888337189629429,0.2824119466651305,0.2116401175285529,MRO-50009;MRO-10047;MRO-80001,MRO-50009;MRO-10047;MRO-80001,Screw Compressor,DHR-03,train,12,risk,risk,approved_on_validation,우선 점검 후보
2022-12-08,AST-4061,A2,6,7.225681839119751,0.1697379435933257,0.1150971241509394,MRO-20031;MRO-10046;MRO-10047,MRO-20031;MRO-10046;MRO-10047,Screw Compressor,DHR-03,train,12,risk,risk,approved_on_validation,우선 점검 후보
2022-12-08,AST-5003,A2,20,8.672731365970693,0.2661367386543804,0.195602332985313,MRO-80001;MRO-10045;MRO-10047,MRO-80001;MRO-10045;MRO-10047,EOT Crane,DHR-03,train,12,high_risk,risk,approved_on_validation,우선 점검 후보
2022-12-08,AST-5007,A2,5,5.851002203241019,0.0938551185654532,0.0587933213339491,MRO-50009;MRO-10045;MRO-10047,MRO-50009;MRO-10045;MRO-10047,EOT Crane,PUN-01,train,12,caution,caution,approved_on_validation,우선 점검 후보
2022-12-09,AST-1041,A2,16,8.036450800561258,0.2214726734128475,0.1584718582288515,MRO-10045;MRO-10047;MRO-50009,MRO-10045;MRO-10047;MRO-50009,CNC Lathe,PUN-01,train,12,high_risk,risk,approved_on_validation,우선 점검 후보
2022-12-09,AST-1042,A2,7,7.763964381391078,0.2001764536857267,0.1439251772777671,MRO-40022;MRO-50009;MRO-10047,MRO-50009;MRO-10047;MRO-20031,CNC Lathe,PUN-01,train,12,risk,risk,approved_on_validation,우선 점검 후보
2022-12-09,AST-2017,A2,6,8.571137150276057,0.259630949574538,0.1908905150018792,MRO-80001;MRO-50009;MRO-10045,MRO-80001;MRO-50009;MRO-10045,Hydraulic Press,PUN-01,train,12,risk,risk,approved_on_validation,우선 점검 후보
2022-12-09,AST-2031,A2,4,8.116790663352466,0.2281000772812519,0.163986847739857,MRO-80001;MRO-10046;MRO-10045,MRO-80001;MRO-10046;MRO-10045,Hydraulic Press,CHN-02,train,12,caution,risk,approved_on_validation,우선 점검 후보
2022-12-09,AST-3008,A2,12,8.1327818763002,0.2286120510449078,0.164505394239512,MRO-80001;MRO-10047;MRO-50009,MRO-80001;MRO-10047;MRO-50009,Belt Conveyor,CHN-02,train,12,high_risk,risk,approved_on_validation,우선 점검 후보
2022-12-09,AST-3019,A2,13,6.812928682259619,0.1476116641122573,0.0962601350592634,MRO-50009;MRO-10045;MRO-80001,MRO-50009;MRO-10045;MRO-80001,Belt Conveyor,CHN-02,train,12,high_risk,risk,approved_on_validation,우선 점검 후보
2022-12-09,AST-4055,A2,3,8.461536795269303,0.2524166869859772,0.1843291508170313,MRO-20031;MRO-10047;MRO-80001,MRO-20031;MRO-10047;MRO-80001,Screw Compressor,DHR-03,train,12,caution,risk,approved_on_validation,우선 점검 후보
2022-12-09,AST-4061,A2,4,7.193434214573601,0.1682899384707979,0.1136919225632209,MRO-50009;MRO-10046;MRO-20031,MRO-50009;MRO-10046;MRO-20031,Screw Compressor,DHR-03,train,12,caution,risk,approved_on_validation,우선 점검 후보
2022-12-09,AST-5003,A2,5,7.778933914029996,0.2034737273164789,0.1439296569700726,MRO-10045;MRO-10046;MRO-20031,MRO-10045;MRO-10046;MRO-20031,EOT Crane,DHR-03,train,12,caution,risk,approved_on_validation,우선 점검 후보
2022-12-09,AST-5007,A2,2,5.429759512495416,0.0736489160134334,0.0448947151542454,MRO-80001;MRO-50009;MRO-10047,MRO-80001;MRO-50009;MRO-10047,EOT Crane,PUN-01,train,12,caution,caution,approved_on_validation,우선 점검 후보
2022-12-10,AST-1041,A2,0,0.003232378123973,6.556501813191197e-12,6.6142893054254506e-15,MRO-80001;MRO-10046;MRO-20031,MRO-80001;MRO-10046;MRO-20031,CNC Lathe,PUN-01,train,12,normal,normal,approved_on_validation,우선 점검 후보
2022-12-10,AST-1042,A2,0,0.0032474203045314,6.657931159333985e-12,6.7325603292584406e-15,MRO-50009;MRO-10046;MRO-80001,MRO-50009;MRO-10046;MRO-80001,CNC Lathe,PUN-01,train,12,normal,normal,approved_on_validation,우선 점검 후보
2022-12-10,AST-2017,A2,0,0.0034542587273298,7.361960529467292e-12,8.011268433920256e-15,MRO-80002;MRO-10045;MRO-10047,MRO-10045;MRO-80002;MRO-10047,Hydraulic Press,PUN-01,train,12,normal,normal,approved_on_validation,우선 점검 후보
2022-12-10,AST-2031,A2,0,0.0032285195804163,6.626353258753943e-12,6.651970165989221e-15,MRO-10045;MRO-10046;MRO-10047,MRO-10045;MRO-10046;MRO-10047,Hydraulic Press,CHN-02,train,12,normal,normal,approved_on_validation,우선 점검 후보
2022-12-10,AST-3008,A2,0,0.0033000252836742,6.560474154975394e-12,7.114574425006855e-15,MRO-70005;MRO-10046;MRO-10045,MRO-10046;MRO-10045;MRO-10047,Belt Conveyor,CHN-02,train,12,normal,normal,approved_on_validation,우선 점검 후보
2022-12-10,AST-3019,A2,0,0.0032232797302713,6.553186784206605e-12,6.570768546427093e-15,MRO-10046;MRO-20033;MRO-30011,MRO-10046;MRO-20031;MRO-80001,Belt Conveyor,CHN-02,train,12,normal,normal,approved_on_validation,우선 점검 후보
2022-12-10,AST-4055,A2,0,0.0032670450863562,6.604533699356896e-12,6.779482269812329e-15,MRO-60016;MRO-10045;MRO-10046,MRO-10045;MRO-10046;MRO-20031,Screw Compressor,DHR-03,train,12,normal,normal,approved_on_validation,우선 점검 후보
2022-12-10,AST-4061,A2,0,0.0032466506201889,6.566803252350724e-12,6.6700860944087505e-15,MRO-40021;MRO-50008;MRO-10045,MRO-10045;MRO-10046;MRO-20031,Screw Compressor,DHR-03,train,12,normal,normal,approved_on_validation,우선 점검 후보
2022-12-10,AST-5003,A2,0,0.0031911932980668,5.992480532415648e-12,6.0603564336686706e-15,MRO-80002;MRO-70005;MRO-10045,MRO-10045;MRO-10046;MRO-10047,EOT Crane,DHR-03,train,12,normal,normal,approved_on_validation,우선 점검 후보
2022-12-10,AST-5007,A2,0,0.0032596828707915,6.613479975740234e-12,6.791024801406627e-15,MRO-70004;MRO-40021;MRO-10045,MRO-10045;MRO-10046;MRO-10047,EOT Crane,PUN-01,train,12,normal,normal,approved_on_validation,우선 점검 후보
2022-12-11,AST-1041,A2,0,0.0032293487102598,6.550013540268926e-12,6.590600729510178e-15,MRO-10045;MRO-10046;MRO-20031,MRO-10045;MRO-10046;MRO-20031,CNC Lathe,PUN-01,train,12,normal,normal,approved_on_validation,우선 점검 후보
2022-12-11,AST-1042,A2,0,0.003163377982677,5.721887673592081e-12,5.772715514871284e-15,MRO-10046;MRO-20031;MRO-80001,MRO-10046;MRO-20031;MRO-80001,CNC Lathe,PUN-01,train,12,normal,normal,approved_on_validation,우선 점검 후보
2022-12-11,AST-2017,A2,0,0.0033064644630385,6.575306931070394e-12,7.156372249432564e-15,MRO-70005;MRO-10046;MRO-10047,MRO-10046;MRO-10047;MRO-20031,Hydraulic Press,PUN-01,train,12,normal,normal,approved_on_validation,우선 점검 후보
2022-12-11,AST-2031,A2,0,0.003239596544749,6.626546263101943e-12,6.6930565414261e-15,MRO-10045;MRO-10046;MRO-10047,MRO-10045;MRO-10046;MRO-10047,Hydraulic Press,CHN-02,train,12,normal,normal,approved_on_validation,우선 점검 후보
2022-12-11,AST-3008,A2,0,0.0034442435688569,7.635236130476762e-12,8.626125957676041e-15,MRO-70005;MRO-10046;MRO-10045,MRO-10046;MRO-10045;MRO-10047,Belt Conveyor,CHN-02,train,12,normal,normal,approved_on_validation,우선 점검 후보
2022-12-11,AST-3019,A2,0,0.003218755091949,6.5778491558473105e-12,6.563635106837111e-15,MRO-10046;MRO-20031;MRO-80001,MRO-10046;MRO-20031;MRO-80001,Belt Conveyor,CHN-02,train,12,normal,normal,approved_on_validation,우선 점검 후보
2022-12-11,AST-4055,A2,0,0.0031773791267878,5.7955769987429146e-12,5.8709783866942824e-15,MRO-10045;MRO-10046;MRO-20031,MRO-10045;MRO-10046;MRO-20031,Screw Compressor,DHR-03,train,12,normal,normal,approved_on_validation,우선 점검 후보
2022-12-11,AST-4061,A2,0,0.003238790576584,6.6203169129994576e-12,6.686054591071812e-15,MRO-10045;MRO-10046;MRO-10047,MRO-10045;MRO-10046;MRO-10047,Screw Compressor,DHR-03,train,12,normal,normal,approved_on_validation,우선 점검 후보
2022-12-11,AST-5003,A2,0,0.0033286164487857,6.2102396521483785e-12,7.0174097274032874e-15,MRO-70005;MRO-10045;MRO-10046,MRO-10045;MRO-10046;MRO-10047,EOT Crane,DHR-03,train,12,normal,normal,approved_on_validation,우선 점검 후보
2022-12-11,AST-5007,A2,0,0.0032572077335501,6.62055809050127e-12,6.7676344373642176e-15,MRO-40021;MRO-70004;MRO-10045,MRO-10045;MRO-10046;MRO-10047,EOT Crane,PUN-01,train,12,normal,normal,approved_on_validation,우선 점검 후보
2022-12-12,AST-1041,A2,12,7.223289744552026,0.1696771340197813,0.1152281864673833,MRO-10045;MRO-10047;MRO-50009,MRO-10045;MRO-10047;MRO-50009,CNC Lathe,PUN-01,train,12,high_risk,risk,approved_on_validation,우선 점검 후보
2022-12-12,AST-1042,A2,7,7.453248420580541,0.18261133933492,0.1273573149897257,MRO-50009;MRO-20031;MRO-10046,MRO-50009;MRO-20031;MRO-10046,CNC Lathe,PUN-01,train,12,risk,risk,approved_on_validation,우선 점검 후보
2022-12-12,AST-2017,A2,6,8.305323889320624,0.2415511851149993,0.1750905700636492,MRO-10047;MRO-20031;MRO-50009,MRO-10047;MRO-20031;MRO-50009,Hydraulic Press,PUN-01,train,12,risk,risk,approved_on_validation,우선 점검 후보
2022-12-12,AST-2031,A2,11,7.759652042154347,0.2018082945636884,0.1436920952654388,MRO-10046;MRO-10045;MRO-20031,MRO-10046;MRO-10045;MRO-20031,Hydraulic Press,CHN-02,train,12,risk,risk,approved_on_validation,우선 점검 후보
2022-12-12,AST-3008,A2,10,7.875055081813899,0.2136919898839412,0.1491981196250124,MRO-10046;MRO-20031;MRO-80001,MRO-10046;MRO-20031;MRO-80001,Belt Conveyor,CHN-02,train,12,risk,risk,approved_on_validation,우선 점검 후보
2022-12-12,AST-3019,A2,8,6.642452433880978,0.1360722767580763,0.0896238851087725,MRO-50009;MRO-20031;MRO-10045,MRO-50009;MRO-20031;MRO-10045,Belt Conveyor,CHN-02,train,12,risk,risk,approved_on_validation,우선 점검 후보
2022-12-12,AST-4055,A2,12,7.966229453957899,0.2180055900778988,0.1540474216538139,MRO-20031;MRO-50009;MRO-10046,MRO-20031;MRO-50009;MRO-10046,Screw Compressor,DHR-03,train,12,high_risk,risk,approved_on_validation,우선 점검 후보
2022-12-12,AST-4061,A2,7,7.308562956068759,0.1741474448341344,0.119371390432125,MRO-10045;MRO-80001;MRO-10046,MRO-10045;MRO-80001;MRO-10046,Screw Compressor,DHR-03,train,12,risk,risk,approved_on_validation,우선 점검 후보
2022-12-12,AST-5003,A2,2,8.855777517946738,0.28017654150422,0.2069308159021053,MRO-10047;MRO-10046;MRO-50009,MRO-10047;MRO-10046;MRO-50009,EOT Crane,DHR-03,train,12,caution,risk,approved_on_validation,우선 점검 후보
2022-12-12,AST-5007,A2,10,6.658042208151647,0.1303738138895526,0.0859549661055893,MRO-40021;MRO-60016;MRO-40022,MRO-50009;MRO-10047;MRO-10045,EOT Crane,PUN-01,train,12,risk,risk,approved_on_validation,우선 점검 후보
2022-12-13,AST-1041,A2,15,7.577472813911019,0.1915106090487315,0.133113307558631,MRO-10047;MRO-10045;MRO-10046,MRO-10047;MRO-10045;MRO-10046,CNC Lathe,PUN-01,train,12,high_risk,risk,approved_on_validation,우선 점검 후보
2022-12-13,AST-1042,A2,12,8.324624729110319,0.2397560367065756,0.1725834584162111,MRO-20033;MRO-50009;MRO-40022,MRO-50009;MRO-80001;MRO-10047,CNC Lathe,PUN-01,train,12,high_risk,risk,approved_on_validation,우선 점검 후보
2022-12-13,AST-2017,A2,1,7.41917764473556,0.1783218791718918,0.1253444608790093,MRO-10047;MRO-20031;MRO-50009,MRO-10047;MRO-20031;MRO-50009,Hydraulic Press,PUN-01,train,12,caution,risk,approved_on_validation,우선 점검 후보
2022-12-13,AST-2031,A2,9,8.257311506957176,0.2351689429101208,0.1726657781064167,MRO-10047;MRO-20031;MRO-10046,MRO-10047;MRO-20031;MRO-10046,Hydraulic Press,CHN-02,train,12,risk,risk,approved_on_validation,우선 점검 후보
2022-12-13,AST-3008,A2,8,7.16121905569436,0.1647106938836106,0.1108972645096226,MRO-60015;MRO-20031;MRO-50009,MRO-20031;MRO-50009;MRO-10047,Belt Conveyor,CHN-02,train,12,risk,risk,approved_on_validation,우선 점검 후보
2022-12-13,AST-3019,A2,0,6.131800777589052,0.1087144336385542,0.0695540315157513,MRO-10047;MRO-10045;MRO-20031,MRO-10047;MRO-10045;MRO-20031,Belt Conveyor,CHN-02,train,12,normal,risk,approved_on_validation,우선 점검 후보
2022-12-13,AST-4055,A2,15,9.470312889531394,0.3266942179844386,0.2500694228108626,MRO-10046;MRO-10047;MRO-20031,MRO-10046;MRO-10047;MRO-20031,Screw Compressor,DHR-03,train,12,high_risk,risk,approved_on_validation,우선 점검 후보
2022-12-13,AST-4061,A2,4,6.408186615926403,0.1224917481578405,0.0795853958913453,MRO-10047;MRO-10045;MRO-10046,MRO-10047;MRO-10045;MRO-10046,Screw Compressor,DHR-03,train,12,caution,risk,approved_on_validation,우선 점검 후보
2022-12-13,AST-5003,A2,13,8.343071090147959,0.2424242243582975,0.1771250009774045,MRO-50009;MRO-10045;MRO-80001,MRO-50009;MRO-10045;MRO-80001,EOT Crane,DHR-03,train,12,high_risk,risk,approved_on_validation,우선 점검 후보
2022-12-13,AST-5007,A2,0,4.816717294084183,0.0483706138376506,0.0283372148698718,MRO-70004;MRO-70005;MRO-40022,MRO-80001;MRO-50009;MRO-10045,EOT Crane,PUN-01,train,12,normal,caution,approved_on_validation,우선 점검 후보
2022-12-14,AST-1041,A2,5,7.909870914486818,0.2147558818515765,0.1516880626279487,MRO-10045;MRO-50009;MRO-20031,MRO-10045;MRO-50009;MRO-20031,CNC Lathe,PUN-01,train,12,caution,risk,approved_on_validation,우선 점검 후보
2022-12-14,AST-1042,A2,8,7.292941065682431,0.1758013893576277,0.1199932014154166,MRO-50009;MRO-20031;MRO-80001,MRO-50009;MRO-20031;MRO-80001,CNC Lathe,PUN-01,train,12,risk,risk,approved_on_validation,우선 점검 후보
2022-12-14,AST-2017,A2,12,9.184762103553568,0.3031824093155732,0.2308625288890366,MRO-10047;MRO-20031;MRO-10045,MRO-10047;MRO-20031;MRO-10045,Hydraulic Press,PUN-01,train,12,high_risk,risk,approved_on_validation,우선 점검 후보
2022-12-14,AST-2031,A2,2,7.698211623711707,0.1948065625548877,0.1407757764473501,MRO-20032;MRO-20031;MRO-10047,MRO-20031;MRO-10047;MRO-50009,Hydraulic Press,CHN-02,train,12,caution,risk,approved_on_validation,우선 점검 후보
2022-12-14,AST-3008,A2,12,7.39967178426561,0.1802353678519193,0.1239561222196956,MRO-10045;MRO-10047;MRO-20031,MRO-10045;MRO-10047;MRO-20031,Belt Conveyor,CHN-02,train,12,high_risk,risk,approved_on_validation,우선 점검 후보
2022-12-14,AST-3019,A2,5,8.365503178581218,0.2307910887909225,0.1711162506718141,MRO-30012;MRO-40022;MRO-70005,MRO-30012;MRO-10047;MRO-10045,Belt Conveyor,CHN-02,train,12,caution,risk,approved_on_validation,우선 점검 후보
2022-12-14,AST-4055,A2,12,8.760328743537576,0.2737475982847457,0.2025859906844407,MRO-20031;MRO-10045;MRO-80001,MRO-20031;MRO-10045;MRO-80001,Screw Compressor,DHR-03,train,12,high_risk,risk,approved_on_validation,우선 점검 후보
2022-12-14,AST-4061,A2,12,7.382418956587888,0.1755447048982477,0.122381720583709,MRO-40022;MRO-20031;MRO-40021,MRO-20031;MRO-10045;MRO-10047,Screw Compressor,DHR-03,train,12,high_risk,risk,approved_on_validation,우선 점검 후보
2022-12-14,AST-5003,A2,8,8.77307680713587,0.2756010207419558,0.2041742081551142,MRO-50009;MRO-10046;MRO-80001,MRO-50009;MRO-10046;MRO-80001,EOT Crane,DHR-03,train,12,risk,risk,approved_on_validation,우선 점검 후보
2022-12-14,AST-5007,A2,8,6.1251882603357934,0.1063565524927228,0.0677735548094532,MRO-10046;MRO-50009;MRO-10045,MRO-10046;MRO-50009;MRO-10045,EOT Crane,PUN-01,train,12,risk,risk,approved_on_validation,우선 점검 후보
2022-12-15,AST-1041,A2,12,8.378940842547316,0.2494412845031496,0.1793646069052068,MRO-10047;MRO-20031;MRO-10045,MRO-10047;MRO-20031;MRO-10045,CNC Lathe,PUN-01,train,12,high_risk,risk,approved_on_validation,우선 점검 후보
2022-12-15,AST-1042,A2,4,7.398935195343067,0.182416875741419,0.1236433790459259,MRO-50009;MRO-10046;MRO-20031,MRO-50009;MRO-10046;MRO-20031,CNC Lathe,PUN-01,train,12,caution,risk,approved_on_validation,우선 점검 후보
2022-12-15,AST-2017,A2,6,7.096016253526764,0.159592831397739,0.1093396560574635,MRO-20031;MRO-10047;MRO-10046,MRO-20031;MRO-10047;MRO-10046,Hydraulic Press,PUN-01,train,12,risk,risk,approved_on_validation,우선 점검 후보
2022-12-15,AST-2031,A2,10,8.193753869895826,0.2317996124022292,0.1683708334566327,MRO-20031;MRO-10047;MRO-50009,MRO-20031;MRO-10047;MRO-50009,Hydraulic Press,CHN-02,train,12,risk,risk,approved_on_validation,우선 점검 후보
2022-12-15,AST-3008,A2,12,6.634094956949345,0.1354851333164819,0.0879371238782627,MRO-10047;MRO-10045;MRO-50009,MRO-10047;MRO-10045;MRO-50009,Belt Conveyor,CHN-02,train,12,high_risk,risk,approved_on_validation,우선 점검 후보
2022-12-15,AST-3019,A2,18,7.1939958928082826,0.1692839686179431,0.113409994999422,MRO-10047;MRO-10046;MRO-50009,MRO-10047;MRO-10046;MRO-50009,Belt Conveyor,CHN-02,train,12,high_risk,risk,approved_on_validation,우선 점검 후보
2022-12-15,AST-4055,A2,12,9.460779716590276,0.3277337695504508,0.2504709410335221,MRO-10045;MRO-10047;MRO-80001,MRO-10045;MRO-10047;MRO-80001,Screw Compressor,DHR-03,train,12,high_risk,risk,approved_on_validation,우선 점검 후보
2022-12-15,AST-4061,A2,4,7.003333841674091,0.155963185327539,0.1045058934530073,MRO-10047;MRO-10045;MRO-20031,MRO-10047;MRO-10045;MRO-20031,Screw Compressor,DHR-03,train,12,caution,risk,approved_on_validation,우선 점검 후보
2022-12-15,AST-5003,A2,1,7.487436839118345,0.1845197680674973,0.1288653177612298,MRO-10046;MRO-50009;MRO-10045,MRO-10046;MRO-50009;MRO-10045,EOT Crane,DHR-03,train,12,caution,risk,approved_on_validation,우선 점검 후보
2022-12-15,AST-5007,A2,1,5.893533415799522,0.0966144863657016,0.0600293074601306,MRO-10046;MRO-50009;MRO-10045,MRO-10046;MRO-50009;MRO-10045,EOT Crane,PUN-01,train,12,caution,risk,approved_on_validation,우선 점검 후보
2022-12-16,AST-1041,A2,4,8.10600538838228,0.231018505617892,0.1617150053039374,MRO-10047;MRO-10045;MRO-50009,MRO-10047;MRO-10045;MRO-50009,CNC Lathe,PUN-01,train,12,caution,risk,approved_on_validation,우선 점검 후보
2022-12-16,AST-1042,A2,11,7.207023310668967,0.1709450090863274,0.1142547778288048,MRO-50009;MRO-80001;MRO-10047,MRO-50009;MRO-80001;MRO-10047,CNC Lathe,PUN-01,train,12,risk,risk,approved_on_validation,우선 점검 후보
2022-12-16,AST-2017,A2,6,8.561993656805392,0.2594940683858214,0.1908713831151918,MRO-80001;MRO-20031;MRO-10045,MRO-80001;MRO-20031;MRO-10045,Hydraulic Press,PUN-01,train,12,risk,risk,approved_on_validation,우선 점검 후보
2022-12-16,AST-2031,A2,8,8.100977434558748,0.225249204159421,0.1638700841951009,MRO-80001;MRO-10047;MRO-20031,MRO-80001;MRO-10047;MRO-20031,Hydraulic Press,CHN-02,train,12,risk,risk,approved_on_validation,우선 점검 후보
2022-12-16,AST-3008,A2,10,7.370101408622659,0.1786476957638963,0.1237134172627452,MRO-50009;MRO-10046;MRO-10045,MRO-50009;MRO-10046;MRO-10045,Belt Conveyor,CHN-02,train,12,risk,risk,approved_on_validation,우선 점검 후보
2022-12-16,AST-3019,A2,4,6.333795410111329,0.1188401144236776,0.077200153024189,MRO-50009;MRO-10046;MRO-10047,MRO-50009;MRO-10046;MRO-10047,Belt Conveyor,CHN-02,train,12,caution,risk,approved_on_validation,우선 점검 후보
2022-12-16,AST-4055,A2,4,8.877826577356181,0.283655979449848,0.2093823357691512,MRO-20031;MRO-10046;MRO-10047,MRO-20031;MRO-10046;MRO-10047,Screw Compressor,DHR-03,train,12,caution,risk,approved_on_validation,우선 점검 후보
2022-12-16,AST-4061,A2,3,6.881982558908217,0.1469141654427533,0.0989156335010062,MRO-30011;MRO-10047;MRO-10045,MRO-10047;MRO-10045;MRO-10046,Screw Compressor,DHR-03,train,12,caution,risk,approved_on_validation,우선 점검 후보
2022-12-16,AST-5003,A2,4,8.136859241310505,0.2271935567329272,0.1638479666616336,MRO-10046;MRO-10047;MRO-20031,MRO-10046;MRO-10047;MRO-20031,EOT Crane,DHR-03,train,12,caution,risk,approved_on_validation,우선 점검 후보
2022-12-16,AST-5007,A2,4,5.435616493894207,0.073719150006325,0.044299814561666,MRO-40022;MRO-70005;MRO-60015,MRO-50009;MRO-20031;MRO-10045,EOT Crane,PUN-01,train,12,caution,caution,approved_on_validation,우선 점검 후보
2022-12-17,AST-1041,A2,0,0.0032284635967782,6.516338906286555e-12,6.5733626376483215e-15,MRO-10045;MRO-10046;MRO-50009,MRO-10045;MRO-10046;MRO-50009,CNC Lathe,PUN-01,train,12,normal,normal,approved_on_validation,우선 점검 후보
2022-12-17,AST-1042,A2,0,0.0034039204870291,8.39557310467255e-12,8.596344047906678e-15,MRO-10045;MRO-50009;MRO-80002,MRO-10045;MRO-50009;MRO-10046,CNC Lathe,PUN-01,train,12,normal,normal,approved_on_validation,우선 점검 후보
2022-12-17,AST-2017,A2,0,0.0032848187851049,7.013530532549794e-12,7.160609717461074e-15,MRO-20031;MRO-20033;MRO-10047,MRO-20031;MRO-10047;MRO-10045,Hydraulic Press,PUN-01,train,12,normal,normal,approved_on_validation,우선 점검 후보
2022-12-17,AST-2031,A2,0,0.0031990800622964,6.395549790203747e-12,6.3717215451204605e-15,MRO-10045;MRO-10046;MRO-10047,MRO-10045;MRO-10046;MRO-10047,Hydraulic Press,CHN-02,train,12,normal,normal,approved_on_validation,우선 점검 후보
2022-12-17,AST-3008,A2,0,0.0034039129130731,6.647205099707331e-12,7.772136327089094e-15,MRO-70005;MRO-70004;MRO-50009,MRO-50009;MRO-80001;MRO-10045,Belt Conveyor,CHN-02,train,12,normal,normal,approved_on_validation,우선 점검 후보
2022-12-17,AST-3019,A2,0,0.0032026282463835,6.435901083578118e-12,6.413394571467409e-15,MRO-10045;MRO-20031;MRO-80001,MRO-10045;MRO-20031;MRO-80001,Belt Conveyor,CHN-02,train,12,normal,normal,approved_on_validation,우선 점검 후보
2022-12-17,AST-4055,A2,0,0.0032571512432079,6.718879299126896e-12,6.83519157857002e-15,MRO-10045;MRO-10047;MRO-10046,MRO-10045;MRO-10047;MRO-10046,Screw Compressor,DHR-03,train,12,normal,normal,approved_on_validation,우선 점검 후보
2022-12-17,AST-4061,A2,0,0.0032512390787698,6.7038648766591596e-12,6.793783569433687e-15,MRO-10045;MRO-10046;MRO-10047,MRO-10045;MRO-10046;MRO-10047,Screw Compressor,DHR-03,train,12,normal,normal,approved_on_validation,우선 점검 후보
2022-12-17,AST-5003,A2,0,0.0032510974382184,6.083850159793857e-12,6.666033058437865e-15,MRO-70005;MRO-10045;MRO-10047,MRO-10045;MRO-10047;MRO-20031,EOT Crane,DHR-03,train,12,normal,normal,approved_on_validation,우선 점검 후보
2022-12-17,AST-5007,A2,0,0.0031855807673977,5.827724844994701e-12,6.1350136690885355e-15,MRO-70005;MRO-10047;MRO-10045,MRO-10047;MRO-10045;MRO-10046,EOT Crane,PUN-01,train,12,normal,normal,approved_on_validation,우선 점검 후보
2022-12-18,AST-1041,A2,0,0.0030871519221907,5.32581698679653e-12,5.226304631027514e-15,MRO-30012;MRO-40022;MRO-10047,MRO-10047;MRO-50009;MRO-10045,CNC Lathe,PUN-01,train,12,normal,normal,approved_on_validation,우선 점검 후보
2022-12-18,AST-1042,A2,0,0.0035646351968411,1.1029057853062426e-11,1.128548404636391e-14,MRO-10045;MRO-20031;MRO-50009,MRO-10045;MRO-20031;MRO-50009,CNC Lathe,PUN-01,train,12,normal,normal,approved_on_validation,우선 점검 후보
2022-12-18,AST-2017,A2,0,0.0033181196186565,6.601741030981955e-12,6.952457212981533e-15,MRO-40021;MRO-10047;MRO-10045,MRO-10047;MRO-10045;MRO-50009,Hydraulic Press,PUN-01,train,12,normal,normal,approved_on_validation,우선 점검 후보
2022-12-18,AST-2031,A2,0,0.0035207231329871,8.526895838070144e-12,9.445786661565662e-15,MRO-50009;MRO-90011;MRO-70005,MRO-50009;MRO-10045;MRO-10046,Hydraulic Press,CHN-02,train,12,normal,normal,approved_on_validation,우선 점검 후보
2022-12-18,AST-3008,A2,0,0.003400490163647,6.604394053690657e-12,7.721826180767041e-15,MRO-70005;MRO-70004;MRO-80001,MRO-80001;MRO-10045;MRO-10047,Belt Conveyor,CHN-02,train,12,normal,normal,approved_on_validation,우선 점검 후보
2022-12-18,AST-3019,A2,0,0.0032291143098713,6.6131538066982026e-12,6.6434867945129565e-15,MRO-10045;MRO-10047;MRO-20031,MRO-10045;MRO-10047;MRO-20031,Belt Conveyor,CHN-02,train,12,normal,normal,approved_on_validation,우선 점검 후보
2022-12-18,AST-4055,A2,0,0.0032485014666045,6.611172120542584e-12,6.724729011160777e-15,MRO-10046;MRO-20031;MRO-50009,MRO-10046;MRO-20031;MRO-50009,Screw Compressor,DHR-03,train,12,normal,normal,approved_on_validation,우선 점검 후보
2022-12-18,AST-4061,A2,0,0.0032525873388086,6.701478147034427e-12,6.795497575331704e-15,MRO-10045;MRO-10046;MRO-10047,MRO-10045;MRO-10046;MRO-10047,Screw Compressor,DHR-03,train,12,normal,normal,approved_on_validation,우선 점검 후보
2022-12-18,AST-5003,A2,0,0.0033652398929517,6.7222219610467704e-12,7.604271628313854e-15,MRO-70005;MRO-10046;MRO-10045,MRO-10046;MRO-10045;MRO-10047,EOT Crane,DHR-03,train,12,normal,normal,approved_on_validation,우선 점검 후보
2022-12-18,AST-5007,A2,0,0.003230843757693,6.613350662206781e-12,6.622004493989793e-15,MRO-10045;MRO-10046;MRO-20031,MRO-10045;MRO-10046;MRO-20031,EOT Crane,PUN-01,train,12,normal,normal,approved_on_validation,우선 점검 후보
2022-12-19,AST-1041,A2,13,7.428676746644859,0.1824497021209998,0.1261398358725977,MRO-10047;MRO-20031;MRO-10045,MRO-10047;MRO-20031;MRO-10045,CNC Lathe,PUN-01,train,12,high_risk,risk,approved_on_validation,우선 점검 후보
2022-12-19,AST-1042,A2,5,7.73004375205621,0.2008400744686069,0.1421852964043378,MRO-50009;MRO-10045;MRO-10046,MRO-50009;MRO-10045;MRO-10046,CNC Lathe,PUN-01,train,12,caution,risk,approved_on_validation,우선 점검 후보
2022-12-19,AST-2017,A2,1,8.53295600941985,0.2559310746753621,0.1884313167153145,MRO-10047;MRO-20031;MRO-80001,MRO-10047;MRO-20031;MRO-80001,Hydraulic Press,PUN-01,train,12,caution,risk,approved_on_validation,우선 점검 후보
2022-12-19,AST-2031,A2,3,7.927722060237723,0.2117899420766039,0.1535504222583203,MRO-50009;MRO-80001;MRO-10047,MRO-50009;MRO-80001;MRO-10047,Hydraulic Press,CHN-02,train,12,caution,risk,approved_on_validation,우선 점검 후보
2022-12-19,AST-3008,A2,2,6.551056277373203,0.1280854703947622,0.0853224061343883,MRO-80001;MRO-70005;MRO-10046,MRO-80001;MRO-10046;MRO-20031,Belt Conveyor,CHN-02,train,12,caution,risk,approved_on_validation,우선 점검 후보
2022-12-19,AST-3019,A2,18,7.066789395887554,0.1585338047292517,0.1074048830637564,MRO-10047;MRO-50009;MRO-10046,MRO-10047;MRO-50009;MRO-10046,Belt Conveyor,CHN-02,train,12,high_risk,risk,approved_on_validation,우선 점검 후보
2022-12-19,AST-4055,A2,12,8.25533832494105,0.2354098759149814,0.1713987256601875,MRO-10045;MRO-20031;MRO-50009,MRO-10045;MRO-20031;MRO-50009,Screw Compressor,DHR-03,train,12,high_risk,risk,approved_on_validation,우선 점검 후보
2022-12-19,AST-4061,A2,1,6.724856995215748,0.1401225554458095,0.0921500749329404,MRO-20031;MRO-80001;MRO-10045,MRO-20031;MRO-80001;MRO-10045,Screw Compressor,DHR-03,train,12,caution,risk,approved_on_validation,우선 점검 후보
2022-12-19,AST-5003,A2,6,8.447144212724105,0.2530609318614439,0.1835981405115126,MRO-10046;MRO-10047;MRO-20031,MRO-10046;MRO-10047;MRO-20031,EOT Crane,DHR-03,train,12,risk,risk,approved_on_validation,우선 점검 후보
2022-12-19,AST-5007,A2,10,6.390850562308802,0.1208624616454598,0.0778816670445734,MRO-10047;MRO-50009;MRO-10045,MRO-10047;MRO-50009;MRO-10045,EOT Crane,PUN-01,train,12,risk,risk,approved_on_validation,우선 점검 후보
2022-12-20,AST-1041,A2,14,8.180211292847462,0.2325855903512166,0.1668850898395255,MRO-50009;MRO-10046;MRO-20031,MRO-50009;MRO-10046;MRO-20031,CNC Lathe,PUN-01,train,12,high_risk,risk,approved_on_validation,우선 점검 후보
2022-12-20,AST-1042,A2,16,7.563513753395214,0.1896183535922629,0.1330250532614451,MRO-50009;MRO-30012;MRO-10045,MRO-50009;MRO-10045;MRO-20031,CNC Lathe,PUN-01,train,12,high_risk,risk,approved_on_validation,우선 점검 후보
2022-12-20,AST-2017,A2,9,8.408071691363075,0.2477743005150918,0.1803734055664478,MRO-10047;MRO-20031;MRO-80001,MRO-10047;MRO-20031;MRO-80001,Hydraulic Press,PUN-01,train,12,risk,risk,approved_on_validation,우선 점검 후보
2022-12-20,AST-2031,A2,4,8.001975599761941,0.2168968739273441,0.1573892469118125,MRO-50009;MRO-10045;MRO-10047,MRO-50009;MRO-10045;MRO-10047,Hydraulic Press,CHN-02,train,12,caution,risk,approved_on_validation,우선 점검 후보
2022-12-20,AST-3008,A2,9,8.189299615403472,0.2284942963399247,0.1676490357528922,MRO-20031;MRO-10047;MRO-50009,MRO-20031;MRO-10047;MRO-50009,Belt Conveyor,CHN-02,train,12,risk,risk,approved_on_validation,우선 점검 후보
2022-12-20,AST-3019,A2,2,5.895471504471624,0.0970440280080507,0.0606596459485283,MRO-20031;MRO-80001;MRO-50009,MRO-20031;MRO-80001;MRO-50009,Belt Conveyor,CHN-02,train,12,caution,risk,approved_on_validation,우선 점검 후보
2022-12-20,AST-4055,A2,14,8.3338085988121,0.2425368304689725,0.1752530736296225,MRO-20031;MRO-80001;MRO-10047,MRO-20031;MRO-80001;MRO-10047,Screw Compressor,DHR-03,train,12,high_risk,risk,approved_on_validation,우선 점검 후보
2022-12-20,AST-4061,A2,8,7.026028630666856,0.1554601271672674,0.1052952939120623,MRO-10046;MRO-30011;MRO-50009,MRO-10046;MRO-50009;MRO-10045,Screw Compressor,DHR-03,train,12,risk,risk,approved_on_validation,우선 점검 후보
2022-12-20,AST-5003,A2,12,9.160071820423925,0.3023885834627119,0.2292757926472793,MRO-10045;MRO-80001;MRO-40022,MRO-10045;MRO-80001;MRO-10047,EOT Crane,DHR-03,train,12,high_risk,risk,approved_on_validation,우선 점검 후보
2022-12-20,AST-5007,A2,2,5.533420272034423,0.078899415924685,0.0480740523241972,MRO-10047;MRO-50009;MRO-10045,MRO-10047;MRO-50009;MRO-10045,EOT Crane,PUN-01,train,12,caution,caution,approved_on_validation,우선 점검 후보
2022-12-21,AST-1041,A2,9,7.778763356986999,0.2046817890218525,0.1452308262990194,MRO-10046;MRO-20031;MRO-50009,MRO-10046;MRO-20031;MRO-50009,CNC Lathe,PUN-01,train,12,risk,risk,approved_on_validation,우선 점검 후보
2022-12-21,AST-1042,A2,6,6.909744755251859,0.1525522613941423,0.1012156179261935,MRO-50009;MRO-10046;MRO-80001,MRO-50009;MRO-10046;MRO-80001,CNC Lathe,PUN-01,train,12,risk,risk,approved_on_validation,우선 점검 후보
2022-12-21,AST-2017,A2,16,8.937820678380822,0.2895271797253058,0.2150356798929202,MRO-50009;MRO-80001;MRO-10047,MRO-50009;MRO-80001;MRO-10047,Hydraulic Press,PUN-01,train,12,high_risk,risk,approved_on_validation,우선 점검 후보
2022-12-21,AST-2031,A2,12,8.338697321359318,0.2342809136685744,0.1771442799069114,MRO-20032;MRO-70004;MRO-80001,MRO-80001;MRO-10045;MRO-10047,Hydraulic Press,CHN-02,train,12,high_risk,risk,approved_on_validation,우선 점검 후보
2022-12-21,AST-3008,A2,7,6.957442989657345,0.1523629962147622,0.1030730826466439,MRO-20031;MRO-80001;MRO-10045,MRO-20031;MRO-80001;MRO-10045,Belt Conveyor,CHN-02,train,12,risk,risk,approved_on_validation,우선 점검 후보
2022-12-21,AST-3019,A2,0,6.20257582787438,0.1111661391731931,0.0719210557952899,MRO-50009;MRO-10045;MRO-10047,MRO-50009;MRO-10045;MRO-10047,Belt Conveyor,CHN-02,train,12,normal,risk,approved_on_validation,우선 점검 후보
2022-12-21,AST-4055,A2,15,8.20235694697383,0.2341932508571045,0.167842547674771,MRO-80001;MRO-20031;MRO-50009,MRO-80001;MRO-20031;MRO-50009,Screw Compressor,DHR-03,train,12,high_risk,risk,approved_on_validation,우선 점검 후보
2022-12-21,AST-4061,A2,14,7.336653640316165,0.1753945669287709,0.1200675274805773,MRO-10046;MRO-20031;MRO-80001,MRO-10046;MRO-20031;MRO-80001,Screw Compressor,DHR-03,train,12,high_risk,risk,approved_on_validation,우선 점검 후보
2022-12-21,AST-5003,A2,10,8.312010415940765,0.2456060899726212,0.1748212910762629,MRO-10045;MRO-10047;MRO-50009,MRO-10045;MRO-10047;MRO-50009,EOT Crane,DHR-03,train,12,risk,risk,approved_on_validation,우선 점검 후보
2022-12-21,AST-5007,A2,0,5.736272220907455,0.0900892341877539,0.0547843970188853,MRO-10047;MRO-50009;MRO-10045,MRO-10047;MRO-50009;MRO-10045,EOT Crane,PUN-01,train,12,normal,caution,approved_on_validation,우선 점검 후보
2022-12-22,AST-1041,A2,4,7.636634704470139,0.1953563634457368,0.1372134353354754,MRO-20031;MRO-50009;MRO-10046,MRO-20031;MRO-50009;MRO-10046,CNC Lathe,PUN-01,train,12,caution,risk,approved_on_validation,우선 점검 후보
2022-12-22,AST-1042,A2,8,7.760336400467666,0.2065450244074277,0.1436928685329696,MRO-50009;MRO-80001;MRO-10046,MRO-50009;MRO-80001;MRO-10046,CNC Lathe,PUN-01,train,12,risk,risk,approved_on_validation,우선 점검 후보
2022-12-22,AST-2017,A2,11,8.84805248156876,0.2808663503100102,0.2080795821113112,MRO-50009;MRO-20031;MRO-80001,MRO-50009;MRO-20031;MRO-80001,Hydraulic Press,PUN-01,train,12,risk,risk,approved_on_validation,우선 점검 후보
2022-12-22,AST-2031,A2,5,7.966332871631629,0.2164428391653764,0.1551293012789796,MRO-80001;MRO-50009;MRO-10047,MRO-80001;MRO-50009;MRO-10047,Hydraulic Press,CHN-02,train,12,caution,risk,approved_on_validation,우선 점검 후보
2022-12-22,AST-3008,A2,6,7.47300332020786,0.1844727668869387,0.1276426780943739,MRO-20031;MRO-10047;MRO-50009,MRO-20031;MRO-10047;MRO-50009,Belt Conveyor,CHN-02,train,12,risk,risk,approved_on_validation,우선 점검 후보
2022-12-22,AST-3019,A2,4,6.347414452179292,0.1215811250403979,0.0760844710421486,MRO-10045;MRO-50009;MRO-20031,MRO-10045;MRO-50009;MRO-20031,Belt Conveyor,CHN-02,train,12,caution,risk,approved_on_validation,우선 점검 후보
2022-12-22,AST-4055,A2,12,9.914125242686053,0.369186184651432,0.281640957320988,MRO-10047;MRO-50009;MRO-20031,MRO-10047;MRO-50009;MRO-20031,Screw Compressor,DHR-03,train,12,high_risk,risk,approved_on_validation,우선 점검 후보
2022-12-22,AST-4061,A2,4,7.005700397482288,0.1561925736103102,0.105060203923638,MRO-20031;MRO-80001;MRO-10045,MRO-20031;MRO-80001;MRO-10045,Screw Compressor,DHR-03,train,12,caution,risk,approved_on_validation,우선 점검 후보
2022-12-22,AST-5003,A2,15,9.164523017997784,0.304308143934608,0.2305029713452076,MRO-10047;MRO-50009;MRO-10046,MRO-10047;MRO-50009;MRO-10046,EOT Crane,DHR-03,train,12,high_risk,risk,approved_on_validation,우선 점검 후보
2022-12-22,AST-5007,A2,1,6.543190499659418,0.1299872027294344,0.0843961298374607,MRO-10047;MRO-50009;MRO-10045,MRO-10047;MRO-50009;MRO-10045,EOT Crane,PUN-01,train,12,caution,risk,approved_on_validation,우선 점검 후보
2022-12-23,AST-1041,A2,22,8.974040906220837,0.2907618383957432,0.2189801948785955,MRO-10045;MRO-80001;MRO-10046,MRO-10045;MRO-80001;MRO-10046,CNC Lathe,PUN-01,train,12,high_risk,risk,approved_on_validation,우선 점검 후보
2022-12-23,AST-1042,A2,9,7.926552476024273,0.2150236708300795,0.1533896277806939,MRO-50009;MRO-20031;MRO-80001,MRO-50009;MRO-20031;MRO-80001,CNC Lathe,PUN-01,train,12,risk,risk,approved_on_validation,우선 점검 후보
2022-12-23,AST-2017,A2,12,8.60096134551204,0.2624285056219548,0.1943544793158749,MRO-50009;MRO-10046;MRO-80001,MRO-50009;MRO-10046;MRO-80001,Hydraulic Press,PUN-01,train,12,high_risk,risk,approved_on_validation,우선 점검 후보
2022-12-23,AST-2031,A2,2,7.782051303235,0.2031137525431396,0.1446495353943132,MRO-10047;MRO-80001;MRO-50009,MRO-10047;MRO-80001;MRO-50009,Hydraulic Press,CHN-02,train,12,caution,risk,approved_on_validation,우선 점검 후보
2022-12-23,AST-3008,A2,9,7.975729572806818,0.2154358203086646,0.1550077118908615,MRO-20031;MRO-10046;MRO-80001,MRO-20031;MRO-10046;MRO-80001,Belt Conveyor,CHN-02,train,12,risk,risk,approved_on_validation,우선 점검 후보
2022-12-23,AST-3019,A2,12,6.97572104172413,0.157293821794817,0.1015188051650071,MRO-60016;MRO-80001;MRO-10045,MRO-80001;MRO-10045;MRO-50009,Belt Conveyor,CHN-02,train,12,high_risk,risk,approved_on_validation,우선 점검 후보
2022-12-23,AST-4055,A2,18,9.995516260266497,0.3711880325479041,0.2878648464872777,MRO-20031;MRO-10047;MRO-50009,MRO-20031;MRO-10047;MRO-50009,Screw Compressor,DHR-03,train,12,high_risk,risk,approved_on_validation,우선 점검 후보
2022-12-23,AST-4061,A2,3,7.139900819217001,0.1641145854578068,0.1107039311570706,MRO-10046;MRO-50009;MRO-80001,MRO-10046;MRO-50009;MRO-80001,Screw Compressor,DHR-03,train,12,caution,risk,approved_on_validation,우선 점검 후보
2022-12-23,AST-5003,A2,10,8.304337753487292,0.2395258667784438,0.1744191978325125,MRO-10047;MRO-20031;MRO-80001,MRO-10047;MRO-20031;MRO-80001,EOT Crane,DHR-03,train,12,risk,risk,approved_on_validation,우선 점검 후보
2022-12-23,AST-5007,A2,4,5.561249541742398,0.0797580953187303,0.0488766781630115,MRO-10047;MRO-50009;MRO-10045,MRO-10047;MRO-50009;MRO-10045,EOT Crane,PUN-01,train,12,caution,caution,approved_on_validation,우선 점검 후보
2022-12-24,AST-1041,A2,0,0.0032372857172853,6.625955388346943e-12,6.707835196897797e-15,MRO-70005;MRO-20031;MRO-50009,MRO-20031;MRO-50009;MRO-80001,CNC Lathe,PUN-01,train,12,normal,normal,approved_on_validation,우선 점검 후보
2022-12-24,AST-1042,A2,0,0.003221344960175,6.348475705088244e-12,6.433841791300446e-15,MRO-10045;MRO-10046;MRO-10047,MRO-10045;MRO-10046;MRO-10047,CNC Lathe,PUN-01,train,12,normal,normal,approved_on_validation,우선 점검 후보
2022-12-24,AST-2017,A2,0,0.0035234956372469,7.295701868842491e-12,8.234194231259676e-15,MRO-80002;MRO-40022;MRO-60015,MRO-20031;MRO-10046;MRO-10047,Hydraulic Press,PUN-01,train,12,normal,normal,approved_on_validation,우선 점검 후보
2022-12-24,AST-2031,A2,0,0.003251308442895,6.96924539590992e-12,6.982206731063332e-15,MRO-20031;MRO-30011;MRO-10045,MRO-20031;MRO-10045;MRO-10046,Hydraulic Press,CHN-02,train,12,normal,normal,approved_on_validation,우선 점검 후보
2022-12-24,AST-3008,A2,0,0.0034118062206805,6.592906263018709e-12,7.551504449214677e-15,MRO-70005;MRO-50008;MRO-60016,MRO-20031;MRO-10045;MRO-10047,Belt Conveyor,CHN-02,train,12,normal,normal,approved_on_validation,우선 점검 후보
2022-12-24,AST-3019,A2,0,0.0032423690982693,6.7006401384415635e-12,6.747609192293226e-15,MRO-50009;MRO-20033;MRO-30011,MRO-50009;MRO-10045;MRO-10046,Belt Conveyor,CHN-02,train,12,normal,normal,approved_on_validation,우선 점검 후보
2022-12-24,AST-4055,A2,0,0.0030292406751834,5.001788617127886e-12,4.852857845961109e-15,MRO-10045;MRO-10046;MRO-20033,MRO-10045;MRO-10046;MRO-80001,Screw Compressor,DHR-03,train,12,normal,normal,approved_on_validation,우선 점검 후보
2022-12-24,AST-4061,A2,0,0.0032708583075195,6.6630190597290195e-12,6.877779430573998e-15,MRO-70005;MRO-70004;MRO-80002,MRO-10045;MRO-10046;MRO-10047,Screw Compressor,DHR-03,train,12,normal,normal,approved_on_validation,우선 점검 후보
2022-12-24,AST-5003,A2,0,0.0033564850789309,8.426050546993838e-12,8.348288873348908e-15,MRO-10046;MRO-10045;MRO-10047,MRO-10046;MRO-10045;MRO-10047,EOT Crane,DHR-03,train,12,normal,normal,approved_on_validation,우선 점검 후보
2022-12-24,AST-5007,A2,0,0.0032575296094362,6.859781174101054e-12,6.898432982998211e-15,MRO-10047;MRO-10045;MRO-10046,MRO-10047;MRO-10045;MRO-10046,EOT Crane,PUN-01,train,12,normal,normal,approved_on_validation,우선 점검 후보
2022-12-25,AST-1041,A2,0,0.0031487123862977,5.717789530229971e-12,5.7558970072465205e-15,MRO-70004;MRO-70005;MRO-80001,MRO-80001;MRO-10045;MRO-10046,CNC Lathe,PUN-01,train,12,normal,normal,approved_on_validation,우선 점검 후보
2022-12-25,AST-1042,A2,0,0.0031635095617194,5.714008570447329e-12,5.7639415268569234e-15,MRO-10045;MRO-10046;MRO-10047,MRO-10045;MRO-10046;MRO-10047,CNC Lathe,PUN-01,train,12,normal,normal,approved_on_validation,우선 점검 후보
2022-12-25,AST-2017,A2,0,0.0034397509647656,6.959218606997362e-12,7.651458513759457e-15,MRO-80002;MRO-40022;MRO-20031,MRO-20031;MRO-10045;MRO-50009,Hydraulic Press,PUN-01,train,12,normal,normal,approved_on_validation,우선 점검 후보
2022-12-25,AST-2031,A2,0,0.0032595643313728,7.263705433859365e-12,7.24693398881199e-15,MRO-20031;MRO-10046;MRO-70005,MRO-20031;MRO-10046;MRO-10045,Hydraulic Press,CHN-02,train,12,normal,normal,approved_on_validation,우선 점검 후보
2022-12-25,AST-3008,A2,0,0.0033866695341411,8.059721219105533e-12,8.618421704464283e-15,MRO-70005;MRO-80002;MRO-10046,MRO-10046;MRO-50009;MRO-80001,Belt Conveyor,CHN-02,train,12,normal,normal,approved_on_validation,우선 점검 후보
2022-12-25,AST-3019,A2,0,0.0031003372799617,5.24447614763873e-12,5.3210674566737214e-15,MRO-90012;MRO-40021;MRO-90011,MRO-10045;MRO-20031;MRO-80001,Belt Conveyor,CHN-02,train,12,normal,normal,approved_on_validation,우선 점검 후보
2022-12-25,AST-4055,A2,0,0.0031697712430163,5.767572422560259e-12,5.820575666181271e-15,MRO-10046;MRO-10045;MRO-80001,MRO-10046;MRO-10045;MRO-80001,Screw Compressor,DHR-03,train,12,normal,normal,approved_on_validation,우선 점검 후보
2022-12-25,AST-4061,A2,0,0.0032568125728896,6.6771250407045855e-12,6.813908215017118e-15,MRO-70005;MRO-10045;MRO-10046,MRO-10045;MRO-10046;MRO-10047,Screw Compressor,DHR-03,train,12,normal,normal,approved_on_validation,우선 점검 후보
2022-12-25,AST-5003,A2,0,0.0032540629285905,6.487401285374487e-12,6.796041649279321e-15,MRO-70004;MRO-70005;MRO-20031,MRO-20031;MRO-10045;MRO-10047,EOT Crane,DHR-03,train,12,normal,normal,approved_on_validation,우선 점검 후보
2022-12-25,AST-5007,A2,0,0.0032874984615547,6.694402277405267e-12,7.0214247350163945e-15,MRO-70004;MRO-10045;MRO-10046,MRO-10045;MRO-10046;MRO-20031,EOT Crane,PUN-01,train,12,normal,normal,approved_on_validation,우선 점검 후보
2022-12-26,AST-1041,A2,8,8.82868361158796,0.2699658691735305,0.2061575507487889,MRO-70005;MRO-40022;MRO-10045,MRO-10045;MRO-10046;MRO-10047,CNC Lathe,PUN-01,train,12,risk,risk,approved_on_validation,우선 점검 후보
2022-12-26,AST-1042,A2,8,7.536662360193578,0.1883360679199337,0.1322778572592343,MRO-10047;MRO-80001;MRO-10046,MRO-10047;MRO-80001;MRO-10046,CNC Lathe,PUN-01,train,12,risk,risk,approved_on_validation,우선 점검 후보
2022-12-26,AST-2017,A2,4,8.2184262459357,0.2375231233244646,0.1681255629455141,MRO-10045;MRO-20031;MRO-80001,MRO-10045;MRO-20031;MRO-80001,Hydraulic Press,PUN-01,train,12,caution,risk,approved_on_validation,우선 점검 후보
2022-12-26,AST-2031,A2,5,8.017443716022244,0.2167366768075886,0.1585055043780821,MRO-20032;MRO-80001;MRO-10047,MRO-80001;MRO-10047;MRO-20031,Hydraulic Press,CHN-02,train,12,caution,risk,approved_on_validation,우선 점검 후보
2022-12-26,AST-3008,A2,6,7.418040528003586,0.1841221655738948,0.1236235765078632,MRO-50009;MRO-10045;MRO-80001,MRO-50009;MRO-10045;MRO-80001,Belt Conveyor,CHN-02,train,12,risk,risk,approved_on_validation,우선 점검 후보
2022-12-26,AST-3019,A2,0,5.372631652719766,0.0771007550036046,0.0443182525724813,MRO-20031;MRO-50009;MRO-80001,MRO-20031;MRO-50009;MRO-80001,Belt Conveyor,CHN-02,train,12,normal,caution,approved_on_validation,우선 점검 후보
2022-12-26,AST-4055,A2,7,8.846184261415026,0.2810888996308354,0.2100650841097707,MRO-10047;MRO-20031;MRO-10046,MRO-10047;MRO-20031;MRO-10046,Screw Compressor,DHR-03,train,12,risk,risk,approved_on_validation,우선 점검 후보
2022-12-26,AST-4061,A2,0,7.146740274887432,0.1630954409138458,0.112071126514211,MRO-80001;MRO-50009;MRO-10046,MRO-80001;MRO-50009;MRO-10046,Screw Compressor,DHR-03,train,12,normal,risk,approved_on_validation,우선 점검 후보
2022-12-26,AST-5003,A2,18,12.253373625547065,0.550723154267916,0.4507557160638213,MRO-10046;MRO-50008;MRO-60016,MRO-10046;MRO-10045;MRO-20031,EOT Crane,DHR-03,train,12,high_risk,high_risk,approved_on_validation,우선 점검 후보
2022-12-26,AST-5007,A2,6,6.3111685615952124,0.1177195094476841,0.0756547466798608,MRO-10045;MRO-10047;MRO-80001,MRO-10045;MRO-10047;MRO-80001,EOT Crane,PUN-01,train,12,risk,risk,approved_on_validation,우선 점검 후보
2022-12-27,AST-1041,A2,7,7.767702164650424,0.2027641974828465,0.1435672946184633,MRO-80001;MRO-10047;MRO-10045,MRO-80001;MRO-10047;MRO-10045,CNC Lathe,PUN-01,train,12,risk,risk,approved_on_validation,우선 점검 후보
2022-12-27,AST-1042,A2,0,7.333902346762505,0.1776661772646197,0.1210572062542551,MRO-80001;MRO-50009;MRO-10046,MRO-80001;MRO-50009;MRO-10046,CNC Lathe,PUN-01,train,12,normal,risk,approved_on_validation,우선 점검 후보
2022-12-27,AST-2017,A2,1,7.41075965610415,0.1785528255904324,0.1238443661143907,MRO-10045;MRO-10046;MRO-10047,MRO-10045;MRO-10046;MRO-10047,Hydraulic Press,PUN-01,train,12,caution,risk,approved_on_validation,우선 점검 후보
2022-12-27,AST-2031,A2,28,9.173669538705449,0.3032629186555283,0.2300438212051155,MRO-80001;MRO-10047;MRO-20031,MRO-80001;MRO-10047;MRO-20031,Hydraulic Press,CHN-02,train,12,high_risk,risk,approved_on_validation,우선 점검 후보
2022-12-27,AST-3008,A2,10,7.713652848091046,0.2039347187451013,0.1407843483453908,MRO-20031;MRO-80001;MRO-10045,MRO-20031;MRO-80001;MRO-10045,Belt Conveyor,CHN-02,train,12,risk,risk,approved_on_validation,우선 점검 후보
2022-12-27,AST-3019,A2,5,6.070147979301492,0.1022877119458685,0.0670235293003214,MRO-50009;MRO-90011;MRO-80001,MRO-50009;MRO-80001;MRO-10045,Belt Conveyor,CHN-02,train,12,caution,risk,approved_on_validation,우선 점검 후보
2022-12-27,AST-4055,A2,4,8.111186166334528,0.2266625881358759,0.1617442497824213,MRO-10047;MRO-10045;MRO-10046,MRO-10047;MRO-10045;MRO-10046,Screw Compressor,DHR-03,train,12,caution,risk,approved_on_validation,우선 점검 후보
2022-12-27,AST-4061,A2,4,6.429989820072026,0.1217439548989649,0.0790333078884578,MRO-10046;MRO-80001;MRO-10047,MRO-10046;MRO-80001;MRO-10047,Screw Compressor,DHR-03,train,12,caution,risk,approved_on_validation,우선 점검 후보
2022-12-27,AST-5003,A2,2,7.643528028058777,0.1927768890720488,0.1373381818093671,MRO-10045;MRO-10047;MRO-10046,MRO-10045;MRO-10047;MRO-10046,EOT Crane,DHR-03,train,12,caution,risk,approved_on_validation,우선 점검 후보
2022-12-27,AST-5007,A2,8,5.7678336252790645,0.0872496087391044,0.054443571087067,MRO-40022;MRO-10047;MRO-50009,MRO-10047;MRO-50009;MRO-10045,EOT Crane,PUN-01,train,12,risk,caution,approved_on_validation,우선 점검 후보
2022-12-28,AST-1041,A2,6,7.668857495077703,0.1986459255216645,0.1386083467639708,MRO-80001;MRO-10047;MRO-10045,MRO-80001;MRO-10047;MRO-10045,CNC Lathe,PUN-01,train,12,risk,risk,approved_on_validation,우선 점검 후보
2022-12-28,AST-1042,A2,9,7.9437860097829,0.2141609185473376,0.1520465629432361,MRO-50009;MRO-80001;MRO-10046,MRO-50009;MRO-80001;MRO-10046,CNC Lathe,PUN-01,train,12,risk,risk,approved_on_validation,우선 점검 후보
2022-12-28,AST-2017,A2,8,8.726992687092041,0.2714570052892767,0.2009149749401416,MRO-10046;MRO-10047;MRO-20031,MRO-10046;MRO-10047;MRO-20031,Hydraulic Press,PUN-01,train,12,risk,risk,approved_on_validation,우선 점검 후보
2022-12-28,AST-2031,A2,10,7.837475828160218,0.2077483992275712,0.1486477668526125,MRO-20031;MRO-50009;MRO-80001,MRO-20031;MRO-50009;MRO-80001,Hydraulic Press,CHN-02,train,12,risk,risk,approved_on_validation,우선 점검 후보
2022-12-28,AST-3008,A2,1,6.871810730129223,0.1459118834098607,0.0980325420729031,MRO-10046;MRO-10047;MRO-10045,MRO-10046;MRO-10047;MRO-10045,Belt Conveyor,CHN-02,train,12,caution,risk,approved_on_validation,우선 점검 후보
2022-12-28,AST-3019,A2,4,6.3742133387278175,0.1219981411499996,0.0786257696170709,MRO-50009;MRO-10047;MRO-80001,MRO-50009;MRO-10047;MRO-80001,Belt Conveyor,CHN-02,train,12,caution,risk,approved_on_validation,우선 점검 후보
2022-12-28,AST-4055,A2,6,8.329037954019947,0.2420564040721093,0.1753789182958542,MRO-10047;MRO-10046;MRO-80001,MRO-10047;MRO-10046;MRO-80001,Screw Compressor,DHR-03,train,12,risk,risk,approved_on_validation,우선 점검 후보
2022-12-28,AST-4061,A2,4,6.917879274304098,0.1506366391958093,0.1005486847497971,MRO-10046;MRO-50009;MRO-80001,MRO-10046;MRO-50009;MRO-80001,Screw Compressor,DHR-03,train,12,caution,risk,approved_on_validation,우선 점검 후보
2022-12-28,AST-5003,A2,5,8.460916474403502,0.250970757168076,0.185007542265935,MRO-80001;MRO-10045;MRO-20031,MRO-80001;MRO-10045;MRO-20031,EOT Crane,DHR-03,train,12,caution,risk,approved_on_validation,우선 점검 후보
2022-12-28,AST-5007,A2,1,6.017179154413435,0.1006974387682844,0.0647284436939042,MRO-10047;MRO-10045;MRO-50009,MRO-10047;MRO-10045;MRO-50009,EOT Crane,PUN-01,train,12,caution,risk,approved_on_validation,우선 점검 후보
2022-12-29,AST-1041,A2,12,7.7859424448556895,0.2024237479884617,0.1434614292454814,MRO-80002;MRO-80001;MRO-10045,MRO-80001;MRO-10045;MRO-10047,CNC Lathe,PUN-01,train,12,high_risk,risk,approved_on_validation,우선 점검 후보
2022-12-29,AST-1042,A2,10,7.666703449375832,0.2011028234394483,0.1391183403832811,MRO-80001;MRO-10045;MRO-10047,MRO-80001;MRO-10045;MRO-10047,CNC Lathe,PUN-01,train,12,risk,risk,approved_on_validation,우선 점검 후보
2022-12-29,AST-2017,A2,1,8.363903268424979,0.2435227669354166,0.1794761989319877,MRO-50009;MRO-10047;MRO-20031,MRO-50009;MRO-10047;MRO-20031,Hydraulic Press,PUN-01,train,12,caution,risk,approved_on_validation,우선 점검 후보
2022-12-29,AST-2031,A2,4,7.912784504457956,0.2117051981196922,0.1529442145107976,MRO-10047;MRO-10045;MRO-50009,MRO-10047;MRO-10045;MRO-50009,Hydraulic Press,CHN-02,train,12,caution,risk,approved_on_validation,우선 점검 후보
2022-12-29,AST-3008,A2,16,7.853542335143528,0.2057488342320496,0.1488104828704693,MRO-90012;MRO-50009;MRO-20031,MRO-50009;MRO-20031;MRO-10046,Belt Conveyor,CHN-02,train,12,high_risk,risk,approved_on_validation,우선 점검 후보
2022-12-29,AST-3019,A2,8,6.889404211866914,0.1445879362384661,0.0995795663064251,MRO-10046;MRO-30012;MRO-90011,MRO-10046;MRO-50009;MRO-80001,Belt Conveyor,CHN-02,train,12,risk,risk,approved_on_validation,우선 점검 후보
2022-12-29,AST-4055,A2,17,9.050414887858334,0.2921747216908743,0.2214735228631972,MRO-10047;MRO-80001;MRO-20031,MRO-10047;MRO-80001;MRO-20031,Screw Compressor,DHR-03,train,12,high_risk,risk,approved_on_validation,우선 점검 후보
2022-12-29,AST-4061,A2,8,6.837082613291577,0.1466292362030473,0.0971811449086232,MRO-10045;MRO-10046;MRO-50009,MRO-10045;MRO-10046;MRO-50009,Screw Compressor,DHR-03,train,12,risk,risk,approved_on_validation,우선 점검 후보
2022-12-29,AST-5003,A2,6,7.463177794971927,0.1783787331785544,0.124657831245703,MRO-10046;MRO-20033;MRO-80002,MRO-10046;MRO-10045;MRO-80001,EOT Crane,DHR-03,train,12,risk,risk,approved_on_validation,우선 점검 후보
2022-12-29,AST-5007,A2,10,6.3509646084107505,0.1180951328762141,0.076306709156767,MRO-10045;MRO-50009;MRO-10047,MRO-10045;MRO-50009;MRO-10047,EOT Crane,PUN-01,train,12,risk,risk,approved_on_validation,우선 점검 후보
2022-12-30,AST-1041,A2,8,7.457247311548401,0.1829022843728639,0.1275838297663514,MRO-10047;MRO-10045;MRO-10046,MRO-10047;MRO-10045;MRO-10046,CNC Lathe,PUN-01,train,12,risk,risk,approved_on_validation,우선 점검 후보
2022-12-30,AST-1042,A2,7,6.745912691444409,0.1402923843185573,0.0933378478929562,MRO-80001;MRO-10046;MRO-20031,MRO-80001;MRO-10046;MRO-20031,CNC Lathe,PUN-01,train,12,risk,risk,approved_on_validation,우선 점검 후보
2022-12-30,AST-2017,A2,6,7.3432098225590625,0.1754020588334975,0.1202444156629594,MRO-50009;MRO-10046;MRO-10047,MRO-50009;MRO-10046;MRO-10047,Hydraulic Press,PUN-01,train,12,risk,risk,approved_on_validation,우선 점검 후보
2022-12-30,AST-2031,A2,18,8.947541247795318,0.2877373481894438,0.2150702410500543,MRO-20031;MRO-10047;MRO-80001,MRO-20031;MRO-10047;MRO-80001,Hydraulic Press,CHN-02,train,12,high_risk,risk,approved_on_validation,우선 점검 후보
2022-12-30,AST-3008,A2,4,6.431058278647133,0.123031665302628,0.0801044073517154,MRO-50009;MRO-20031;MRO-70005,MRO-50009;MRO-20031;MRO-10047,Belt Conveyor,CHN-02,train,12,caution,risk,approved_on_validation,우선 점검 후보
2022-12-30,AST-3019,A2,16,6.781080102031965,0.1473478368633086,0.0950821446076931,MRO-10046;MRO-80001;MRO-10045,MRO-10046;MRO-80001;MRO-10045,Belt Conveyor,CHN-02,train,12,high_risk,risk,approved_on_validation,우선 점검 후보
2022-12-30,AST-4055,A2,15,11.949705257430862,0.5189259480803247,0.4353028633341823,MRO-10046;MRO-10047;MRO-20031,MRO-10046;MRO-10047;MRO-20031,Screw Compressor,DHR-03,train,12,high_risk,high_risk,approved_on_validation,우선 점검 후보
2022-12-30,AST-4061,A2,5,6.739860718910877,0.1410167091420088,0.0927276006699254,MRO-20031;MRO-80001;MRO-10046,MRO-20031;MRO-80001;MRO-10046,Screw Compressor,DHR-03,train,12,caution,risk,approved_on_validation,우선 점검 후보
2022-12-30,AST-5003,A2,12,8.116326048057836,0.2260741444875321,0.1630341800906556,MRO-20031;MRO-10046;MRO-50009,MRO-20031;MRO-10046;MRO-50009,EOT Crane,DHR-03,train,12,high_risk,risk,approved_on_validation,우선 점검 후보
2022-12-30,AST-5007,A2,6,6.085478359592975,0.1061683558450689,0.0672604651413154,MRO-10047;MRO-10046;MRO-10045,MRO-10047;MRO-10046;MRO-10045,EOT Crane,PUN-01,train,12,risk,risk,approved_on_validation,우선 점검 후보
2022-12-31,AST-1041,A2,0,0.0032368023604932,6.648722423951253e-12,6.716835959841851e-15,MRO-70005;MRO-20031;MRO-10045,MRO-20031;MRO-10045;MRO-10046,CNC Lathe,PUN-01,train,12,normal,normal,approved_on_validation,우선 점검 후보
2022-12-31,AST-1042,A2,0,0.0033051214346293,6.846049660670463e-12,7.0786481079242146e-15,MRO-20033;MRO-40022;MRO-50009,MRO-50009;MRO-10046;MRO-80001,CNC Lathe,PUN-01,train,12,normal,normal,approved_on_validation,우선 점검 후보
2022-12-31,AST-2017,A2,0,0.0032558413040588,6.776664099798716e-12,6.876062766149604e-15,MRO-90012;MRO-10047;MRO-10045,MRO-10047;MRO-10045;MRO-10046,Hydraulic Press,PUN-01,train,12,normal,normal,approved_on_validation,우선 점검 후보
2022-12-31,AST-2031,A2,0,0.0032533727961542,6.573595707770008e-12,6.727343624230556e-15,MRO-30011;MRO-20032;MRO-10045,MRO-10045;MRO-10047;MRO-80001,Hydraulic Press,CHN-02,train,12,normal,normal,approved_on_validation,우선 점검 후보
2022-12-31,AST-3008,A2,0,0.0032347696349148,6.4169453820720346e-12,6.5401316724116674e-15,MRO-70005;MRO-10045;MRO-10046,MRO-10045;MRO-10046;MRO-20031,Belt Conveyor,CHN-02,train,12,normal,normal,approved_on_validation,우선 점검 후보
2022-12-31,AST-3019,A2,0,0.0033161952015174,7.099306798242336e-12,7.275181461793262e-15,MRO-60015;MRO-10045;MRO-20031,MRO-10045;MRO-20031;MRO-80001,Belt Conveyor,CHN-02,train,12,normal,normal,approved_on_validation,우선 점검 후보
2022-12-31,AST-4055,A2,0,0.0030872098415268,5.190388923564229e-12,5.161872555379103e-15,MRO-10046;MRO-80001;MRO-30011,MRO-10046;MRO-80001;MRO-10045,Screw Compressor,DHR-03,train,12,normal,normal,approved_on_validation,우선 점검 후보
2022-12-31,AST-4061,A2,0,0.0032623881351147,6.847671432844448e-12,6.9295509502456345e-15,MRO-50009;MRO-90011;MRO-10046,MRO-50009;MRO-10046;MRO-10047,Screw Compressor,DHR-03,train,12,normal,normal,approved_on_validation,우선 점검 후보
2022-12-31,AST-5003,A2,0,0.0033335622566845,6.292074499806356e-12,7.0982952257140235e-15,MRO-70005;MRO-40022;MRO-60016,MRO-10047;MRO-20031;MRO-10045,EOT Crane,DHR-03,train,12,normal,normal,approved_on_validation,우선 점검 후보
2022-12-31,AST-5007,A2,0,0.0032441934666211,6.694161615006014e-12,6.731482601274077e-15,MRO-10046;MRO-50008;MRO-10045,MRO-10046;MRO-10045;MRO-10047,EOT Crane,PUN-01,train,12,normal,normal,approved_on_validation,우선 점검 후보
2023-01-01,AST-1041,A2,0,0.0032377615057629,6.647440007199492e-12,6.71379612403584e-15,MRO-10045;MRO-10046;MRO-10047,MRO-10045;MRO-10046;MRO-10047,CNC Lathe,PUN-01,train,12,normal,normal,approved_on_validation,우선 점검 후보
2023-01-01,AST-1042,A2,0,0.0032493350287012,6.656209444358585e-12,6.750905610607384e-15,MRO-10045;MRO-10046;MRO-10047,MRO-10045;MRO-10046;MRO-10047,CNC Lathe,PUN-01,train,12,normal,normal,approved_on_validation,우선 점검 후보
2023-01-01,AST-2017,A2,0,0.0032649073251705,7.218427041510343e-12,7.214258888956088e-15,MRO-20031;MRO-10047;MRO-10045,MRO-20031;MRO-10047;MRO-10045,Hydraulic Press,PUN-01,train,12,normal,normal,approved_on_validation,우선 점검 후보
2023-01-01,AST-2031,A2,0,0.0033243134313714,7.301077684180806e-12,7.495282122501511e-15,MRO-10046;MRO-20031;MRO-50009,MRO-10046;MRO-20031;MRO-50009,Hydraulic Press,CHN-02,train,12,normal,normal,approved_on_validation,우선 점검 후보
2023-01-01,AST-3008,A2,0,0.0031685435108714,5.765937469718101e-12,5.824597478824962e-15,MRO-70005;MRO-10045;MRO-10046,MRO-10045;MRO-10046;MRO-10047,Belt Conveyor,CHN-02,train,12,normal,normal,approved_on_validation,우선 점검 후보
2023-01-01,AST-3019,A2,0,0.0032963420942145,6.948327420769916e-12,7.161919518068922e-15,MRO-60016;MRO-90011;MRO-20031,MRO-20031;MRO-10046;MRO-10047,Belt Conveyor,CHN-02,train,12,normal,normal,approved_on_validation,우선 점검 후보
2023-01-01,AST-4055,A2,0,0.0033582067495034,6.885483184750037e-12,7.295894073612122e-15,MRO-60016;MRO-20031;MRO-10046,MRO-20031;MRO-10046;MRO-80001,Screw Compressor,DHR-03,train,12,normal,normal,approved_on_validation,우선 점검 후보
2023-01-01,AST-4061,A2,0,0.0032386758600938,6.662888319099649e-12,6.6852997972605235e-15,MRO-10045;MRO-10046;MRO-10047,MRO-10045;MRO-10046;MRO-10047,Screw Compressor,DHR-03,train,12,normal,normal,approved_on_validation,우선 점검 후보
2023-01-01,AST-5003,A2,0,0.0031970246397516,6.366469118200266e-12,6.356165581374375e-15,MRO-20031;MRO-70005;MRO-10045,MRO-20031;MRO-10045;MRO-50009,EOT Crane,DHR-03,train,12,normal,normal,approved_on_validation,우선 점검 후보
2023-01-01,AST-5007,A2,0,0.0032730032310576,6.694396221298498e-12,6.925460772747102e-15,MRO-90011;MRO-10045;MRO-10047,MRO-10045;MRO-10047;MRO-20031,EOT Crane,PUN-01,train,12,normal,normal,approved_on_validation,우선 점검 후보
2023-01-02,AST-1041,A2,18,8.498812261511778,0.259438567255652,0.1875614942068772,MRO-10045;MRO-10046;MRO-10047,MRO-10045;MRO-10046;MRO-10047,CNC Lathe,PUN-01,train,12,high_risk,risk,approved_on_validation,우선 점검 후보
2023-01-02,AST-1042,A2,6,7.127110971416975,0.1651610231925533,0.1108046455917395,MRO-50009;MRO-10045;MRO-10047,MRO-50009;MRO-10045;MRO-10047,CNC Lathe,PUN-01,train,12,risk,risk,approved_on_validation,우선 점검 후보
2023-01-02,AST-2017,A2,10,8.111189123090785,0.229677147839889,0.1633378393529327,MRO-10047;MRO-80001;MRO-10046,MRO-10047;MRO-80001;MRO-10046,Hydraulic Press,PUN-01,train,12,risk,risk,approved_on_validation,우선 점검 후보
2023-01-02,AST-2031,A2,9,7.952648514989376,0.2145174703419726,0.1549307685460568,MRO-20032;MRO-10046;MRO-50009,MRO-10046;MRO-50009;MRO-80001,Hydraulic Press,CHN-02,train,12,risk,risk,approved_on_validation,우선 점검 후보
2023-01-02,AST-3008,A2,11,7.367483011750785,0.1768903519442523,0.1230733437810922,MRO-10045;MRO-10047;MRO-20031,MRO-10045;MRO-10047;MRO-20031,Belt Conveyor,CHN-02,train,12,risk,risk,approved_on_validation,우선 점검 후보
2023-01-02,AST-3019,A2,11,6.169746223947804,0.1077122435400675,0.070751389897562,MRO-10045;MRO-20031;MRO-80001,MRO-10045;MRO-20031;MRO-80001,Belt Conveyor,CHN-02,train,12,risk,risk,approved_on_validation,우선 점검 후보
2023-01-02,AST-4055,A2,15,8.458926905137705,0.2518230876009934,0.1846383234539937,MRO-10046;MRO-10045;MRO-80001,MRO-10046;MRO-10045;MRO-80001,Screw Compressor,DHR-03,train,12,high_risk,risk,approved_on_validation,우선 점검 후보
2023-01-02,AST-4061,A2,8,7.045973690800487,0.1598303363230741,0.1063358868843196,MRO-20031;MRO-10045;MRO-50009,MRO-20031;MRO-10045;MRO-50009,Screw Compressor,DHR-03,train,12,risk,risk,approved_on_validation,우선 점검 후보
2023-01-02,AST-5003,A2,12,7.886187142214576,0.2098042319108002,0.1488927341896163,MRO-50008;MRO-10045;MRO-10047,MRO-10045;MRO-10047;MRO-20031,EOT Crane,DHR-03,train,12,high_risk,risk,approved_on_validation,우선 점검 후보
2023-01-02,AST-5007,A2,9,6.286044753575684,0.1161758573115765,0.0739951855642383,MRO-10046;MRO-80001;MRO-10045,MRO-10046;MRO-80001;MRO-10045,EOT Crane,PUN-01,train,12,risk,risk,approved_on_validation,우선 점검 후보
2023-01-03,AST-1041,A2,6,6.991559595372187,0.1557594166017514,0.1040666946483662,MRO-10045;MRO-10047;MRO-10046,MRO-10045;MRO-10047;MRO-10046,CNC Lathe,PUN-01,train,12,risk,risk,approved_on_validation,우선 점검 후보
2023-01-03,AST-1042,A2,8,6.512767342053148,0.1294032705590618,0.0835262367402995,MRO-10045;MRO-10047;MRO-80001,MRO-10045;MRO-10047;MRO-80001,CNC Lathe,PUN-01,train,12,risk,risk,approved_on_validation,우선 점검 후보
2023-01-03,AST-2017,A2,6,8.017057243583768,0.2233953685036905,0.1578162627864569,MRO-80001;MRO-10047;MRO-50009,MRO-80001;MRO-10047;MRO-50009,Hydraulic Press,PUN-01,train,12,risk,risk,approved_on_validation,우선 점검 후보
2023-01-03,AST-2031,A2,3,7.517409258128358,0.1829952014601684,0.1294603425170776,MRO-20033;MRO-70005;MRO-20031,MRO-20031;MRO-80001;MRO-10045,Hydraulic Press,CHN-02,train,12,caution,risk,approved_on_validation,우선 점검 후보
2023-01-03,AST-3008,A2,5,7.285929110713232,0.1718258761038286,0.1175069532917666,MRO-40022;MRO-10045;MRO-10047,MRO-10045;MRO-10047;MRO-10046,Belt Conveyor,CHN-02,train,12,caution,risk,approved_on_validation,우선 점검 후보
2023-01-03,AST-3019,A2,8,6.512954439514971,0.1231457094896379,0.0844669199450954,MRO-70004;MRO-90011;MRO-50009,MRO-50009;MRO-80001;MRO-10045,Belt Conveyor,CHN-02,train,12,risk,risk,approved_on_validation,우선 점검 후보
2023-01-03,AST-4055,A2,8,9.241601599318551,0.3099704362352913,0.2346039337940041,MRO-10046;MRO-20031;MRO-10047,MRO-10046;MRO-20031;MRO-10047,Screw Compressor,DHR-03,train,12,risk,risk,approved_on_validation,우선 점검 후보
2023-01-03,AST-4061,A2,4,7.481794311573045,0.1874969430275407,0.127794043408049,MRO-20031;MRO-50009;MRO-10045,MRO-20031;MRO-50009;MRO-10045,Screw Compressor,DHR-03,train,12,caution,risk,approved_on_validation,우선 점검 후보
2023-01-03,AST-5003,A2,11,9.061981604022636,0.2966594248413615,0.2237139506787989,MRO-80001;MRO-10045;MRO-10047,MRO-80001;MRO-10045;MRO-10047,EOT Crane,DHR-03,train,12,risk,risk,approved_on_validation,우선 점검 후보
2023-01-03,AST-5007,A2,5,6.365826117754469,0.1188003914357874,0.0776317512579739,MRO-10045;MRO-90011;MRO-10046,MRO-10045;MRO-10046;MRO-50009,EOT Crane,PUN-01,train,12,caution,risk,approved_on_validation,우선 점검 후보
2023-01-04,AST-1041,A2,6,7.030132940737148,0.1563354311020121,0.1058117261478303,MRO-10045;MRO-10047;MRO-10046,MRO-10045;MRO-10047;MRO-10046,CNC Lathe,PUN-01,train,12,risk,risk,approved_on_validation,우선 점검 후보
2023-01-04,AST-1042,A2,10,6.396259746329004,0.1238368778305861,0.078224981841889,MRO-10045;MRO-20031;MRO-80001,MRO-10045;MRO-20031;MRO-80001,CNC Lathe,PUN-01,train,12,risk,risk,approved_on_validation,우선 점검 후보
2023-01-04,AST-2017,A2,10,8.494058366935661,0.2561644551331253,0.186464862252309,MRO-10047;MRO-80001;MRO-20031,MRO-10047;MRO-80001;MRO-20031,Hydraulic Press,PUN-01,train,12,risk,risk,approved_on_validation,우선 점검 후보
2023-01-04,AST-2031,A2,4,7.710709398976832,0.200755245811165,0.1410147934710707,MRO-10047;MRO-10046;MRO-20031,MRO-10047;MRO-10046;MRO-20031,Hydraulic Press,CHN-02,train,12,caution,risk,approved_on_validation,우선 점검 후보
2023-01-04,AST-3008,A2,3,7.442388432037835,0.1784223399504467,0.1253082231131841,MRO-30011;MRO-10047;MRO-40022,MRO-10047;MRO-10046;MRO-20031,Belt Conveyor,CHN-02,train,12,caution,risk,approved_on_validation,우선 점검 후보
2023-01-04,AST-3019,A2,8,5.611910200088677,0.0840387068077933,0.0513564229667605,MRO-10045;MRO-20031;MRO-10047,MRO-10045;MRO-20031;MRO-10047,Belt Conveyor,CHN-02,train,12,risk,caution,approved_on_validation,우선 점검 후보
2023-01-04,AST-4055,A2,8,8.666450447879066,0.266265991664174,0.1968127818288829,MRO-80001;MRO-10047;MRO-10045,MRO-80001;MRO-10047;MRO-10045,Screw Compressor,DHR-03,train,12,risk,risk,approved_on_validation,우선 점검 후보
2023-01-04,AST-4061,A2,7,7.401384828143501,0.1812118368120269,0.1242938237622436,MRO-50009;MRO-10045;MRO-10046,MRO-50009;MRO-10045;MRO-10046,Screw Compressor,DHR-03,train,12,risk,risk,approved_on_validation,우선 점검 후보
2023-01-04,AST-5003,A2,12,8.675923119174913,0.2681066235720547,0.19705311750276,MRO-10046;MRO-40021;MRO-10047,MRO-10046;MRO-10047;MRO-20031,EOT Crane,DHR-03,train,12,high_risk,risk,approved_on_validation,우선 점검 후보
2023-01-04,AST-5007,A2,2,6.43016821791923,0.1227614244815581,0.0793660110833356,MRO-20031;MRO-30011;MRO-60015,MRO-20031;MRO-10047;MRO-10045,EOT Crane,PUN-01,train,12,caution,risk,approved_on_validation,우선 점검 후보
2023-01-05,AST-1041,A2,8,7.759022552195133,0.2057290277474063,0.1428292824673894,MRO-80001;MRO-20031;MRO-10046,MRO-80001;MRO-20031;MRO-10046,CNC Lathe,PUN-01,train,12,risk,risk,approved_on_validation,우선 점검 후보
2023-01-05,AST-1042,A2,6,7.436969975197459,0.1848273471396968,0.1267268047689652,MRO-50009;MRO-20031;MRO-10047,MRO-50009;MRO-20031;MRO-10047,CNC Lathe,PUN-01,train,12,risk,risk,approved_on_validation,우선 점검 후보
2023-01-05,AST-2017,A2,18,8.971509401016807,0.2916633979790656,0.216340182271944,MRO-80001;MRO-20031;MRO-50009,MRO-80001;MRO-20031;MRO-50009,Hydraulic Press,PUN-01,train,12,high_risk,risk,approved_on_validation,우선 점검 후보
2023-01-05,AST-2031,A2,8,8.03836721475541,0.223714967917656,0.1591932281479032,MRO-10047;MRO-80001;MRO-10046,MRO-10047;MRO-80001;MRO-10046,Hydraulic Press,CHN-02,train,12,risk,risk,approved_on_validation,우선 점검 후보
2023-01-05,AST-3008,A2,4,6.755019513896058,0.1403429866892642,0.0920235431375437,MRO-40021;MRO-10045;MRO-20031,MRO-10045;MRO-20031;MRO-10046,Belt Conveyor,CHN-02,train,12,caution,risk,approved_on_validation,우선 점검 후보
2023-01-05,AST-3019,A2,5,6.329017332018819,0.1169058779727286,0.0757308267936929,MRO-50009;MRO-20031;MRO-10045,MRO-50009;MRO-20031;MRO-10045,Belt Conveyor,CHN-02,train,12,caution,risk,approved_on_validation,우선 점검 후보
2023-01-05,AST-4055,A2,9,9.738747453440716,0.3424705739821222,0.2674884065789978,MRO-20033;MRO-40022;MRO-10046,MRO-10046;MRO-50009;MRO-80001,Screw Compressor,DHR-03,train,12,risk,risk,approved_on_validation,우선 점검 후보
2023-01-05,AST-4061,A2,0,6.9354652225665685,0.1539562445905675,0.1018445701197935,MRO-10045;MRO-10047;MRO-50009,MRO-10045;MRO-10047;MRO-50009,Screw Compressor,DHR-03,train,12,normal,risk,approved_on_validation,우선 점검 후보
2023-01-05,AST-5003,A2,8,7.589686834808287,0.193382169930445,0.1355757488239034,MRO-80001;MRO-10047;MRO-20031,MRO-80001;MRO-10047;MRO-20031,EOT Crane,DHR-03,train,12,risk,risk,approved_on_validation,우선 점검 후보
2023-01-05,AST-5007,A2,2,4.924905385151972,0.0540969903139636,0.0311002897044468,MRO-30011;MRO-10046;MRO-10045,MRO-10046;MRO-10045;MRO-20031,EOT Crane,PUN-01,train,12,caution,caution,approved_on_validation,우선 점검 후보
2023-01-06,AST-1041,A2,1,6.586260819577193,0.1315830545380903,0.0864449771684332,MRO-10047;MRO-10045;MRO-10046,MRO-10047;MRO-10045;MRO-10046,CNC Lathe,PUN-01,train,12,caution,risk,approved_on_validation,우선 점검 후보
2023-01-06,AST-1042,A2,6,6.479843614405568,0.1269323083062283,0.0810742231903734,MRO-60015;MRO-10045;MRO-80001,MRO-10045;MRO-80001;MRO-50009,CNC Lathe,PUN-01,train,12,risk,risk,approved_on_validation,우선 점검 후보
2023-01-06,AST-2017,A2,2,8.394177501763599,0.2480073609274374,0.1797289661261418,MRO-20031;MRO-80001;MRO-10045,MRO-20031;MRO-80001;MRO-10045,Hydraulic Press,PUN-01,train,12,caution,risk,approved_on_validation,우선 점검 후보
2023-01-06,AST-2031,A2,6,8.174087289972379,0.235234144852195,0.1669986113230535,MRO-10047;MRO-80001;MRO-10046,MRO-10047;MRO-80001;MRO-10046,Hydraulic Press,CHN-02,train,12,risk,risk,approved_on_validation,우선 점검 후보
2023-01-06,AST-3008,A2,5,7.056594172476995,0.1586441872496956,0.1072144569016548,MRO-80001;MRO-10046;MRO-10047,MRO-80001;MRO-10046;MRO-10047,Belt Conveyor,CHN-02,train,12,caution,risk,approved_on_validation,우선 점검 후보
2023-01-06,AST-3019,A2,6,6.143362020471934,0.112065170860111,0.069364546400195,MRO-10047;MRO-10046;MRO-80001,MRO-10047;MRO-10046;MRO-80001,Belt Conveyor,CHN-02,train,12,risk,risk,approved_on_validation,우선 점검 후보
2023-01-06,AST-4055,A2,15,9.763586874754902,0.3522484026231227,0.2717341002282072,MRO-20031;MRO-10047;MRO-50009,MRO-20031;MRO-10047;MRO-50009,Screw Compressor,DHR-03,train,12,high_risk,risk,approved_on_validation,우선 점검 후보
2023-01-06,AST-4061,A2,22,7.265594070763632,0.1726192273453793,0.1171524071669491,MRO-80001;MRO-50009;MRO-10047,MRO-80001;MRO-50009;MRO-10047,Screw Compressor,DHR-03,train,12,high_risk,risk,approved_on_validation,우선 점검 후보
2023-01-06,AST-5003,A2,14,8.47581573424608,0.2567348121686141,0.1865226165899205,MRO-20031;MRO-10047;MRO-80001,MRO-20031;MRO-10047;MRO-80001,EOT Crane,DHR-03,train,12,high_risk,risk,approved_on_validation,우선 점검 후보
2023-01-06,AST-5007,A2,8,6.258601329704476,0.1163617701083257,0.0745290176785673,MRO-10047;MRO-10045;MRO-80001,MRO-10047;MRO-10045;MRO-80001,EOT Crane,PUN-01,train,12,risk,risk,approved_on_validation,우선 점검 후보
2023-01-07,AST-1041,A2,0,0.0032148118424544,5.189663211199936e-12,5.460505668640866e-15,MRO-40022;MRO-30011;MRO-30012,MRO-10046;MRO-10045;MRO-50009,CNC Lathe,PUN-01,train,12,normal,normal,approved_on_validation,우선 점검 후보
2023-01-07,AST-1042,A2,0,0.0032884559871434,6.157597342207683e-12,6.482484145887922e-15,MRO-60015;MRO-10046;MRO-10045,MRO-10046;MRO-10045;MRO-10047,CNC Lathe,PUN-01,train,12,normal,normal,approved_on_validation,우선 점검 후보
2023-01-07,AST-2017,A2,0,0.0033590899807158,7.739046068631906e-12,7.952922512219696e-15,MRO-40022;MRO-20031;MRO-10047,MRO-20031;MRO-10047;MRO-10045,Hydraulic Press,PUN-01,train,12,normal,normal,approved_on_validation,우선 점검 후보
2023-01-07,AST-2031,A2,0,0.0032348789950007,6.578991567353487e-12,6.6417692412082375e-15,MRO-10045;MRO-20031;MRO-50009,MRO-10045;MRO-20031;MRO-50009,Hydraulic Press,CHN-02,train,12,normal,normal,approved_on_validation,우선 점검 후보
2023-01-07,AST-3008,A2,0,0.003188272128394,6.5953011718927076e-12,6.505241856222851e-15,MRO-70005;MRO-90012;MRO-10045,MRO-10045;MRO-10046;MRO-10047,Belt Conveyor,CHN-02,train,12,normal,normal,approved_on_validation,우선 점검 후보
2023-01-07,AST-3019,A2,0,0.0034777861218567,6.4332770763665256e-12,7.649643161449425e-15,MRO-20032;MRO-70005;MRO-20033,MRO-10045;MRO-80001;MRO-50009,Belt Conveyor,CHN-02,train,12,normal,normal,approved_on_validation,우선 점검 후보
2023-01-07,AST-4055,A2,0,0.0032273961800257,6.435849285667711e-12,6.515484287755441e-15,MRO-50009;MRO-10046;MRO-80001,MRO-50009;MRO-10046;MRO-80001,Screw Compressor,DHR-03,train,12,normal,normal,approved_on_validation,우선 점검 후보
2023-01-07,AST-4061,A2,0,0.0033123293697978,7.326378676726457e-12,7.437838793491642e-15,MRO-10045;MRO-10046;MRO-20031,MRO-10045;MRO-10046;MRO-20031,Screw Compressor,DHR-03,train,12,normal,normal,approved_on_validation,우선 점검 후보
2023-01-07,AST-5003,A2,0,0.0032412484574806,5.997774603800423e-12,6.198840564199891e-15,MRO-30012;MRO-10047;MRO-80001,MRO-10047;MRO-80001;MRO-10045,EOT Crane,DHR-03,train,12,normal,normal,approved_on_validation,우선 점검 후보
2023-01-07,AST-5007,A2,0,0.0032827030017372,7.0210438133204476e-12,7.149035580992097e-15,MRO-10045;MRO-10047;MRO-10046,MRO-10045;MRO-10047;MRO-10046,EOT Crane,PUN-01,train,12,normal,normal,approved_on_validation,우선 점검 후보
2023-01-08,AST-1041,A2,0,0.0032492198878867,5.461574647398567e-12,5.7757839965949626e-15,MRO-30011;MRO-40022;MRO-30012,MRO-10045;MRO-10046;MRO-10047,CNC Lathe,PUN-01,train,12,normal,normal,approved_on_validation,우선 점검 후보
2023-01-08,AST-1042,A2,0,0.0032183441930133,6.228874503015797e-12,6.3359511910297425e-15,MRO-10045;MRO-10047;MRO-20031,MRO-10045;MRO-10047;MRO-20031,CNC Lathe,PUN-01,train,12,normal,normal,approved_on_validation,우선 점검 후보
2023-01-08,AST-2017,A2,0,0.0032360791330782,6.976229523133351e-12,6.9351685806080095e-15,MRO-20031;MRO-10045;MRO-10046,MRO-20031;MRO-10045;MRO-10046,Hydraulic Press,PUN-01,train,12,normal,normal,approved_on_validation,우선 점검 후보
2023-01-08,AST-2031,A2,0,0.0032383475171817,6.596716539162808e-12,6.666488067791745e-15,MRO-10045;MRO-10046;MRO-20031,MRO-10045;MRO-10046;MRO-20031,Hydraulic Press,CHN-02,train,12,normal,normal,approved_on_validation,우선 점검 후보
2023-01-08,AST-3008,A2,0,0.0032525134754446,6.5962659010930115e-12,6.765687597462193e-15,MRO-90012;MRO-70005;MRO-10045,MRO-10045;MRO-10046;MRO-10047,Belt Conveyor,CHN-02,train,12,normal,normal,approved_on_validation,우선 점검 후보
2023-01-08,AST-3019,A2,0,0.0034894382225572,9.939292209666396e-12,9.884958208454382e-15,MRO-50009;MRO-90012;MRO-10045,MRO-50009;MRO-10045;MRO-10046,Belt Conveyor,CHN-02,train,12,normal,normal,approved_on_validation,우선 점검 후보
2023-01-08,AST-4055,A2,0,0.0032538015712888,6.671203889245481e-12,6.786850699189581e-15,MRO-10045;MRO-10047;MRO-20031,MRO-10045;MRO-10047;MRO-20031,Screw Compressor,DHR-03,train,12,normal,normal,approved_on_validation,우선 점검 후보
2023-01-08,AST-4061,A2,0,0.0032376354219976,6.620271802639871e-12,6.6642925644100776e-15,MRO-10047;MRO-50009;MRO-20033,MRO-10047;MRO-50009;MRO-10045,Screw Compressor,DHR-03,train,12,normal,normal,approved_on_validation,우선 점검 후보
2023-01-08,AST-5003,A2,0,0.0033015733074033,6.359485951370859e-12,7.049328476617066e-15,MRO-70005;MRO-20031;MRO-10045,MRO-20031;MRO-10045;MRO-50009,EOT Crane,DHR-03,train,12,normal,normal,approved_on_validation,우선 점검 후보
2023-01-08,AST-5007,A2,0,0.0032500982107793,6.687306521685912e-12,6.767921843067888e-15,MRO-10046;MRO-20031;MRO-50009,MRO-10046;MRO-20031;MRO-50009,EOT Crane,PUN-01,train,12,normal,normal,approved_on_validation,우선 점검 후보
2023-01-09,AST-1041,A2,14,7.981314802178349,0.2203483395908012,0.1564650080477546,MRO-50009;MRO-10045;MRO-80001,MRO-50009;MRO-10045;MRO-80001,CNC Lathe,PUN-01,train,12,high_risk,risk,approved_on_validation,우선 점검 후보
2023-01-09,AST-1042,A2,1,6.786662770919119,0.1447722913440174,0.0954644126429898,MRO-10046;MRO-10047;MRO-20031,MRO-10046;MRO-10047;MRO-20031,CNC Lathe,PUN-01,train,12,caution,risk,approved_on_validation,우선 점검 후보
2023-01-09,AST-2017,A2,6,8.39120801040323,0.24821347666172,0.1793912101893282,MRO-10045;MRO-10046;MRO-20031,MRO-10045;MRO-10046;MRO-20031,Hydraulic Press,PUN-01,train,12,risk,risk,approved_on_validation,우선 점검 후보
2023-01-09,AST-2031,A2,10,7.525790242035934,0.1873440058365542,0.1310233771495115,MRO-10047;MRO-80001;MRO-20031,MRO-10047;MRO-80001;MRO-20031,Hydraulic Press,CHN-02,train,12,risk,risk,approved_on_validation,우선 점검 후보
2023-01-09,AST-3008,A2,8,6.5472274379952085,0.1294977558347997,0.0855334461996672,MRO-50009;MRO-10045;MRO-80001,MRO-50009;MRO-10045;MRO-80001,Belt Conveyor,CHN-02,train,12,risk,risk,approved_on_validation,우선 점검 후보
2023-01-09,AST-3019,A2,0,5.8442548721617396,0.0957077711229565,0.0589162427350229,MRO-20031;MRO-10045;MRO-80001,MRO-20031;MRO-10045;MRO-80001,Belt Conveyor,CHN-02,train,12,normal,risk,approved_on_validation,우선 점검 후보
2023-01-09,AST-4055,A2,2,7.714396001400581,0.1999438425519935,0.1405008391727191,MRO-10046;MRO-10047;MRO-10045,MRO-10046;MRO-10047;MRO-10045,Screw Compressor,DHR-03,train,12,caution,risk,approved_on_validation,우선 점검 후보
2023-01-09,AST-4061,A2,7,7.726284743549145,0.2004485979948236,0.1408111910755848,MRO-10047;MRO-10045;MRO-10046,MRO-10047;MRO-10045;MRO-10046,Screw Compressor,DHR-03,train,12,risk,risk,approved_on_validation,우선 점검 후보
2023-01-09,AST-5003,A2,5,7.818889622526711,0.2059316214434698,0.1467869365054381,MRO-10045;MRO-10047;MRO-20031,MRO-10045;MRO-10047;MRO-20031,EOT Crane,DHR-03,train,12,caution,risk,approved_on_validation,우선 점검 후보
2023-01-09,AST-5007,A2,0,5.5940335910013035,0.0812863176472983,0.0498762010993002,MRO-10045;MRO-10047;MRO-10046,MRO-10045;MRO-10047;MRO-10046,EOT Crane,PUN-01,train,12,normal,caution,approved_on_validation,우선 점검 후보
2023-01-10,AST-1041,A2,4,7.311208231405669,0.1758201494138074,0.1180247806168402,MRO-10045;MRO-80001;MRO-50009,MRO-10045;MRO-80001;MRO-50009,CNC Lathe,PUN-01,train,12,caution,risk,approved_on_validation,우선 점검 후보
2023-01-10,AST-1042,A2,6,6.708764799158442,0.1411680632168097,0.0916201362974937,MRO-10046;MRO-10047;MRO-20031,MRO-10046;MRO-10047;MRO-20031,CNC Lathe,PUN-01,train,12,risk,risk,approved_on_validation,우선 점검 후보
2023-01-10,AST-2017,A2,9,8.236396528774462,0.2380430514575032,0.1703767640423268,MRO-80001;MRO-10047;MRO-10046,MRO-80001;MRO-10047;MRO-10046,Hydraulic Press,PUN-01,train,12,risk,risk,approved_on_validation,우선 점검 후보
2023-01-10,AST-2031,A2,9,7.905614587419691,0.2128585321200971,0.1506601282718792,MRO-10046;MRO-50009;MRO-20031,MRO-10046;MRO-50009;MRO-20031,Hydraulic Press,CHN-02,train,12,risk,risk,approved_on_validation,우선 점검 후보
2023-01-10,AST-3008,A2,10,7.275422456890207,0.1735224031499827,0.1177212584546122,MRO-80001;MRO-10045;MRO-50009,MRO-80001;MRO-10045;MRO-50009,Belt Conveyor,CHN-02,train,12,risk,risk,approved_on_validation,우선 점검 후보
2023-01-10,AST-3019,A2,8,5.81262637113097,0.0935474560214865,0.0576022733414105,MRO-20031;MRO-10045;MRO-80001,MRO-20031;MRO-10045;MRO-80001,Belt Conveyor,CHN-02,train,12,risk,risk,approved_on_validation,우선 점검 후보
2023-01-10,AST-4055,A2,10,9.281257549275292,0.3103448565823466,0.234742035425739,MRO-40022;MRO-20033;MRO-10046,MRO-10046;MRO-80001;MRO-10047,Screw Compressor,DHR-03,train,12,risk,risk,approved_on_validation,우선 점검 후보
2023-01-10,AST-4061,A2,12,7.555102593579081,0.1892037553366299,0.1322184845844121,MRO-80001;MRO-10045;MRO-20031,MRO-80001;MRO-10045;MRO-20031,Screw Compressor,DHR-03,train,12,high_risk,risk,approved_on_validation,우선 점검 후보
2023-01-10,AST-5003,A2,10,7.9752808267957,0.2169389824155645,0.1553840693514732,MRO-10045;MRO-10047;MRO-20031,MRO-10045;MRO-10047;MRO-20031,EOT Crane,DHR-03,train,12,risk,risk,approved_on_validation,우선 점검 후보
2023-01-10,AST-5007,A2,10,6.984031216404125,0.1555314844114477,0.103595127648709,MRO-10045;MRO-10047;MRO-50009,MRO-10045;MRO-10047;MRO-50009,EOT Crane,PUN-01,train,12,risk,risk,approved_on_validation,우선 점검 후보
2023-01-11,AST-1041,A2,10,8.107985430165641,0.2323001576267518,0.16123723294636,MRO-10045;MRO-80001;MRO-50009,MRO-10045;MRO-80001;MRO-50009,CNC Lathe,PUN-01,train,12,risk,risk,approved_on_validation,우선 점검 후보
2023-01-11,AST-1042,A2,13,6.945698627474878,0.1530300345492365,0.1026388752978754,MRO-50009;MRO-10046;MRO-10047,MRO-50009;MRO-10046;MRO-10047,CNC Lathe,PUN-01,train,12,high_risk,risk,approved_on_validation,우선 점검 후보
2023-01-11,AST-2017,A2,11,9.056477990120449,0.2843836263243746,0.2204833766011847,MRO-90012;MRO-90011;MRO-10045,MRO-10045;MRO-50009;MRO-80001,Hydraulic Press,PUN-01,train,12,risk,risk,approved_on_validation,우선 점검 후보
2023-01-11,AST-2031,A2,3,7.321806053555227,0.1734052132069084,0.1205343436860888,MRO-10047;MRO-10046;MRO-10045,MRO-10047;MRO-10046;MRO-10045,Hydraulic Press,CHN-02,train,12,caution,risk,approved_on_validation,우선 점검 후보
2023-01-11,AST-3008,A2,8,5.922987807203021,0.0946547036787635,0.0590039070434762,MRO-10046;MRO-10047;MRO-20031,MRO-10046;MRO-10047;MRO-20031,Belt Conveyor,CHN-02,train,12,risk,risk,approved_on_validation,우선 점검 후보
2023-01-11,AST-3019,A2,5,5.980149528683686,0.1020409475668092,0.06415684138097,MRO-10045;MRO-10047;MRO-20031,MRO-10045;MRO-10047;MRO-20031,Belt Conveyor,CHN-02,train,12,caution,risk,approved_on_validation,우선 점검 후보
2023-01-11,AST-4055,A2,3,7.38322230813727,0.1738263716628917,0.1210912778805852,MRO-80001;MRO-10046;MRO-80002,MRO-80001;MRO-10046;MRO-10047,Screw Compressor,DHR-03,train,12,caution,risk,approved_on_validation,우선 점검 후보
2023-01-11,AST-4061,A2,6,7.491334735471819,0.1853321281263212,0.1285374867260992,MRO-10045;MRO-10046;MRO-20031,MRO-10045;MRO-10046;MRO-20031,Screw Compressor,DHR-03,train,12,risk,risk,approved_on_validation,우선 점검 후보
2023-01-11,AST-5003,A2,4,7.92421737027101,0.2136839488890994,0.1525160570806326,MRO-10046;MRO-10045;MRO-10047,MRO-10046;MRO-10045;MRO-10047,EOT Crane,DHR-03,train,12,caution,risk,approved_on_validation,우선 점검 후보
2023-01-11,AST-5007,A2,2,5.874623405955348,0.0919357329517806,0.0589415466228881,MRO-20031;MRO-10045;MRO-80002,MRO-20031;MRO-10045;MRO-10047,EOT Crane,PUN-01,train,12,caution,caution,approved_on_validation,우선 점검 후보
2023-01-12,AST-1041,A2,11,7.576343248635787,0.1941713915478689,0.133434392536369,MRO-10045;MRO-50009;MRO-80001,MRO-10045;MRO-50009;MRO-80001,CNC Lathe,PUN-01,train,12,risk,risk,approved_on_validation,우선 점검 후보
2023-01-12,AST-1042,A2,4,6.816402470444144,0.147304259523988,0.0963745048831731,MRO-10045;MRO-20031;MRO-10046,MRO-10045;MRO-20031;MRO-10046,CNC Lathe,PUN-01,train,12,caution,risk,approved_on_validation,우선 점검 후보
2023-01-12,AST-2017,A2,12,8.64825598248325,0.2668966260900366,0.1947073543349108,MRO-10046;MRO-20031;MRO-80001,MRO-10046;MRO-20031;MRO-80001,Hydraulic Press,PUN-01,train,12,high_risk,risk,approved_on_validation,우선 점검 후보
2023-01-12,AST-2031,A2,11,8.256325604299443,0.2395272859174622,0.1719297574851575,MRO-80001;MRO-10047;MRO-20031,MRO-80001;MRO-10047;MRO-20031,Hydraulic Press,CHN-02,train,12,risk,risk,approved_on_validation,우선 점검 후보
2023-01-12,AST-3008,A2,7,6.827368418535841,0.1458730902174065,0.09624061076265,MRO-50009;MRO-10045;MRO-10046,MRO-50009;MRO-10045;MRO-10046,Belt Conveyor,CHN-02,train,12,risk,risk,approved_on_validation,우선 점검 후보
2023-01-12,AST-3019,A2,9,5.923170571899228,0.0996272044619728,0.0621608827637713,MRO-10045;MRO-10047;MRO-50009,MRO-10045;MRO-10047;MRO-50009,Belt Conveyor,CHN-02,train,12,risk,risk,approved_on_validation,우선 점검 후보
2023-01-12,AST-4055,A2,18,9.4402281221641,0.3231125678400524,0.2491909035443014,MRO-10047;MRO-10046;MRO-10045,MRO-10047;MRO-10046;MRO-10045,Screw Compressor,DHR-03,train,12,high_risk,risk,approved_on_validation,우선 점검 후보
2023-01-12,AST-4061,A2,10,7.77175899873874,0.2065292519757363,0.144174634755394,MRO-10046;MRO-10045;MRO-10047,MRO-10046;MRO-10045;MRO-10047,Screw Compressor,DHR-03,train,12,risk,risk,approved_on_validation,우선 점검 후보
2023-01-12,AST-5003,A2,10,8.363524823573906,0.2453330740102623,0.1787164316345461,MRO-10046;MRO-10045;MRO-10047,MRO-10046;MRO-10045;MRO-10047,EOT Crane,DHR-03,train,12,risk,risk,approved_on_validation,우선 점검 후보
2023-01-12,AST-5007,A2,0,6.32326443624431,0.1175673068787294,0.0760383847720369,MRO-50009;MRO-10047;MRO-10045,MRO-50009;MRO-10047;MRO-10045,EOT Crane,PUN-01,train,12,normal,risk,approved_on_validation,우선 점검 후보
2023-01-13,AST-1041,A2,6,7.412456429971294,0.1824792036358925,0.1248679459514593,MRO-50009;MRO-80001;MRO-10047,MRO-50009;MRO-80001;MRO-10047,CNC Lathe,PUN-01,train,12,risk,risk,approved_on_validation,우선 점검 후보
2023-01-13,AST-1042,A2,9,6.874598188123303,0.1503571928774506,0.0993652490666153,MRO-50009;MRO-80001;MRO-10045,MRO-50009;MRO-80001;MRO-10045,CNC Lathe,PUN-01,train,12,risk,risk,approved_on_validation,우선 점검 후보
2023-01-13,AST-2017,A2,10,8.815328296809094,0.2796789971413245,0.2060563598592641,MRO-80001;MRO-10047;MRO-10046,MRO-80001;MRO-10047;MRO-10046,Hydraulic Press,PUN-01,train,12,risk,risk,approved_on_validation,우선 점검 후보
2023-01-13,AST-2031,A2,8,7.569025753418849,0.1931725103330899,0.1324371673568667,MRO-10047;MRO-10046;MRO-20031,MRO-10047;MRO-10046;MRO-20031,Hydraulic Press,CHN-02,train,12,risk,risk,approved_on_validation,우선 점검 후보
2023-01-13,AST-3008,A2,11,7.0102325909249945,0.1574200668283983,0.1051897927452182,MRO-10045;MRO-20031;MRO-80001,MRO-10045;MRO-20031;MRO-80001,Belt Conveyor,CHN-02,train,12,risk,risk,approved_on_validation,우선 점검 후보
2023-01-13,AST-3019,A2,4,6.163841811757777,0.1104916695978334,0.0700150179054274,MRO-20031;MRO-10047;MRO-50009,MRO-20031;MRO-10047;MRO-50009,Belt Conveyor,CHN-02,train,12,caution,risk,approved_on_validation,우선 점검 후보
2023-01-13,AST-4055,A2,6,8.755793116580545,0.2755696100594431,0.2007744785162015,MRO-10046;MRO-10045;MRO-20031,MRO-10046;MRO-10045;MRO-20031,Screw Compressor,DHR-03,train,12,risk,risk,approved_on_validation,우선 점검 후보
2023-01-13,AST-4061,A2,4,7.281306234977383,0.1737806793154958,0.1175454451597056,MRO-10046;MRO-10045;MRO-10047,MRO-10046;MRO-10045;MRO-10047,Screw Compressor,DHR-03,train,12,caution,risk,approved_on_validation,우선 점검 후보
2023-01-13,AST-5003,A2,6,8.646497520343804,0.2597731792090449,0.1970311172232274,MRO-70004;MRO-10046;MRO-10045,MRO-10046;MRO-10045;MRO-10047,EOT Crane,DHR-03,train,12,risk,risk,approved_on_validation,우선 점검 후보
2023-01-13,AST-5007,A2,10,6.222484727812242,0.113347110632192,0.0721029514648858,MRO-10047;MRO-10045;MRO-10046,MRO-10047;MRO-10045;MRO-10046,EOT Crane,PUN-01,train,12,risk,risk,approved_on_validation,우선 점검 후보
2023-01-14,AST-1041,A2,0,0.0032500007749267,6.657381544130473e-12,6.765520335883067e-15,MRO-70005;MRO-10047;MRO-20031,MRO-10047;MRO-20031;MRO-80001,CNC Lathe,PUN-01,train,12,normal,normal,approved_on_validation,우선 점검 후보
2023-01-14,AST-1042,A2,0,0.0033771084976472,6.165368225178194e-12,6.770325726885198e-15,MRO-30012;MRO-60015;MRO-10045,MRO-10045;MRO-10046;MRO-10047,CNC Lathe,PUN-01,train,12,normal,normal,approved_on_validation,우선 점검 후보
2023-01-14,AST-2017,A2,0,0.0033148696688435,7.0558344322789426e-12,7.270263600257563e-15,MRO-10047;MRO-40021;MRO-80002,MRO-10047;MRO-20031;MRO-10045,Hydraulic Press,PUN-01,train,12,normal,normal,approved_on_validation,우선 점검 후보
2023-01-14,AST-2031,A2,0,0.0033885384376478,8.222353589977476e-12,8.498789850313689e-15,MRO-80001;MRO-70005;MRO-10045,MRO-80001;MRO-10045;MRO-10046,Hydraulic Press,CHN-02,train,12,normal,normal,approved_on_validation,우선 점검 후보
2023-01-14,AST-3008,A2,0,0.003095154559679,5.441573290169182e-12,5.321234857762116e-15,MRO-70005;MRO-10045;MRO-10046,MRO-10045;MRO-10046;MRO-20031,Belt Conveyor,CHN-02,train,12,normal,normal,approved_on_validation,우선 점검 후보
2023-01-14,AST-3019,A2,0,0.0032328245520027,6.608329522166192e-12,6.642080494329489e-15,MRO-10047;MRO-10046;MRO-50009,MRO-10047;MRO-10046;MRO-50009,Belt Conveyor,CHN-02,train,12,normal,normal,approved_on_validation,우선 점검 후보
2023-01-14,AST-4055,A2,0,0.0031686129641166,5.679871405309214e-12,5.762378272052841e-15,MRO-20031;MRO-80001;MRO-20033,MRO-20031;MRO-80001;MRO-10045,Screw Compressor,DHR-03,train,12,normal,normal,approved_on_validation,우선 점검 후보
2023-01-14,AST-4061,A2,0,0.0032597000723386,6.800803240285618e-12,6.889219472200972e-15,MRO-50009;MRO-10047;MRO-20031,MRO-50009;MRO-10047;MRO-20031,Screw Compressor,DHR-03,train,12,normal,normal,approved_on_validation,우선 점검 후보
2023-01-14,AST-5003,A2,0,0.0033223157986554,6.497432190279322e-12,7.23485250348649e-15,MRO-70005;MRO-20031;MRO-10045,MRO-20031;MRO-10045;MRO-10047,EOT Crane,DHR-03,train,12,normal,normal,approved_on_validation,우선 점검 후보
2023-01-14,AST-5007,A2,0,0.0032829490012412,7.021185202697063e-12,7.126787321889273e-15,MRO-10047;MRO-80001;MRO-60016,MRO-10047;MRO-80001;MRO-10045,EOT Crane,PUN-01,train,12,normal,normal,approved_on_validation,우선 점검 후보
2023-01-15,AST-1041,A2,0,0.0032570672967442,6.689567042486563e-12,6.825657360564884e-15,MRO-70005;MRO-10045;MRO-10047,MRO-10045;MRO-10047;MRO-20031,CNC Lathe,PUN-01,train,12,normal,normal,approved_on_validation,우선 점검 후보
2023-01-15,AST-1042,A2,0,0.003214853164954,6.228868855343373e-12,6.315139841999366e-15,MRO-10046;MRO-10047;MRO-20031,MRO-10046;MRO-10047;MRO-20031,CNC Lathe,PUN-01,train,12,normal,normal,approved_on_validation,우선 점검 후보
2023-01-15,AST-2017,A2,0,0.003291992407569,7.203906857411635e-12,7.29151438591453e-15,MRO-20031;MRO-30011;MRO-40022,MRO-20031;MRO-10045;MRO-10046,Hydraulic Press,PUN-01,train,12,normal,normal,approved_on_validation,우선 점검 후보
2023-01-15,AST-2031,A2,0,0.0032493299546501,6.6980887850327495e-12,6.791491840092023e-15,MRO-80001;MRO-10045;MRO-10046,MRO-80001;MRO-10045;MRO-10046,Hydraulic Press,CHN-02,train,12,normal,normal,approved_on_validation,우선 점검 후보
2023-01-15,AST-3008,A2,0,0.0032402127862177,6.568161463733657e-12,6.6691866288390125e-15,MRO-70004;MRO-70005;MRO-10045,MRO-10045;MRO-10046;MRO-20031,Belt Conveyor,CHN-02,train,12,normal,normal,approved_on_validation,우선 점검 후보
2023-01-15,AST-3019,A2,0,0.0032864388575747,6.963561742993707e-12,7.076159383835097e-15,MRO-60016;MRO-20031;MRO-10045,MRO-20031;MRO-10045;MRO-10046,Belt Conveyor,CHN-02,train,12,normal,normal,approved_on_validation,우선 점검 후보
2023-01-15,AST-4055,A2,0,0.0034526685417409,8.688609781288247e-12,9.09696463742184e-15,MRO-10046;MRO-80001;MRO-10047,MRO-10046;MRO-80001;MRO-10047,Screw Compressor,DHR-03,train,12,normal,normal,approved_on_validation,우선 점검 후보
2023-01-15,AST-4061,A2,0,0.0032473097781692,6.662888424298778e-12,6.742772234412774e-15,MRO-10045;MRO-10046;MRO-10047,MRO-10045;MRO-10046;MRO-10047,Screw Compressor,DHR-03,train,12,normal,normal,approved_on_validation,우선 점검 후보
2023-01-15,AST-5003,A2,0,0.0033921710843704,6.384223774395873e-12,7.543461976785605e-15,MRO-70005;MRO-70004;MRO-90012,MRO-10045;MRO-10047;MRO-20031,EOT Crane,DHR-03,train,12,normal,normal,approved_on_validation,우선 점검 후보
2023-01-15,AST-5007,A2,0,0.003181896427172,6.036875217046207e-12,6.106661755372691e-15,MRO-70004;MRO-10045;MRO-10046,MRO-10045;MRO-10046;MRO-20031,EOT Crane,PUN-01,train,12,normal,normal,approved_on_validation,우선 점검 후보
2023-01-16,AST-1041,A2,6,9.01351973080424,0.2913642517556722,0.2218272032903732,MRO-10047;MRO-10045;MRO-10046,MRO-10047;MRO-10045;MRO-10046,CNC Lathe,PUN-01,train,12,risk,risk,approved_on_validation,우선 점검 후보
2023-01-16,AST-1042,A2,5,6.927625716728589,0.1527937928243121,0.1016932745094855,MRO-20031;MRO-10046;MRO-80001,MRO-20031;MRO-10046;MRO-80001,CNC Lathe,PUN-01,train,12,caution,risk,approved_on_validation,우선 점검 후보
2023-01-16,AST-2017,A2,10,8.43189675767334,0.2509514272643055,0.1815101397329055,MRO-10047;MRO-80001;MRO-10045,MRO-10047;MRO-80001;MRO-10045,Hydraulic Press,PUN-01,train,12,risk,risk,approved_on_validation,우선 점검 후보
2023-01-16,AST-2031,A2,12,7.734035372946352,0.2008979185218316,0.1412432020990193,MRO-20031;MRO-50009;MRO-10046,MRO-20031;MRO-50009;MRO-10046,Hydraulic Press,CHN-02,train,12,high_risk,risk,approved_on_validation,우선 점검 후보
2023-01-16,AST-3008,A2,6,6.861457606017326,0.1481833081090841,0.0983923643262367,MRO-10047;MRO-50009;MRO-10045,MRO-10047;MRO-50009;MRO-10045,Belt Conveyor,CHN-02,train,12,risk,risk,approved_on_validation,우선 점검 후보
2023-01-16,AST-3019,A2,15,6.629356800155367,0.1350146235257723,0.0883347748894756,MRO-20031;MRO-50009;MRO-80001,MRO-20031;MRO-50009;MRO-80001,Belt Conveyor,CHN-02,train,12,high_risk,risk,approved_on_validation,우선 점검 후보
2023-01-16,AST-4055,A2,6,8.145606354831664,0.2310916317595087,0.1645876343511532,MRO-10045;MRO-10046;MRO-10047,MRO-10045;MRO-10046;MRO-10047,Screw Compressor,DHR-03,train,12,risk,risk,approved_on_validation,우선 점검 후보
2023-01-16,AST-4061,A2,0,6.9368309355430915,0.1531047004525407,0.1017314484443309,MRO-10045;MRO-10046;MRO-50009,MRO-10045;MRO-10046;MRO-50009,Screw Compressor,DHR-03,train,12,normal,risk,approved_on_validation,우선 점검 후보
2023-01-16,AST-5003,A2,10,8.316757893877517,0.2424226031196999,0.1751853511766412,MRO-10045;MRO-10046;MRO-10047,MRO-10045;MRO-10046;MRO-10047,EOT Crane,DHR-03,train,12,risk,risk,approved_on_validation,우선 점검 후보
2023-01-16,AST-5007,A2,7,6.127097424143834,0.1035572289471837,0.0658215385673185,MRO-40021;MRO-50008;MRO-80002,MRO-10047;MRO-10045;MRO-10046,EOT Crane,PUN-01,train,12,risk,risk,approved_on_validation,우선 점검 후보
2023-01-17,AST-1041,A2,15,7.9211044212277,0.2160652919070348,0.1520118485842782,MRO-10047;MRO-10045;MRO-50009,MRO-10047;MRO-10045;MRO-50009,CNC Lathe,PUN-01,train,12,high_risk,risk,approved_on_validation,우선 점검 후보
2023-01-17,AST-1042,A2,2,6.946925433815809,0.1538021050974093,0.1019198443848315,MRO-20031;MRO-80001;MRO-10046,MRO-20031;MRO-80001;MRO-10046,CNC Lathe,PUN-01,train,12,caution,risk,approved_on_validation,우선 점검 후보
2023-01-17,AST-2017,A2,7,7.455409800160138,0.1825075158466661,0.1264377003201095,MRO-10045;MRO-20031;MRO-10047,MRO-10045;MRO-20031;MRO-10047,Hydraulic Press,PUN-01,train,12,risk,risk,approved_on_validation,우선 점검 후보
2023-01-17,AST-2031,A2,1,6.937779318245653,0.1500922741740943,0.1024137314595881,MRO-20032;MRO-50009;MRO-10045,MRO-50009;MRO-10045;MRO-10046,Hydraulic Press,CHN-02,train,12,caution,risk,approved_on_validation,우선 점검 후보
2023-01-17,AST-3008,A2,10,7.845408248187341,0.2121241444779971,0.1465577130695568,MRO-50009;MRO-10047;MRO-10045,MRO-50009;MRO-10047;MRO-10045,Belt Conveyor,CHN-02,train,12,risk,risk,approved_on_validation,우선 점검 후보
2023-01-17,AST-3019,A2,7,5.600342246651102,0.0840341966012953,0.050596777588007,MRO-20031;MRO-10047;MRO-50009,MRO-20031;MRO-10047;MRO-50009,Belt Conveyor,CHN-02,train,12,risk,caution,approved_on_validation,우선 점검 후보
2023-01-17,AST-4055,A2,3,8.411483884176953,0.2462295577918454,0.1812454238356124,MRO-10045;MRO-10047;MRO-10046,MRO-10045;MRO-10047;MRO-10046,Screw Compressor,DHR-03,train,12,caution,risk,approved_on_validation,우선 점검 후보
2023-01-17,AST-4061,A2,8,7.266230806757124,0.1716769719641222,0.1164979190073671,MRO-10045;MRO-10046;MRO-10047,MRO-10045;MRO-10046;MRO-10047,Screw Compressor,DHR-03,train,12,risk,risk,approved_on_validation,우선 점검 후보
2023-01-17,AST-5003,A2,8,8.005656986289061,0.2191825607820887,0.1544593475870378,MRO-40022;MRO-10046;MRO-20031,MRO-10046;MRO-20031;MRO-10045,EOT Crane,DHR-03,train,12,risk,risk,approved_on_validation,우선 점검 후보
2023-01-17,AST-5007,A2,3,5.7544421690190966,0.088991749211767,0.055142616257128,MRO-50009;MRO-10047;MRO-10045,MRO-50009;MRO-10047;MRO-10045,EOT Crane,PUN-01,train,12,caution,caution,approved_on_validation,우선 점검 후보
2023-01-18,AST-1041,A2,4,7.536558121956187,0.1909299403973799,0.1311725632725994,MRO-10046;MRO-50009;MRO-20031,MRO-10046;MRO-50009;MRO-20031,CNC Lathe,PUN-01,train,12,caution,risk,approved_on_validation,우선 점검 후보
2023-01-18,AST-1042,A2,8,7.071257316674747,0.1621912749114509,0.1081761558616709,MRO-20031;MRO-80001;MRO-10046,MRO-20031;MRO-80001;MRO-10046,CNC Lathe,PUN-01,train,12,risk,risk,approved_on_validation,우선 점검 후보
2023-01-18,AST-2017,A2,2,7.860558851405428,0.2131652944303046,0.1484810268450899,MRO-10047;MRO-80001;MRO-20031,MRO-10047;MRO-80001;MRO-20031,Hydraulic Press,PUN-01,train,12,caution,risk,approved_on_validation,우선 점검 후보
2023-01-18,AST-2031,A2,8,7.912242535752779,0.2139224974331749,0.152423016916306,MRO-10047;MRO-80001;MRO-10045,MRO-10047;MRO-80001;MRO-10045,Hydraulic Press,CHN-02,train,12,risk,risk,approved_on_validation,우선 점검 후보
2023-01-18,AST-3008,A2,4,6.5168404317096,0.12611866071383,0.0818465020147939,MRO-10045;MRO-80001;MRO-30011,MRO-10045;MRO-80001;MRO-50009,Belt Conveyor,CHN-02,train,12,caution,risk,approved_on_validation,우선 점검 후보
2023-01-18,AST-3019,A2,7,5.659538746750191,0.0853983823423121,0.0522905270808263,MRO-10046;MRO-80001;MRO-10047,MRO-10046;MRO-80001;MRO-10047,Belt Conveyor,CHN-02,train,12,risk,caution,approved_on_validation,우선 점검 후보
2023-01-18,AST-4055,A2,8,8.420902506005602,0.2492961261073057,0.1806954613704031,MRO-10047;MRO-20031;MRO-10045,MRO-10047;MRO-20031;MRO-10045,Screw Compressor,DHR-03,train,12,risk,risk,approved_on_validation,우선 점검 후보
2023-01-18,AST-4061,A2,8,7.036335239809327,0.1589330146084466,0.1059825832661521,MRO-10045;MRO-10046;MRO-10047,MRO-10045;MRO-10046;MRO-10047,Screw Compressor,DHR-03,train,12,risk,risk,approved_on_validation,우선 점검 후보
2023-01-18,AST-5003,A2,5,8.290502172776028,0.2369696417320111,0.1723803883498818,MRO-50008;MRO-80001;MRO-80002,MRO-80001;MRO-20031;MRO-10045,EOT Crane,DHR-03,train,12,caution,risk,approved_on_validation,우선 점검 후보
2023-01-18,AST-5007,A2,9,5.739611997147349,0.0879436139135518,0.0549353570371826,MRO-10047;MRO-20031;MRO-10045,MRO-10047;MRO-20031;MRO-10045,EOT Crane,PUN-01,train,12,risk,caution,approved_on_validation,우선 점검 후보
2023-01-19,AST-1041,A2,6,7.449213138643372,0.1843713321919654,0.1261159551810773,MRO-20031;MRO-10046;MRO-10047,MRO-20031;MRO-10046;MRO-10047,CNC Lathe,PUN-01,train,12,risk,risk,approved_on_validation,우선 점검 후보
2023-01-19,AST-1042,A2,12,6.895566728613618,0.1520304835722425,0.1005215327043765,MRO-80001;MRO-10045;MRO-20031,MRO-80001;MRO-10045;MRO-20031,CNC Lathe,PUN-01,train,12,high_risk,risk,approved_on_validation,우선 점검 후보
2023-01-19,AST-2017,A2,9,8.709153110298002,0.2705708212858314,0.1998631367763399,MRO-50009;MRO-10045;MRO-10047,MRO-50009;MRO-10045;MRO-10047,Hydraulic Press,PUN-01,train,12,risk,risk,approved_on_validation,우선 점검 후보
2023-01-19,AST-2031,A2,11,8.230568123189583,0.2350113627347125,0.170694133098436,MRO-10045;MRO-80001;MRO-10047,MRO-10045;MRO-80001;MRO-10047,Hydraulic Press,CHN-02,train,12,risk,risk,approved_on_validation,우선 점검 후보
2023-01-19,AST-3008,A2,11,8.052199353441122,0.228739011848163,0.1594729784425424,MRO-10045;MRO-10047;MRO-50009,MRO-10045;MRO-10047;MRO-50009,Belt Conveyor,CHN-02,train,12,risk,risk,approved_on_validation,우선 점검 후보
2023-01-19,AST-3019,A2,0,6.06821076372278,0.106759895894422,0.0665276567577338,MRO-10045;MRO-20031;MRO-50009,MRO-10045;MRO-20031;MRO-50009,Belt Conveyor,CHN-02,train,12,normal,risk,approved_on_validation,우선 점검 후보
2023-01-19,AST-4055,A2,5,8.705275823369515,0.2671613740274191,0.1977272293680414,MRO-40022;MRO-50009;MRO-80001,MRO-50009;MRO-80001;MRO-10045,Screw Compressor,DHR-03,train,12,caution,risk,approved_on_validation,우선 점검 후보
2023-01-19,AST-4061,A2,20,8.169280992988744,0.2312478605319882,0.1635828201782016,MRO-10045;MRO-10046;MRO-20031,MRO-10045;MRO-10046;MRO-20031,Screw Compressor,DHR-03,train,12,high_risk,risk,approved_on_validation,우선 점검 후보
2023-01-19,AST-5003,A2,6,8.234422640719727,0.2364629162149685,0.1697866486118032,MRO-20031;MRO-10046;MRO-10045,MRO-20031;MRO-10046;MRO-10045,EOT Crane,DHR-03,train,12,risk,risk,approved_on_validation,우선 점검 후보
2023-01-19,AST-5007,A2,4,5.584789396757137,0.081424262621742,0.0499628892398781,MRO-20031;MRO-10047;MRO-10045,MRO-20031;MRO-10047;MRO-10045,EOT Crane,PUN-01,train,12,caution,caution,approved_on_validation,우선 점검 후보
2023-01-20,AST-1041,A2,6,7.023528813507079,0.156583402750871,0.1053810769130258,MRO-10047;MRO-80001;MRO-10046,MRO-10047;MRO-80001;MRO-10046,CNC Lathe,PUN-01,train,12,risk,risk,approved_on_validation,우선 점검 후보
2023-01-20,AST-1042,A2,10,6.932209232972152,0.1549206702377129,0.101974432212231,MRO-50009;MRO-10047;MRO-80001,MRO-50009;MRO-10047;MRO-80001,CNC Lathe,PUN-01,train,12,risk,risk,approved_on_validation,우선 점검 후보
2023-01-20,AST-2017,A2,20,8.738794521237727,0.2738306835697766,0.2018062562462049,MRO-10045;MRO-10047;MRO-10046,MRO-10045;MRO-10047;MRO-10046,Hydraulic Press,PUN-01,train,12,high_risk,risk,approved_on_validation,우선 점검 후보
2023-01-20,AST-2031,A2,16,10.407977932899035,0.3992465420430794,0.3176376968932796,MRO-10046;MRO-10045;MRO-10047,MRO-10046;MRO-10045;MRO-10047,Hydraulic Press,CHN-02,train,12,high_risk,risk,approved_on_validation,우선 점검 후보
2023-01-20,AST-3008,A2,11,7.46028521399806,0.1841515974951426,0.1251927603781789,MRO-40022;MRO-10045;MRO-10046,MRO-10045;MRO-10046;MRO-10047,Belt Conveyor,CHN-02,train,12,risk,risk,approved_on_validation,우선 점검 후보
2023-01-20,AST-3019,A2,17,6.060747144873703,0.1056225942980023,0.0664842480859456,MRO-10045;MRO-20031;MRO-50009,MRO-10045;MRO-20031;MRO-50009,Belt Conveyor,CHN-02,train,12,high_risk,risk,approved_on_validation,우선 점검 후보
2023-01-20,AST-4055,A2,8,8.649614823511302,0.2662059226749036,0.194965685273442,MRO-10047;MRO-10046;MRO-80001,MRO-10047;MRO-10046;MRO-80001,Screw Compressor,DHR-03,train,12,risk,risk,approved_on_validation,우선 점검 후보
2023-01-20,AST-4061,A2,10,7.631226852300058,0.1966371300928801,0.1361041977469894,MRO-10045;MRO-10046;MRO-50009,MRO-10045;MRO-10046;MRO-50009,Screw Compressor,DHR-03,train,12,risk,risk,approved_on_validation,우선 점검 후보
2023-01-20,AST-5003,A2,1,8.944855253378542,0.2840436187084577,0.214305829427407,MRO-40021;MRO-10046;MRO-70005,MRO-10046;MRO-50009;MRO-10045,EOT Crane,DHR-03,train,12,caution,risk,approved_on_validation,우선 점검 후보
2023-01-20,AST-5007,A2,13,6.346324900816952,0.1210735529709843,0.0776264096737568,MRO-50009;MRO-10047;MRO-20031,MRO-50009;MRO-10047;MRO-20031,EOT Crane,PUN-01,train,12,high_risk,risk,approved_on_validation,우선 점검 후보
2023-01-21,AST-1041,A2,0,0.003365714318708,6.6407142389886706e-12,7.522940922165423e-15,MRO-70005;MRO-10046;MRO-10047,MRO-10046;MRO-10047;MRO-20031,CNC Lathe,PUN-01,train,12,normal,normal,approved_on_validation,우선 점검 후보
2023-01-21,AST-1042,A2,0,0.0032395469132674,6.298877428652201e-12,6.444107649962426e-15,MRO-80002;MRO-10046;MRO-10045,MRO-10046;MRO-10045;MRO-20031,CNC Lathe,PUN-01,train,12,normal,normal,approved_on_validation,우선 점검 후보
2023-01-21,AST-2017,A2,0,0.0033382205750582,7.661764196939176e-12,7.849695066042284e-15,MRO-90012;MRO-20031;MRO-10047,MRO-20031;MRO-10047;MRO-10045,Hydraulic Press,PUN-01,train,12,normal,normal,approved_on_validation,우선 점검 후보
2023-01-21,AST-2031,A2,0,0.003235197400929,6.599262705580641e-12,6.656719953586441e-15,MRO-10047;MRO-10045;MRO-20031,MRO-10047;MRO-10045;MRO-20031,Hydraulic Press,CHN-02,train,12,normal,normal,approved_on_validation,우선 점검 후보
2023-01-21,AST-3008,A2,0,0.0031023077385589,5.969981065152761e-12,5.751545625560114e-15,MRO-70004;MRO-10046;MRO-10047,MRO-10046;MRO-10047;MRO-20031,Belt Conveyor,CHN-02,train,12,normal,normal,approved_on_validation,우선 점검 후보
2023-01-21,AST-3019,A2,0,0.0031937465118402,6.163632168651018e-12,6.191651562790533e-15,MRO-20033;MRO-40021;MRO-50008,MRO-20031;MRO-10046;MRO-10047,Belt Conveyor,CHN-02,train,12,normal,normal,approved_on_validation,우선 점검 후보
2023-01-21,AST-4055,A2,0,0.0033463600848635,6.540447015353544e-12,6.9812345628637954e-15,MRO-60016;MRO-20031;MRO-60015,MRO-20031;MRO-10045;MRO-10046,Screw Compressor,DHR-03,train,12,normal,normal,approved_on_validation,우선 점검 후보
2023-01-21,AST-4061,A2,0,0.0032322237916282,6.600530870132185e-12,6.6323325053613896e-15,MRO-10045;MRO-50009;MRO-80001,MRO-10045;MRO-50009;MRO-80001,Screw Compressor,DHR-03,train,12,normal,normal,approved_on_validation,우선 점검 후보
2023-01-21,AST-5003,A2,0,0.0033208572668167,6.467073558506537e-12,7.204836114472338e-15,MRO-70005;MRO-20031;MRO-10045,MRO-20031;MRO-10045;MRO-10047,EOT Crane,DHR-03,train,12,normal,normal,approved_on_validation,우선 점검 후보
2023-01-21,AST-5007,A2,0,0.0033718129810741,7.185345157919209e-12,7.863712865528646e-15,MRO-70005;MRO-20031;MRO-50009,MRO-20031;MRO-50009;MRO-80001,EOT Crane,PUN-01,train,12,normal,normal,approved_on_validation,우선 점검 후보
2023-01-22,AST-1041,A2,0,0.0032473922733668,6.673702031906591e-12,6.747055473755298e-15,MRO-10045;MRO-10046;MRO-10047,MRO-10045;MRO-10046;MRO-10047,CNC Lathe,PUN-01,train,12,normal,normal,approved_on_validation,우선 점검 후보
2023-01-22,AST-1042,A2,0,0.003240721684661,6.60633558716835e-12,6.684893595308804e-15,MRO-10045;MRO-10047;MRO-20031,MRO-10045;MRO-10047;MRO-20031,CNC Lathe,PUN-01,train,12,normal,normal,approved_on_validation,우선 점검 후보
2023-01-22,AST-2017,A2,0,0.003237715561114,6.556874855964387e-12,6.6350597205944834e-15,MRO-10046;MRO-20031;MRO-30011,MRO-10046;MRO-20031;MRO-10047,Hydraulic Press,PUN-01,train,12,normal,normal,approved_on_validation,우선 점검 후보
2023-01-22,AST-2031,A2,0,0.0032462842711548,6.73335644496279e-12,6.795864844537025e-15,MRO-10047;MRO-10045;MRO-20031,MRO-10047;MRO-10045;MRO-20031,Hydraulic Press,CHN-02,train,12,normal,normal,approved_on_validation,우선 점검 후보
2023-01-22,AST-3008,A2,0,0.0033513427901673,6.5892832794324795e-12,7.411848657181809e-15,MRO-70004;MRO-90012;MRO-70005,MRO-10045;MRO-10046;MRO-10047,Belt Conveyor,CHN-02,train,12,normal,normal,approved_on_validation,우선 점검 후보
2023-01-22,AST-3019,A2,0,0.0033503044972564,8.075214095941774e-12,8.132268176194134e-15,MRO-10045;MRO-70005;MRO-10046,MRO-10045;MRO-10046;MRO-10047,Belt Conveyor,CHN-02,train,12,normal,normal,approved_on_validation,우선 점검 후보
2023-01-22,AST-4055,A2,0,0.0032661045195918,6.694591932971439e-12,6.846625967289061e-15,MRO-60015;MRO-10045;MRO-10046,MRO-10045;MRO-10046;MRO-10047,Screw Compressor,DHR-03,train,12,normal,normal,approved_on_validation,우선 점검 후보
2023-01-22,AST-4061,A2,0,0.0032471345316218,6.667870199941637e-12,6.745941694373611e-15,MRO-10045;MRO-10047;MRO-20031,MRO-10045;MRO-10047;MRO-20031,Screw Compressor,DHR-03,train,12,normal,normal,approved_on_validation,우선 점검 후보
2023-01-22,AST-5003,A2,0,0.0033550057873596,6.380554210308999e-12,7.367810250912785e-15,MRO-70005;MRO-70004;MRO-20031,MRO-20031;MRO-10045;MRO-10047,EOT Crane,DHR-03,train,12,normal,normal,approved_on_validation,우선 점검 후보
2023-01-22,AST-5007,A2,0,0.0032451251391932,6.680217179914978e-12,6.7313625253778606e-15,MRO-10045;MRO-10046;MRO-10047,MRO-10045;MRO-10046;MRO-10047,EOT Crane,PUN-01,train,12,normal,normal,approved_on_validation,우선 점검 후보
2023-01-23,AST-1041,A2,14,7.662385379555194,0.1996536275567849,0.1374811861850352,MRO-80001;MRO-10047;MRO-10045,MRO-80001;MRO-10047;MRO-10045,CNC Lathe,PUN-01,train,12,high_risk,risk,approved_on_validation,우선 점검 후보
2023-01-23,AST-1042,A2,3,6.670076445609008,0.1376344119245998,0.0895738158849832,MRO-30011;MRO-10045;MRO-20031,MRO-10045;MRO-20031;MRO-10047,CNC Lathe,PUN-01,train,12,caution,risk,approved_on_validation,우선 점검 후보
2023-01-23,AST-2017,A2,0,7.836268711885869,0.2106604305166716,0.1476490172474203,MRO-10047;MRO-10045;MRO-50009,MRO-10047;MRO-10045;MRO-50009,Hydraulic Press,PUN-01,train,12,normal,risk,approved_on_validation,우선 점검 후보
2023-01-23,AST-2031,A2,8,7.884213883092877,0.2086310241367086,0.1513647171999298,MRO-20032;MRO-80001;MRO-10047,MRO-80001;MRO-10047;MRO-10045,Hydraulic Press,CHN-02,train,12,risk,risk,approved_on_validation,우선 점검 후보
2023-01-23,AST-3008,A2,1,6.386359236169766,0.1199399796587991,0.0787888206177384,MRO-90012;MRO-80001;MRO-10045,MRO-80001;MRO-10045;MRO-50009,Belt Conveyor,CHN-02,train,12,caution,risk,approved_on_validation,우선 점검 후보
2023-01-23,AST-3019,A2,20,7.359446882630003,0.172377356526601,0.1215965563235602,MRO-70005;MRO-10047;MRO-50009,MRO-10047;MRO-50009;MRO-80001,Belt Conveyor,CHN-02,train,12,high_risk,risk,approved_on_validation,우선 점검 후보
2023-01-23,AST-4055,A2,6,8.409146240685176,0.24624681120058,0.1807228770885364,MRO-10047;MRO-20031;MRO-80001,MRO-10047;MRO-20031;MRO-80001,Screw Compressor,DHR-03,train,12,risk,risk,approved_on_validation,우선 점검 후보
2023-01-23,AST-4061,A2,2,6.884615669864745,0.1486878182157637,0.0989329208255494,MRO-80001;MRO-50009;MRO-10046,MRO-80001;MRO-50009;MRO-10046,Screw Compressor,DHR-03,train,12,caution,risk,approved_on_validation,우선 점검 후보
2023-01-23,AST-5003,A2,8,8.389818208911667,0.2472795548718157,0.1792745111439247,MRO-10047;MRO-10045;MRO-20031,MRO-10047;MRO-10045;MRO-20031,EOT Crane,DHR-03,train,12,risk,risk,approved_on_validation,우선 점검 후보
2023-01-23,AST-5007,A2,4,6.235231953358085,0.112786317076233,0.0724869002465883,MRO-10045;MRO-20031;MRO-10047,MRO-10045;MRO-20031;MRO-10047,EOT Crane,PUN-01,train,12,caution,risk,approved_on_validation,우선 점검 후보
2023-01-24,AST-1041,A2,5,7.4778928593034335,0.1880514431590974,0.1283203438957632,MRO-80001;MRO-20031;MRO-50009,MRO-80001;MRO-20031;MRO-50009,CNC Lathe,PUN-01,train,12,caution,risk,approved_on_validation,우선 점검 후보
2023-01-24,AST-1042,A2,5,6.733956699571739,0.1421733921985,0.0933299501140807,MRO-50009;MRO-10046;MRO-10047,MRO-50009;MRO-10046;MRO-10047,CNC Lathe,PUN-01,train,12,caution,risk,approved_on_validation,우선 점검 후보
2023-01-24,AST-2017,A2,13,8.250897789095832,0.2379156479396934,0.1704482803714001,MRO-50009;MRO-10045;MRO-10047,MRO-50009;MRO-10045;MRO-10047,Hydraulic Press,PUN-01,train,12,high_risk,risk,approved_on_validation,우선 점검 후보
2023-01-24,AST-2031,A2,6,7.820528970179241,0.2082954925682024,0.147006523814951,MRO-10046;MRO-10047;MRO-80001,MRO-10046;MRO-10047;MRO-80001,Hydraulic Press,CHN-02,train,12,risk,risk,approved_on_validation,우선 점검 후보
2023-01-24,AST-3008,A2,4,7.114551304613002,0.1620042268321883,0.1094243472736962,MRO-40022;MRO-10045;MRO-80001,MRO-10045;MRO-80001;MRO-50009,Belt Conveyor,CHN-02,train,12,caution,risk,approved_on_validation,우선 점검 후보
2023-01-24,AST-3019,A2,4,5.855828728654076,0.0962346760670826,0.0594685997057874,MRO-10047;MRO-10046;MRO-20031,MRO-10047;MRO-10046;MRO-20031,Belt Conveyor,CHN-02,train,12,caution,risk,approved_on_validation,우선 점검 후보
2023-01-24,AST-4055,A2,9,8.411753665090957,0.2489775954606411,0.1818493404424019,MRO-20031;MRO-80001;MRO-10046,MRO-20031;MRO-80001;MRO-10046,Screw Compressor,DHR-03,train,12,risk,risk,approved_on_validation,우선 점검 후보
2023-01-24,AST-4061,A2,10,6.68850994600567,0.1404706761302213,0.0909453519244704,MRO-10046;MRO-10045;MRO-10047,MRO-10046;MRO-10045;MRO-10047,Screw Compressor,DHR-03,train,12,risk,risk,approved_on_validation,우선 점검 후보
2023-01-24,AST-5003,A2,3,8.09315986794567,0.214641983423391,0.1604843926538836,MRO-70005;MRO-10046;MRO-20032,MRO-10046;MRO-10047;MRO-50009,EOT Crane,DHR-03,train,12,caution,risk,approved_on_validation,우선 점검 후보
2023-01-24,AST-5007,A2,10,6.482980284366049,0.1247982061586018,0.082836136094113,MRO-10045;MRO-10047;MRO-20031,MRO-10045;MRO-10047;MRO-20031,EOT Crane,PUN-01,train,12,risk,risk,approved_on_validation,우선 점검 후보
2023-01-25,AST-1041,A2,4,6.847612540118969,0.1485806932079288,0.0966804271382663,MRO-10047;MRO-20031;MRO-50009,MRO-10047;MRO-20031;MRO-50009,CNC Lathe,PUN-01,train,12,caution,risk,approved_on_validation,우선 점검 후보
2023-01-25,AST-1042,A2,4,6.6534894968277785,0.1378593615762741,0.089519477138945,MRO-50009;MRO-10047;MRO-80001,MRO-50009;MRO-10047;MRO-80001,CNC Lathe,PUN-01,train,12,caution,risk,approved_on_validation,우선 점검 후보
2023-01-25,AST-2017,A2,6,8.40849659203622,0.2484205583651376,0.1807990616623243,MRO-50009;MRO-80001;MRO-10045,MRO-50009;MRO-80001;MRO-10045,Hydraulic Press,PUN-01,train,12,risk,risk,approved_on_validation,우선 점검 후보
2023-01-25,AST-2031,A2,9,7.917601749056376,0.2149287175068259,0.151918145029304,MRO-20031;MRO-10046;MRO-80001,MRO-20031;MRO-10046;MRO-80001,Hydraulic Press,CHN-02,train,12,risk,risk,approved_on_validation,우선 점검 후보
2023-01-25,AST-3008,A2,9,7.007405051907567,0.1550248169960389,0.1049060615843236,MRO-10045;MRO-50009;MRO-80001,MRO-10045;MRO-50009;MRO-80001,Belt Conveyor,CHN-02,train,12,risk,risk,approved_on_validation,우선 점검 후보
2023-01-25,AST-3019,A2,4,5.289842235162152,0.070255828047938,0.041227435428422,MRO-10047;MRO-50009;MRO-20031,MRO-10047;MRO-50009;MRO-20031,Belt Conveyor,CHN-02,train,12,caution,caution,approved_on_validation,우선 점검 후보
2023-01-25,AST-4055,A2,12,8.404028654010999,0.2476559339026998,0.1797363357062255,MRO-40022;MRO-20031;MRO-80001,MRO-20031;MRO-80001;MRO-10047,Screw Compressor,DHR-03,train,12,high_risk,risk,approved_on_validation,우선 점검 후보
2023-01-25,AST-4061,A2,2,6.589245375570658,0.1313406743660001,0.0863213456510106,MRO-10046;MRO-20031;MRO-80001,MRO-10046;MRO-20031;MRO-80001,Screw Compressor,DHR-03,train,12,caution,risk,approved_on_validation,우선 점검 후보
2023-01-25,AST-5003,A2,10,8.069497086492554,0.2248908333134535,0.1603528639790065,MRO-10047;MRO-10045;MRO-50009,MRO-10047;MRO-10045;MRO-50009,EOT Crane,DHR-03,train,12,risk,risk,approved_on_validation,우선 점검 후보
2023-01-25,AST-5007,A2,10,6.440335500461778,0.1215938923828345,0.0801608413166737,MRO-10045;MRO-20032;MRO-50009,MRO-10045;MRO-50009;MRO-10047,EOT Crane,PUN-01,train,12,risk,risk,approved_on_validation,우선 점검 후보
2023-01-26,AST-1041,A2,4,7.006020925811087,0.1553023835554454,0.1050449883864985,MRO-10046;MRO-10045;MRO-10047,MRO-10046;MRO-10045;MRO-10047,CNC Lathe,PUN-01,train,12,caution,risk,approved_on_validation,우선 점검 후보
2023-01-26,AST-1042,A2,8,6.899516305981965,0.1521982340101403,0.100689420397548,MRO-10047;MRO-50009;MRO-80001,MRO-10047;MRO-50009;MRO-80001,CNC Lathe,PUN-01,train,12,risk,risk,approved_on_validation,우선 점검 후보
2023-01-26,AST-2017,A2,8,8.779510668300304,0.2769125340720464,0.2041030546477145,MRO-10045;MRO-10047;MRO-80001,MRO-10045;MRO-10047;MRO-80001,Hydraulic Press,PUN-01,train,12,risk,risk,approved_on_validation,우선 점검 후보
2023-01-26,AST-2031,A2,6,7.635603512194802,0.1956746801722958,0.1369313127501598,MRO-10047;MRO-10045;MRO-50009,MRO-10047;MRO-10045;MRO-50009,Hydraulic Press,CHN-02,train,12,risk,risk,approved_on_validation,우선 점검 후보
2023-01-26,AST-3008,A2,10,6.812869812864308,0.1443773850578324,0.0957872960237304,MRO-50009;MRO-30012;MRO-80001,MRO-50009;MRO-80001;MRO-10046,Belt Conveyor,CHN-02,train,12,risk,risk,approved_on_validation,우선 점검 후보
2023-01-26,AST-3019,A2,8,5.475783669025776,0.0789643016235755,0.0468514687022049,MRO-10047;MRO-20031;MRO-80001,MRO-10047;MRO-20031;MRO-80001,Belt Conveyor,CHN-02,train,12,risk,caution,approved_on_validation,우선 점검 후보
2023-01-26,AST-4055,A2,2,8.584041843843103,0.2615016993955256,0.1912263981066828,MRO-20031;MRO-10046;MRO-10047,MRO-20031;MRO-10046;MRO-10047,Screw Compressor,DHR-03,train,12,caution,risk,approved_on_validation,우선 점검 후보
2023-01-26,AST-4061,A2,5,6.560867408914353,0.1303037769927866,0.0859204974249045,MRO-20031;MRO-10047;MRO-50009,MRO-20031;MRO-10047;MRO-50009,Screw Compressor,DHR-03,train,12,caution,risk,approved_on_validation,우선 점검 후보
2023-01-26,AST-5003,A2,6,8.353772974810932,0.242757849515142,0.1775149223502197,MRO-10045;MRO-50009;MRO-70005,MRO-10045;MRO-50009;MRO-20031,EOT Crane,DHR-03,train,12,risk,risk,approved_on_validation,우선 점검 후보
2023-01-26,AST-5007,A2,6,5.7300127935251535,0.0880199144657797,0.0539802903796576,MRO-20031;MRO-10047;MRO-10046,MRO-20031;MRO-10047;MRO-10046,EOT Crane,PUN-01,train,12,risk,caution,approved_on_validation,우선 점검 후보
2023-01-27,AST-1041,A2,2,7.182454399687373,0.1681138496991544,0.1134807210908263,MRO-20031;MRO-50009;MRO-10045,MRO-20031;MRO-50009;MRO-10045,CNC Lathe,PUN-01,train,12,caution,risk,approved_on_validation,우선 점검 후보
2023-01-27,AST-1042,A2,1,8.275797545173033,0.231533715102185,0.1731214862952383,MRO-70004;MRO-80001;MRO-10045,MRO-80001;MRO-10045;MRO-20031,CNC Lathe,PUN-01,train,12,caution,risk,approved_on_validation,우선 점검 후보
2023-01-27,AST-2017,A2,3,8.372797216413147,0.2462713774818062,0.1788684850419988,MRO-20031;MRO-10045;MRO-10047,MRO-20031;MRO-10045;MRO-10047,Hydraulic Press,PUN-01,train,12,caution,risk,approved_on_validation,우선 점검 후보
2023-01-27,AST-2031,A2,6,6.80361414129419,0.144948080836292,0.096029383680207,MRO-80001;MRO-10046;MRO-10045,MRO-80001;MRO-10046;MRO-10045,Hydraulic Press,CHN-02,train,12,risk,risk,approved_on_validation,우선 점검 후보
2023-01-27,AST-3008,A2,6,7.170894287110291,0.1656245649765313,0.1124128273931635,MRO-10046;MRO-80001;MRO-20031,MRO-10046;MRO-80001;MRO-20031,Belt Conveyor,CHN-02,train,12,risk,risk,approved_on_validation,우선 점검 후보
2023-01-27,AST-3019,A2,7,5.878493984549551,0.0991235827181302,0.060565591243472,MRO-80001;MRO-10047;MRO-20031,MRO-80001;MRO-10047;MRO-20031,Belt Conveyor,CHN-02,train,12,risk,risk,approved_on_validation,우선 점검 후보
2023-01-27,AST-4055,A2,13,8.901506294796622,0.2839754130666554,0.2118011223879299,MRO-20031;MRO-10047;MRO-10045,MRO-20031;MRO-10047;MRO-10045,Screw Compressor,DHR-03,train,12,high_risk,risk,approved_on_validation,우선 점검 후보
2023-01-27,AST-4061,A2,8,7.329044578495402,0.1757243433311032,0.1196814020219974,MRO-10046;MRO-50009;MRO-20031,MRO-10046;MRO-50009;MRO-20031,Screw Compressor,DHR-03,train,12,risk,risk,approved_on_validation,우선 점검 후보
2023-01-27,AST-5003,A2,7,8.060231936109426,0.2227962667497666,0.1604817665390298,MRO-10046;MRO-10045;MRO-20031,MRO-10046;MRO-10045;MRO-20031,EOT Crane,DHR-03,train,12,risk,risk,approved_on_validation,우선 점검 후보
2023-01-27,AST-5007,A2,2,5.645016249420557,0.083730523369693,0.0519972273921034,MRO-10047;MRO-20031;MRO-80001,MRO-10047;MRO-20031;MRO-80001,EOT Crane,PUN-01,train,12,caution,caution,approved_on_validation,우선 점검 후보
2023-01-28,AST-1041,A2,0,0.0032525070463303,6.703889879077398e-12,6.7980965115907305e-15,MRO-10045;MRO-10046;MRO-10047,MRO-10045;MRO-10046;MRO-10047,CNC Lathe,PUN-01,train,12,normal,normal,approved_on_validation,우선 점검 후보
2023-01-28,AST-1042,A2,0,0.0032381304153469,6.613339180405726e-12,6.6720795603966584e-15,MRO-10045;MRO-10046;MRO-10047,MRO-10045;MRO-10046;MRO-10047,CNC Lathe,PUN-01,train,12,normal,normal,approved_on_validation,우선 점검 후보
2023-01-28,AST-2017,A2,0,0.003227540964438,6.4908456562820864e-12,6.555994837890644e-15,MRO-70005;MRO-10046;MRO-50009,MRO-10046;MRO-50009;MRO-80001,Hydraulic Press,PUN-01,train,12,normal,normal,approved_on_validation,우선 점검 후보
2023-01-28,AST-2031,A2,0,0.0032797555081782,7.293810602831984e-12,7.323366813364737e-15,MRO-20031;MRO-50009;MRO-30012,MRO-20031;MRO-50009;MRO-10047,Hydraulic Press,CHN-02,train,12,normal,normal,approved_on_validation,우선 점검 후보
2023-01-28,AST-3008,A2,0,0.0031831449192974,6.163289832514056e-12,6.2170407988309085e-15,MRO-70004;MRO-10045;MRO-10046,MRO-10045;MRO-10046;MRO-10047,Belt Conveyor,CHN-02,train,12,normal,normal,approved_on_validation,우선 점검 후보
2023-01-28,AST-3019,A2,0,0.0034333066615799,8.678264278167497e-12,8.943716514457409e-15,MRO-10045;MRO-60016;MRO-20031,MRO-10045;MRO-20031;MRO-50009,Belt Conveyor,CHN-02,train,12,normal,normal,approved_on_validation,우선 점검 후보
2023-01-28,AST-4055,A2,0,0.0031796779684678,6.2328254639081785e-12,6.16824366596032e-15,MRO-10046;MRO-10045;MRO-20031,MRO-10046;MRO-10045;MRO-20031,Screw Compressor,DHR-03,train,12,normal,normal,approved_on_validation,우선 점검 후보
2023-01-28,AST-4061,A2,0,0.0032714464752886,6.618245771247486e-12,6.81598506844806e-15,MRO-30012;MRO-50008;MRO-60016,MRO-10046;MRO-10047;MRO-50009,Screw Compressor,DHR-03,train,12,normal,normal,approved_on_validation,우선 점검 후보
2023-01-28,AST-5003,A2,0,0.0032872255880463,6.146987936546415e-12,6.4749423363186384e-15,MRO-80002;MRO-70005;MRO-80001,MRO-80001;MRO-10045;MRO-10047,EOT Crane,DHR-03,train,12,normal,normal,approved_on_validation,우선 점검 후보
2023-01-28,AST-5007,A2,0,0.0032364893245294,6.6133303229542356e-12,6.662712127307821e-15,MRO-10045;MRO-10046;MRO-10047,MRO-10045;MRO-10046;MRO-10047,EOT Crane,PUN-01,train,12,normal,normal,approved_on_validation,우선 점검 후보
2023-01-29,AST-1041,A2,0,0.0031488320314978,5.8382168341856144e-12,5.8035469324398955e-15,MRO-70005;MRO-60015;MRO-10046,MRO-10046;MRO-10047;MRO-20031,CNC Lathe,PUN-01,train,12,normal,normal,approved_on_validation,우선 점검 후보
2023-01-29,AST-1042,A2,0,0.0032420514248659,6.6203661589422136e-12,6.699402044925861e-15,MRO-10045;MRO-10046;MRO-10047,MRO-10045;MRO-10046;MRO-10047,CNC Lathe,PUN-01,train,12,normal,normal,approved_on_validation,우선 점검 후보
2023-01-29,AST-2017,A2,0,0.003174640026777,6.1908752367801195e-12,6.1501089282446435e-15,MRO-70005;MRO-90012;MRO-10046,MRO-10046;MRO-20031;MRO-50009,Hydraulic Press,PUN-01,train,12,normal,normal,approved_on_validation,우선 점검 후보
2023-01-29,AST-2031,A2,0,0.0032468496047694,6.698113552273125e-12,6.7707343191334555e-15,MRO-10047;MRO-10045;MRO-20031,MRO-10047;MRO-10045;MRO-20031,Hydraulic Press,CHN-02,train,12,normal,normal,approved_on_validation,우선 점검 후보
2023-01-29,AST-3008,A2,0,0.0032096699064225,6.59561517904227e-12,6.5920168577225136e-15,MRO-70004;MRO-10045;MRO-10046,MRO-10045;MRO-10046;MRO-10047,Belt Conveyor,CHN-02,train,12,normal,normal,approved_on_validation,우선 점검 후보
2023-01-29,AST-3019,A2,0,0.0032155596014368,6.361092286731195e-12,6.410184651524587e-15,MRO-10046;MRO-10047;MRO-20031,MRO-10046;MRO-10047;MRO-20031,Belt Conveyor,CHN-02,train,12,normal,normal,approved_on_validation,우선 점검 후보
2023-01-29,AST-4055,A2,0,0.0033426916635324,6.9571817617027835e-12,7.29970892160657e-15,MRO-60016;MRO-20031;MRO-10045,MRO-20031;MRO-10045;MRO-10046,Screw Compressor,DHR-03,train,12,normal,normal,approved_on_validation,우선 점검 후보
2023-01-29,AST-4061,A2,0,0.0032657129813511,6.786055000870518e-12,6.908479825634598e-15,MRO-10045;MRO-10046;MRO-10047,MRO-10045;MRO-10046;MRO-10047,Screw Compressor,DHR-03,train,12,normal,normal,approved_on_validation,우선 점검 후보
2023-01-29,AST-5003,A2,0,0.0031952567045509,6.136847818621711e-12,6.167559044597574e-15,MRO-10045;MRO-10047;MRO-20031,MRO-10045;MRO-10047;MRO-20031,EOT Crane,DHR-03,train,12,normal,normal,approved_on_validation,우선 점검 후보
2023-01-29,AST-5007,A2,0,0.0032399862843928,6.620360343531147e-12,6.6867097317211906e-15,MRO-10045;MRO-10046;MRO-10047,MRO-10045;MRO-10046;MRO-10047,EOT Crane,PUN-01,train,12,normal,normal,approved_on_validation,우선 점검 후보
2023-01-30,AST-1041,A2,8,7.076816142833882,0.1608734324488742,0.1081957027004333,MRO-80001;MRO-20031;MRO-50009,MRO-80001;MRO-20031;MRO-50009,CNC Lathe,PUN-01,train,12,risk,risk,approved_on_validation,우선 점검 후보
2023-01-30,AST-1042,A2,2,6.358910971175769,0.1210172011077946,0.0774256417866395,MRO-10046;MRO-10047;MRO-80001,MRO-10046;MRO-10047;MRO-80001,CNC Lathe,PUN-01,train,12,caution,risk,approved_on_validation,우선 점검 후보
2023-01-30,AST-2017,A2,6,7.84909159260353,0.2094375123566645,0.1478373448426321,MRO-20031;MRO-10047;MRO-10045,MRO-20031;MRO-10047;MRO-10045,Hydraulic Press,PUN-01,train,12,risk,risk,approved_on_validation,우선 점검 후보
2023-01-30,AST-2031,A2,11,8.3336156461211,0.2414181039011575,0.175997713717972,MRO-10046;MRO-50009;MRO-20031,MRO-10046;MRO-50009;MRO-20031,Hydraulic Press,CHN-02,train,12,risk,risk,approved_on_validation,우선 점검 후보
2023-01-30,AST-3008,A2,1,6.4292475129937054,0.1205175597545541,0.0791132018650578,MRO-80002;MRO-10045;MRO-30012,MRO-10045;MRO-10046;MRO-10047,Belt Conveyor,CHN-02,train,12,caution,risk,approved_on_validation,우선 점검 후보
2023-01-30,AST-3019,A2,12,8.195835249207697,0.2315273055552455,0.165935441542757,MRO-80001;MRO-20031;MRO-50009,MRO-80001;MRO-20031;MRO-50009,Belt Conveyor,CHN-02,train,12,high_risk,risk,approved_on_validation,우선 점검 후보
2023-01-30,AST-4055,A2,12,8.388289612717038,0.2471422711743802,0.1793514761564625,MRO-10047;MRO-10046;MRO-80001,MRO-10047;MRO-10046;MRO-80001,Screw Compressor,DHR-03,train,12,high_risk,risk,approved_on_validation,우선 점검 후보
2023-01-30,AST-4061,A2,8,6.585030793497365,0.1324487528028783,0.0855572120633423,MRO-20031;MRO-10047;MRO-50009,MRO-20031;MRO-10047;MRO-50009,Screw Compressor,DHR-03,train,12,risk,risk,approved_on_validation,우선 점검 후보
2023-01-30,AST-5003,A2,8,8.638072977890532,0.2651820146189442,0.194162169912916,MRO-20033;MRO-10045;MRO-10046,MRO-10045;MRO-10046;MRO-80001,EOT Crane,DHR-03,train,12,risk,risk,approved_on_validation,우선 점검 후보
2023-01-30,AST-5007,A2,6,5.899653923570211,0.094976187361872,0.0598266332304453,MRO-40022;MRO-10045;MRO-10047,MRO-10045;MRO-10047;MRO-50009,EOT Crane,PUN-01,train,12,risk,risk,approved_on_validation,우선 점검 후보
2023-01-31,AST-1041,A2,10,7.557856607011876,0.193211818911905,0.1328893552445281,MRO-10047;MRO-50009;MRO-10045,MRO-10047;MRO-50009;MRO-10045,CNC Lathe,PUN-01,train,12,risk,risk,approved_on_validation,우선 점검 후보
2023-01-31,AST-1042,A2,11,6.716953514364274,0.1396466552582415,0.0925209949862074,MRO-50009;MRO-10046;MRO-10047,MRO-50009;MRO-10046;MRO-10047,CNC Lathe,PUN-01,train,12,risk,risk,approved_on_validation,우선 점검 후보
2023-01-31,AST-2017,A2,13,8.533057808205132,0.2551108214937072,0.1897189110403827,MRO-80001;MRO-10047;MRO-20032,MRO-80001;MRO-10047;MRO-50009,Hydraulic Press,PUN-01,train,12,high_risk,risk,approved_on_validation,우선 점검 후보
2023-01-31,AST-2031,A2,5,7.877360430698502,0.2087246840990261,0.1502287245908054,MRO-20031;MRO-10045;MRO-80001,MRO-20031;MRO-10045;MRO-80001,Hydraulic Press,CHN-02,train,12,caution,risk,approved_on_validation,우선 점검 후보
2023-01-31,AST-3008,A2,12,7.253369891126799,0.1719502353926116,0.1162568279204377,MRO-80001;MRO-50009;MRO-10046,MRO-80001;MRO-50009;MRO-10046,Belt Conveyor,CHN-02,train,12,high_risk,risk,approved_on_validation,우선 점검 후보
2023-01-31,AST-3019,A2,8,6.337462511114185,0.1182516407394152,0.076183609024987,MRO-50009;MRO-60016;MRO-80001,MRO-50009;MRO-80001;MRO-10047,Belt Conveyor,CHN-02,train,12,risk,risk,approved_on_validation,우선 점검 후보
2023-01-31,AST-4055,A2,4,8.28031126869418,0.2342886666291276,0.1738171433129479,MRO-20031;MRO-10046;MRO-10045,MRO-20031;MRO-10046;MRO-10045,Screw Compressor,DHR-03,train,12,caution,risk,approved_on_validation,우선 점검 후보
2023-01-31,AST-4061,A2,10,7.296757045394261,0.1746551315050215,0.118665803959583,MRO-10047;MRO-20031;MRO-50009,MRO-10047;MRO-20031;MRO-50009,Screw Compressor,DHR-03,train,12,risk,risk,approved_on_validation,우선 점검 후보
2023-01-31,AST-5003,A2,12,8.458293709499493,0.2500732428244535,0.1834820100751121,MRO-10046;MRO-10045;MRO-50009,MRO-10046;MRO-10045;MRO-50009,EOT Crane,DHR-03,train,12,high_risk,risk,approved_on_validation,우선 점검 후보
2023-01-31,AST-5007,A2,0,5.867641044884203,0.0945270672810137,0.0588441926376585,MRO-10045;MRO-50009;MRO-10047,MRO-10045;MRO-50009;MRO-10047,EOT Crane,PUN-01,train,12,normal,risk,approved_on_validation,우선 점검 후보
2023-02-01,AST-1041,A2,10,7.38900515836912,0.1760492991689328,0.1213325895681589,MRO-80002;MRO-10047;MRO-30011,MRO-10047;MRO-10045;MRO-50009,CNC Lathe,PUN-01,train,12,risk,risk,approved_on_validation,우선 점검 후보
2023-02-01,AST-1042,A2,0,6.425591699908824,0.124487704507994,0.0798015466222968,MRO-10045;MRO-50009;MRO-10046,MRO-10045;MRO-50009;MRO-10046,CNC Lathe,PUN-01,train,12,normal,risk,approved_on_validation,우선 점검 후보
2023-02-01,AST-2017,A2,11,9.094346479593396,0.3001627320565405,0.2249519819920012,MRO-80001;MRO-50009;MRO-10045,MRO-80001;MRO-50009;MRO-10045,Hydraulic Press,PUN-01,train,12,risk,risk,approved_on_validation,우선 점검 후보
2023-02-01,AST-2031,A2,4,6.996429308029335,0.1557993125180712,0.1045568451503098,MRO-20031;MRO-10046;MRO-10045,MRO-20031;MRO-10046;MRO-10045,Hydraulic Press,CHN-02,train,12,caution,risk,approved_on_validation,우선 점검 후보
2023-02-01,AST-3008,A2,8,7.355678667994846,0.1768027208988805,0.1215637551345032,MRO-10046;MRO-20031;MRO-50009,MRO-10046;MRO-20031;MRO-50009,Belt Conveyor,CHN-02,train,12,risk,risk,approved_on_validation,우선 점검 후보
2023-02-01,AST-3019,A2,1,5.602503002350417,0.0847248670786036,0.0509217492382849,MRO-80001;MRO-10045;MRO-10047,MRO-80001;MRO-10045;MRO-10047,Belt Conveyor,CHN-02,train,12,caution,caution,approved_on_validation,우선 점검 후보
2023-02-01,AST-4055,A2,12,8.967108984352173,0.2890823985960749,0.214533888777833,MRO-40022;MRO-10047;MRO-20031,MRO-10047;MRO-20031;MRO-80001,Screw Compressor,DHR-03,train,12,high_risk,risk,approved_on_validation,우선 점검 후보
2023-02-01,AST-4061,A2,8,7.344228384010958,0.1758742669724829,0.1211567009510218,MRO-10047;MRO-10045;MRO-10046,MRO-10047;MRO-10045;MRO-10046,Screw Compressor,DHR-03,train,12,risk,risk,approved_on_validation,우선 점검 후보
2023-02-01,AST-5003,A2,12,7.715718475973,0.2012858950728722,0.1398544945317304,MRO-50009;MRO-10045;MRO-20031,MRO-50009;MRO-10045;MRO-20031,EOT Crane,DHR-03,train,12,high_risk,risk,approved_on_validation,우선 점검 후보
2023-02-01,AST-5007,A2,6,6.637135126493145,0.1339107174159655,0.0887121850852943,MRO-50009;MRO-10045;MRO-20031,MRO-50009;MRO-10045;MRO-20031,EOT Crane,PUN-01,train,12,risk,risk,approved_on_validation,우선 점검 후보
2023-02-02,AST-1041,A2,4,7.250453525099772,0.1712266912425332,0.1155620252078871,MRO-20031;MRO-80001;MRO-20033,MRO-20031;MRO-80001;MRO-10045,CNC Lathe,PUN-01,train,12,caution,risk,approved_on_validation,우선 점검 후보
2023-02-02,AST-1042,A2,1,6.528954776453199,0.1293785536760458,0.0841504227052174,MRO-50009;MRO-10047;MRO-80001,MRO-50009;MRO-10047;MRO-80001,CNC Lathe,PUN-01,train,12,caution,risk,approved_on_validation,우선 점검 후보
2023-02-02,AST-2017,A2,15,8.649288516503294,0.2678787089050747,0.195067446567106,MRO-10045;MRO-80001;MRO-50009,MRO-10045;MRO-80001;MRO-50009,Hydraulic Press,PUN-01,train,12,high_risk,risk,approved_on_validation,우선 점검 후보
2023-02-02,AST-2031,A2,4,7.906555524989713,0.2135774488425147,0.1519253387681304,MRO-20031;MRO-50009;MRO-10046,MRO-20031;MRO-50009;MRO-10046,Hydraulic Press,CHN-02,train,12,caution,risk,approved_on_validation,우선 점검 후보
2023-02-02,AST-3008,A2,2,6.108477378256493,0.1071402113558535,0.0667164160006779,MRO-40021;MRO-10046;MRO-20031,MRO-10046;MRO-20031;MRO-10047,Belt Conveyor,CHN-02,train,12,caution,risk,approved_on_validation,우선 점검 후보
2023-02-02,AST-3019,A2,10,5.726605997965957,0.0900163681007452,0.0546894830179843,MRO-80001;MRO-10045;MRO-10047,MRO-80001;MRO-10045;MRO-10047,Belt Conveyor,CHN-02,train,12,risk,caution,approved_on_validation,우선 점검 후보
2023-02-02,AST-4055,A2,7,8.677384995533712,0.2674242876349547,0.1974122252778069,MRO-80001;MRO-20031;MRO-10045,MRO-80001;MRO-20031;MRO-10045,Screw Compressor,DHR-03,train,12,risk,risk,approved_on_validation,우선 점검 후보
2023-02-02,AST-4061,A2,10,6.719594855059759,0.1394086461496635,0.0917143872407065,MRO-10046;MRO-10047;MRO-80001,MRO-10046;MRO-10047;MRO-80001,Screw Compressor,DHR-03,train,12,risk,risk,approved_on_validation,우선 점검 후보
2023-02-02,AST-5003,A2,8,7.436626085558691,0.1814235246903247,0.12494063381842,MRO-50009;MRO-10045;MRO-80001,MRO-50009;MRO-10045;MRO-80001,EOT Crane,DHR-03,train,12,risk,risk,approved_on_validation,우선 점검 후보
2023-02-02,AST-5007,A2,4,5.800418979818243,0.0927558251223838,0.0570018132017433,MRO-10045;MRO-20031;MRO-10047,MRO-10045;MRO-20031;MRO-10047,EOT Crane,PUN-01,train,12,caution,caution,approved_on_validation,우선 점검 후보
2023-02-03,AST-1041,A2,16,7.623619934809533,0.1912787600231811,0.1350268003898393,MRO-10045;MRO-10047;MRO-10046,MRO-10045;MRO-10047;MRO-10046,CNC Lathe,PUN-01,train,12,high_risk,risk,approved_on_validation,우선 점검 후보
2023-02-03,AST-1042,A2,0,6.3217977391839035,0.1178916166063914,0.0756353563648306,MRO-10047;MRO-80001;MRO-50009,MRO-10047;MRO-80001;MRO-50009,CNC Lathe,PUN-01,train,12,normal,risk,approved_on_validation,우선 점검 후보
2023-02-03,AST-2017,A2,12,8.766486452677668,0.274802672578492,0.2031274639482521,MRO-10046;MRO-50009;MRO-80001,MRO-10046;MRO-50009;MRO-80001,Hydraulic Press,PUN-01,train,12,high_risk,risk,approved_on_validation,우선 점검 후보
2023-02-03,AST-2031,A2,19,11.846159469027697,0.5064827705621657,0.4305627818009215,MRO-90011;MRO-90012;MRO-80001,MRO-80001;MRO-10046;MRO-10047,Hydraulic Press,CHN-02,train,12,high_risk,high_risk,approved_on_validation,우선 점검 후보
2023-02-03,AST-3008,A2,0,5.421179197855977,0.0769622719167489,0.0454748752507423,MRO-10045;MRO-10046;MRO-20031,MRO-10045;MRO-10046;MRO-20031,Belt Conveyor,CHN-02,train,12,normal,caution,approved_on_validation,우선 점검 후보
2023-02-03,AST-3019,A2,4,5.807763049509564,0.0939892501658931,0.0574883319216081,MRO-80001;MRO-50009;MRO-10046,MRO-80001;MRO-50009;MRO-10046,Belt Conveyor,CHN-02,train,12,caution,risk,approved_on_validation,우선 점검 후보
2023-02-03,AST-4055,A2,6,8.310824338542364,0.241975386012175,0.1744517850930606,MRO-10047;MRO-80001;MRO-50009,MRO-10047;MRO-80001;MRO-50009,Screw Compressor,DHR-03,train,12,risk,risk,approved_on_validation,우선 점검 후보
2023-02-03,AST-4061,A2,4,6.929069797007384,0.1527612282585727,0.1012087545560531,MRO-10047;MRO-20031;MRO-10046,MRO-10047;MRO-20031;MRO-10046,Screw Compressor,DHR-03,train,12,caution,risk,approved_on_validation,우선 점검 후보
2023-02-03,AST-5003,A2,13,8.521394055482284,0.2559144108879171,0.1868572649080161,MRO-50009;MRO-10045;MRO-20031,MRO-50009;MRO-10045;MRO-20031,EOT Crane,DHR-03,train,12,high_risk,risk,approved_on_validation,우선 점검 후보
2023-02-03,AST-5007,A2,9,5.806102342719464,0.088991862704648,0.0564336678302757,MRO-20032;MRO-10046;MRO-10045,MRO-10046;MRO-10045;MRO-10047,EOT Crane,PUN-01,train,12,risk,caution,approved_on_validation,우선 점검 후보
2023-02-04,AST-1041,A2,0,0.0032542915407096,6.667986281904763e-12,6.7975298860935536e-15,MRO-70005;MRO-10045;MRO-10046,MRO-10045;MRO-10046;MRO-10047,CNC Lathe,PUN-01,train,12,normal,normal,approved_on_validation,우선 점검 후보
2023-02-04,AST-1042,A2,0,0.0032441917377024,6.620366185069002e-12,6.713558293091682e-15,MRO-10045;MRO-10046;MRO-10047,MRO-10045;MRO-10046;MRO-10047,CNC Lathe,PUN-01,train,12,normal,normal,approved_on_validation,우선 점검 후보
2023-02-04,AST-2017,A2,0,0.0032526889353226,6.354143944607909e-12,6.663982740700925e-15,MRO-90012;MRO-70005;MRO-40022,MRO-10045;MRO-10047;MRO-10046,Hydraulic Press,PUN-01,train,12,normal,normal,approved_on_validation,우선 점검 후보
2023-02-04,AST-2031,A2,0,0.0032946498607745,7.2569386389122065e-12,7.351406451502546e-15,MRO-20031;MRO-10045;MRO-10047,MRO-20031;MRO-10045;MRO-10047,Hydraulic Press,CHN-02,train,12,normal,normal,approved_on_validation,우선 점검 후보
2023-02-04,AST-3008,A2,0,0.0032414235825437,6.595687167760791e-12,6.789240638982851e-15,MRO-70004;MRO-10045;MRO-10046,MRO-10045;MRO-10046;MRO-10047,Belt Conveyor,CHN-02,train,12,normal,normal,approved_on_validation,우선 점검 후보
2023-02-04,AST-3019,A2,0,0.0037155983183652,9.964072064803769e-12,1.1673585742396602e-14,MRO-20032;MRO-90011;MRO-50009,MRO-50009;MRO-10045;MRO-10046,Belt Conveyor,CHN-02,train,12,normal,normal,approved_on_validation,우선 점검 후보
2023-02-04,AST-4055,A2,0,0.0033026887718468,7.203125564127884e-12,7.355022413705371e-15,MRO-10046;MRO-10047;MRO-40022,MRO-10046;MRO-10047;MRO-10045,Screw Compressor,DHR-03,train,12,normal,normal,approved_on_validation,우선 점검 후보
2023-02-04,AST-4061,A2,0,0.0032329230621738,6.568132353806578e-12,6.626194557698e-15,MRO-10046;MRO-10047;MRO-20031,MRO-10046;MRO-10047;MRO-20031,Screw Compressor,DHR-03,train,12,normal,normal,approved_on_validation,우선 점검 후보
2023-02-04,AST-5003,A2,0,0.0036115144083232,9.541366669260502e-12,1.1071007197923312e-14,MRO-70005;MRO-20031;MRO-70004,MRO-20031;MRO-10046;MRO-10045,EOT Crane,DHR-03,train,12,normal,normal,approved_on_validation,우선 점검 후보
2023-02-04,AST-5007,A2,0,0.0033589516184848,6.85986458639423e-12,7.579645681903174e-15,MRO-70005;MRO-10046;MRO-50008,MRO-10046;MRO-10045;MRO-10047,EOT Crane,PUN-01,train,12,normal,normal,approved_on_validation,우선 점검 후보
2023-02-05,AST-1041,A2,0,0.0032409310723001,6.641153719282744e-12,6.697481753084553e-15,MRO-10045;MRO-10046;MRO-10047,MRO-10045;MRO-10046;MRO-10047,CNC Lathe,PUN-01,train,12,normal,normal,approved_on_validation,우선 점검 후보
2023-02-05,AST-1042,A2,0,0.0032448102730751,6.6203661926232875e-12,6.717649348786452e-15,MRO-10045;MRO-10046;MRO-10047,MRO-10045;MRO-10046;MRO-10047,CNC Lathe,PUN-01,train,12,normal,normal,approved_on_validation,우선 점검 후보
2023-02-05,AST-2017,A2,0,0.0033329298967549,7.1310127585723985e-12,7.485891691382781e-15,MRO-20032;MRO-20031;MRO-50009,MRO-20031;MRO-50009;MRO-10046,Hydraulic Press,PUN-01,train,12,normal,normal,approved_on_validation,우선 점검 후보
2023-02-05,AST-2031,A2,0,0.003685059236049,1.2744823207347634e-11,1.30833777869614e-14,MRO-10046;MRO-50009;MRO-80001,MRO-10046;MRO-50009;MRO-80001,Hydraulic Press,CHN-02,train,12,normal,normal,approved_on_validation,우선 점검 후보
2023-02-05,AST-3008,A2,0,0.0032304498763345,6.596288828205406e-12,6.616413973580239e-15,MRO-10045;MRO-10046;MRO-10047,MRO-10045;MRO-10046;MRO-10047,Belt Conveyor,CHN-02,train,12,normal,normal,approved_on_validation,우선 점검 후보
2023-02-05,AST-3019,A2,0,0.0032520480283641,6.6943450858115746e-12,6.793804998040188e-15,MRO-10045;MRO-10046;MRO-10047,MRO-10045;MRO-10046;MRO-10047,Belt Conveyor,CHN-02,train,12,normal,normal,approved_on_validation,우선 점검 후보
2023-02-05,AST-4055,A2,0,0.0033655959049097,6.918444238532201e-12,7.362291201608982e-15,MRO-60016;MRO-20031;MRO-70005,MRO-20031;MRO-10045;MRO-50009,Screw Compressor,DHR-03,train,12,normal,normal,approved_on_validation,우선 점검 후보
2023-02-05,AST-4061,A2,0,0.0032536692411284,6.703906094743153e-12,6.8031736468730096e-15,MRO-10045;MRO-10046;MRO-10047,MRO-10045;MRO-10046;MRO-10047,Screw Compressor,DHR-03,train,12,normal,normal,approved_on_validation,우선 점검 후보
2023-02-05,AST-5003,A2,0,0.0032175084177092,6.284530092627513e-12,6.3816708199935085e-15,MRO-70005;MRO-10045;MRO-10046,MRO-10045;MRO-10046;MRO-50009,EOT Crane,DHR-03,train,12,normal,normal,approved_on_validation,우선 점검 후보
2023-02-05,AST-5007,A2,0,0.0032436735320108,6.660306718503109e-12,6.717940134664022e-15,MRO-10045;MRO-10047;MRO-20031,MRO-10045;MRO-10047;MRO-20031,EOT Crane,PUN-01,train,12,normal,normal,approved_on_validation,우선 점검 후보
2023-02-06,AST-1041,A2,10,9.994136812253958,0.3642029081228968,0.2924120126493203,MRO-70005;MRO-50009;MRO-10046,MRO-50009;MRO-10046;MRO-10047,CNC Lathe,PUN-01,train,12,risk,risk,approved_on_validation,우선 점검 후보
2023-02-06,AST-1042,A2,0,6.663386702019953,0.1362749467964688,0.0892069389341366,MRO-10047;MRO-80001;MRO-10046,MRO-10047;MRO-80001;MRO-10046,CNC Lathe,PUN-01,train,12,normal,risk,approved_on_validation,우선 점검 후보
2023-02-06,AST-2017,A2,8,8.657638794212119,0.2666277474394483,0.1977142788812304,MRO-10046;MRO-10047;MRO-10045,MRO-10046;MRO-10047;MRO-10045,Hydraulic Press,PUN-01,train,12,risk,risk,approved_on_validation,우선 점검 후보
2023-02-06,AST-2031,A2,0,7.37319545949256,0.1779789022377613,0.1231716869011438,MRO-20031;MRO-10045;MRO-10047,MRO-20031;MRO-10045;MRO-10047,Hydraulic Press,CHN-02,train,12,normal,risk,approved_on_validation,우선 점검 후보
2023-02-06,AST-3008,A2,6,7.122980670199846,0.1631571183044383,0.1105397646718274,MRO-80001;MRO-10047;MRO-50009,MRO-80001;MRO-10047;MRO-50009,Belt Conveyor,CHN-02,train,12,risk,risk,approved_on_validation,우선 점검 후보
2023-02-06,AST-3019,A2,9,5.966924549857045,0.099075001342181,0.0628142163207116,MRO-20031;MRO-80001;MRO-50009,MRO-20031;MRO-80001;MRO-50009,Belt Conveyor,CHN-02,train,12,risk,risk,approved_on_validation,우선 점검 후보
2023-02-06,AST-4055,A2,4,8.661472442272286,0.2648420925211402,0.1954753461183787,MRO-40022;MRO-10046;MRO-80001,MRO-10046;MRO-80001;MRO-10047,Screw Compressor,DHR-03,train,12,caution,risk,approved_on_validation,우선 점검 후보
2023-02-06,AST-4061,A2,2,6.6919568361840325,0.1377341562686097,0.0900362828181763,MRO-10045;MRO-50009;MRO-10046,MRO-10045;MRO-50009;MRO-10046,Screw Compressor,DHR-03,train,12,caution,risk,approved_on_validation,우선 점검 후보
2023-02-06,AST-5003,A2,6,7.719905246168484,0.1985577015997375,0.1398490679514282,MRO-10045;MRO-50009;MRO-10046,MRO-10045;MRO-50009;MRO-10046,EOT Crane,DHR-03,train,12,risk,risk,approved_on_validation,우선 점검 후보
2023-02-06,AST-5007,A2,8,5.846331894431027,0.0951733068162106,0.0583689817040555,MRO-50009;MRO-20031;MRO-10045,MRO-50009;MRO-20031;MRO-10045,EOT Crane,PUN-01,train,12,risk,risk,approved_on_validation,우선 점검 후보
2023-02-07,AST-1041,A2,8,7.60354247753331,0.1887403603502617,0.1312803484915684,MRO-40022;MRO-80002;MRO-10047,MRO-10047;MRO-10045;MRO-20031,CNC Lathe,PUN-01,train,12,risk,risk,approved_on_validation,우선 점검 후보
2023-02-07,AST-1042,A2,2,6.351747613148269,0.1188157983539023,0.0764012269394717,MRO-40022;MRO-10047;MRO-80001,MRO-10047;MRO-80001;MRO-10046,CNC Lathe,PUN-01,train,12,caution,risk,approved_on_validation,우선 점검 후보
2023-02-07,AST-2017,A2,15,9.333934656397032,0.3153696117161741,0.2426007250625219,MRO-10045;MRO-50009;MRO-20031,MRO-10045;MRO-50009;MRO-20031,Hydraulic Press,PUN-01,train,12,high_risk,risk,approved_on_validation,우선 점검 후보
2023-02-07,AST-2031,A2,0,7.887523653436466,0.2126972278598147,0.1506010373231767,MRO-10046;MRO-50009;MRO-80001,MRO-10046;MRO-50009;MRO-80001,Hydraulic Press,CHN-02,train,12,normal,risk,approved_on_validation,우선 점검 후보
2023-02-07,AST-3008,A2,14,7.000114197662571,0.1562181441727605,0.1044468785877339,MRO-10045;MRO-80001;MRO-10046,MRO-10045;MRO-80001;MRO-10046,Belt Conveyor,CHN-02,train,12,high_risk,risk,approved_on_validation,우선 점검 후보
2023-02-07,AST-3019,A2,7,5.8860337457849985,0.0964504687147539,0.0599217776513887,MRO-80001;MRO-20031;MRO-50009,MRO-80001;MRO-20031;MRO-50009,Belt Conveyor,CHN-02,train,12,risk,risk,approved_on_validation,우선 점검 후보
2023-02-07,AST-4055,A2,3,8.260250776371178,0.2336293461709301,0.1728362111436521,MRO-10046;MRO-80001;MRO-20031,MRO-10046;MRO-80001;MRO-20031,Screw Compressor,DHR-03,train,12,caution,risk,approved_on_validation,우선 점검 후보
2023-02-07,AST-4061,A2,2,7.457325780385226,0.1849724867077012,0.1271039044059175,MRO-10045;MRO-50009;MRO-10046,MRO-10045;MRO-50009;MRO-10046,Screw Compressor,DHR-03,train,12,caution,risk,approved_on_validation,우선 점검 후보
2023-02-07,AST-5003,A2,20,8.725622307733977,0.2698019098197511,0.2004511626929259,MRO-20031;MRO-10045;MRO-10047,MRO-20031;MRO-10045;MRO-10047,EOT Crane,DHR-03,train,12,high_risk,risk,approved_on_validation,우선 점검 후보
2023-02-07,AST-5007,A2,6,5.577166724342409,0.080863329588336,0.0491686341838714,MRO-10047;MRO-10045;MRO-50009,MRO-10047;MRO-10045;MRO-50009,EOT Crane,PUN-01,train,12,risk,caution,approved_on_validation,우선 점검 후보
2023-02-08,AST-1041,A2,9,7.945435519531157,0.2161779109024853,0.1542679449494807,MRO-10045;MRO-10047;MRO-50009,MRO-10045;MRO-10047;MRO-50009,CNC Lathe,PUN-01,train,12,risk,risk,approved_on_validation,우선 점검 후보
2023-02-08,AST-1042,A2,10,6.448428176964832,0.1242479196830206,0.0804802700668526,MRO-10047;MRO-80001;MRO-10046,MRO-10047;MRO-80001;MRO-10046,CNC Lathe,PUN-01,train,12,risk,risk,approved_on_validation,우선 점검 후보
2023-02-08,AST-2017,A2,3,7.012196406665184,0.1528285219994817,0.1043120801856058,MRO-90012;MRO-40021;MRO-20031,MRO-20031;MRO-80001;MRO-10047,Hydraulic Press,PUN-01,train,12,caution,risk,approved_on_validation,우선 점검 후보
2023-02-08,AST-2031,A2,10,8.19382519742273,0.2352854412777693,0.1684468418062729,MRO-20031;MRO-10046;MRO-50009,MRO-20031;MRO-10046;MRO-50009,Hydraulic Press,CHN-02,train,12,risk,risk,approved_on_validation,우선 점검 후보
2023-02-08,AST-3008,A2,8,6.757565755765708,0.1417220825282899,0.0935856143137479,MRO-10045;MRO-10047;MRO-50009,MRO-10045;MRO-10047;MRO-50009,Belt Conveyor,CHN-02,train,12,risk,risk,approved_on_validation,우선 점검 후보
2023-02-08,AST-3019,A2,0,5.551283965106749,0.0804402773613507,0.0493474495989081,MRO-20031;MRO-80001;MRO-10047,MRO-20031;MRO-80001;MRO-10047,Belt Conveyor,CHN-02,train,12,normal,caution,approved_on_validation,우선 점검 후보
2023-02-08,AST-4055,A2,12,8.788391978404666,0.2751412886313539,0.2038610264977362,MRO-40022;MRO-10046;MRO-20031,MRO-10046;MRO-20031;MRO-50009,Screw Compressor,DHR-03,train,12,high_risk,risk,approved_on_validation,우선 점검 후보
2023-02-08,AST-4061,A2,5,7.268302632660564,0.1702181729571301,0.1175089661020844,MRO-10045;MRO-50009;MRO-10046,MRO-10045;MRO-50009;MRO-10046,Screw Compressor,DHR-03,train,12,caution,risk,approved_on_validation,우선 점검 후보
2023-02-08,AST-5003,A2,4,8.688193483155652,0.2734124132344131,0.1976560694998605,MRO-80001;MRO-20031;MRO-50009,MRO-80001;MRO-20031;MRO-50009,EOT Crane,DHR-03,train,12,caution,risk,approved_on_validation,우선 점검 후보
2023-02-08,AST-5007,A2,0,6.082853866925356,0.1060793624744771,0.0670669655264587,MRO-20031;MRO-10045;MRO-80001,MRO-20031;MRO-10045;MRO-80001,EOT Crane,PUN-01,train,12,normal,risk,approved_on_validation,우선 점검 후보
2023-02-09,AST-1041,A2,10,8.007849694114896,0.2210368250100605,0.1573173584250111,MRO-10045;MRO-50009;MRO-20031,MRO-10045;MRO-50009;MRO-20031,CNC Lathe,PUN-01,train,12,risk,risk,approved_on_validation,우선 점검 후보
2023-02-09,AST-1042,A2,1,6.385509515627913,0.121900389764515,0.0781993796488315,MRO-10047;MRO-80001;MRO-10045,MRO-10047;MRO-80001;MRO-10045,CNC Lathe,PUN-01,train,12,caution,risk,approved_on_validation,우선 점검 후보
2023-02-09,AST-2017,A2,4,8.755201490994724,0.2706100621992279,0.2047748970640152,MRO-20032;MRO-50009;MRO-80001,MRO-50009;MRO-80001;MRO-10046,Hydraulic Press,PUN-01,train,12,caution,risk,approved_on_validation,우선 점검 후보
2023-02-09,AST-2031,A2,16,8.691189252405865,0.2697887516023765,0.1997088740332288,MRO-20031;MRO-10045;MRO-10047,MRO-20031;MRO-10045;MRO-10047,Hydraulic Press,CHN-02,train,12,high_risk,risk,approved_on_validation,우선 점검 후보
2023-02-09,AST-3008,A2,4,7.082057559381196,0.1610182693819404,0.1084551066834261,MRO-10045;MRO-10047;MRO-80001,MRO-10045;MRO-10047;MRO-80001,Belt Conveyor,CHN-02,train,12,caution,risk,approved_on_validation,우선 점검 후보
2023-02-09,AST-3019,A2,0,5.340672908045203,0.073530137179438,0.0437790496520725,MRO-20031;MRO-80001;MRO-10047,MRO-20031;MRO-80001;MRO-10047,Belt Conveyor,CHN-02,train,12,normal,caution,approved_on_validation,우선 점검 후보
2023-02-09,AST-4055,A2,7,8.231987313367338,0.2332274226261286,0.1713267809452397,MRO-70005;MRO-20031;MRO-10046,MRO-20031;MRO-10046;MRO-10047,Screw Compressor,DHR-03,train,12,risk,risk,approved_on_validation,우선 점검 후보
2023-02-09,AST-4061,A2,4,7.067283956833637,0.1602041011523722,0.1071306200721153,MRO-50009;MRO-20031;MRO-80001,MRO-50009;MRO-20031;MRO-80001,Screw Compressor,DHR-03,train,12,caution,risk,approved_on_validation,우선 점검 후보
2023-02-09,AST-5003,A2,2,7.991232695822288,0.2213478034750542,0.1562405583486536,MRO-10046;MRO-10047;MRO-20031,MRO-10046;MRO-10047;MRO-20031,EOT Crane,DHR-03,train,12,caution,risk,approved_on_validation,우선 점검 후보
2023-02-09,AST-5007,A2,0,5.717041142585513,0.0862728560698296,0.0530373988189245,MRO-10047;MRO-40021;MRO-10045,MRO-10047;MRO-10045;MRO-50009,EOT Crane,PUN-01,train,12,normal,caution,approved_on_validation,우선 점검 후보
2023-02-10,AST-1041,A2,0,6.266673521826718,0.1142864711705831,0.0730137292318974,MRO-10046;MRO-20031;MRO-10045,MRO-10046;MRO-20031;MRO-10045,CNC Lathe,PUN-01,train,12,normal,risk,approved_on_validation,우선 점검 후보
2023-02-10,AST-1042,A2,8,6.401331632949269,0.1226921149730326,0.0785980570845255,MRO-50009;MRO-10046;MRO-10047,MRO-50009;MRO-10046;MRO-10047,CNC Lathe,PUN-01,train,12,risk,risk,approved_on_validation,우선 점검 후보
2023-02-10,AST-2017,A2,12,8.368795958812328,0.2473478674742504,0.1780691805062282,MRO-80001;MRO-50009;MRO-10046,MRO-80001;MRO-50009;MRO-10046,Hydraulic Press,PUN-01,train,12,high_risk,risk,approved_on_validation,우선 점검 후보
2023-02-10,AST-2031,A2,16,8.82093641312678,0.2804682150641049,0.2077419949255988,MRO-80001;MRO-20031;MRO-10045,MRO-80001;MRO-20031;MRO-10045,Hydraulic Press,CHN-02,train,12,high_risk,risk,approved_on_validation,우선 점검 후보
2023-02-10,AST-3008,A2,4,6.75104515805254,0.139325984261064,0.0921243410456367,MRO-60015;MRO-10046;MRO-50009,MRO-10046;MRO-50009;MRO-10045,Belt Conveyor,CHN-02,train,12,caution,risk,approved_on_validation,우선 점검 후보
2023-02-10,AST-3019,A2,2,5.503188414191889,0.0805797210281107,0.046965050413417,MRO-80001;MRO-10045;MRO-10046,MRO-80001;MRO-10045;MRO-10046,Belt Conveyor,CHN-02,train,12,caution,caution,approved_on_validation,우선 점검 후보
2023-02-10,AST-4055,A2,2,8.550738280108954,0.2591450326320246,0.1892553511495722,MRO-10046;MRO-20031;MRO-10047,MRO-10046;MRO-20031;MRO-10047,Screw Compressor,DHR-03,train,12,caution,risk,approved_on_validation,우선 점검 후보
2023-02-10,AST-4061,A2,8,6.677918600991972,0.1381072696287963,0.0902193846337696,MRO-50009;MRO-20031;MRO-80001,MRO-50009;MRO-20031;MRO-80001,Screw Compressor,DHR-03,train,12,risk,risk,approved_on_validation,우선 점검 후보
2023-02-10,AST-5003,A2,17,9.124178308783229,0.2973026383165607,0.2267374679149944,MRO-10045;MRO-50009;MRO-10047,MRO-10045;MRO-50009;MRO-10047,EOT Crane,DHR-03,train,12,high_risk,risk,approved_on_validation,우선 점검 후보
2023-02-10,AST-5007,A2,13,6.9876689257129305,0.1535550506412052,0.1041781416401216,MRO-10047;MRO-20031;MRO-80001,MRO-10047;MRO-20031;MRO-80001,EOT Crane,PUN-01,train,12,high_risk,risk,approved_on_validation,우선 점검 후보
2023-02-11,AST-1041,A2,0,0.0032551853946826,6.6436332092391125e-12,6.7803044647816655e-15,MRO-70005;MRO-10046;MRO-10047,MRO-10046;MRO-10047;MRO-20031,CNC Lathe,PUN-01,train,12,normal,normal,approved_on_validation,우선 점검 후보
2023-02-11,AST-1042,A2,0,0.0032428104347878,6.624461743900068e-12,6.706376051344094e-15,MRO-10046;MRO-80001;MRO-10045,MRO-10046;MRO-80001;MRO-10045,CNC Lathe,PUN-01,train,12,normal,normal,approved_on_validation,우선 점검 후보
2023-02-11,AST-2017,A2,0,0.0033360519387247,6.897242713267555e-12,7.278671984924072e-15,MRO-60015;MRO-70005;MRO-50008,MRO-10046;MRO-80001;MRO-10047,Hydraulic Press,PUN-01,train,12,normal,normal,approved_on_validation,우선 점검 후보
2023-02-11,AST-2031,A2,0,0.0032478675962842,6.581547176931402e-12,6.7604343985165795e-15,MRO-70005;MRO-10047;MRO-10046,MRO-10047;MRO-10046;MRO-50009,Hydraulic Press,CHN-02,train,12,normal,normal,approved_on_validation,우선 점검 후보
2023-02-11,AST-3008,A2,0,0.0032229070634678,6.596248035018879e-12,6.5735066990493015e-15,MRO-10045;MRO-10046;MRO-10047,MRO-10045;MRO-10046;MRO-10047,Belt Conveyor,CHN-02,train,12,normal,normal,approved_on_validation,우선 점검 후보
2023-02-11,AST-3019,A2,0,0.0035972205904054,1.049708298933915e-11,1.0825337216268768e-14,MRO-50009;MRO-40022;MRO-10045,MRO-50009;MRO-10045;MRO-10046,Belt Conveyor,CHN-02,train,12,normal,normal,approved_on_validation,우선 점검 후보
2023-02-11,AST-4055,A2,0,0.0032284019556056,6.693764451879392e-12,6.733256078284323e-15,MRO-70005;MRO-10046;MRO-10047,MRO-10046;MRO-10047;MRO-20031,Screw Compressor,DHR-03,train,12,normal,normal,approved_on_validation,우선 점검 후보
2023-02-11,AST-4061,A2,0,0.0032742338026249,6.9954642593011514e-12,7.090734145214353e-15,MRO-10045;MRO-20031;MRO-10046,MRO-10045;MRO-20031;MRO-10046,Screw Compressor,DHR-03,train,12,normal,normal,approved_on_validation,우선 점검 후보
2023-02-11,AST-5003,A2,0,0.0033489607498416,6.5671003707801466e-12,7.389622311580632e-15,MRO-70005;MRO-10046;MRO-10047,MRO-10046;MRO-10047;MRO-20031,EOT Crane,DHR-03,train,12,normal,normal,approved_on_validation,우선 점검 후보
2023-02-11,AST-5007,A2,0,0.0032430181214844,6.665610903412806e-12,6.715387158653148e-15,MRO-10046;MRO-20031;MRO-50009,MRO-10046;MRO-20031;MRO-50009,EOT Crane,PUN-01,train,12,normal,normal,approved_on_validation,우선 점검 후보
2023-02-12,AST-1041,A2,0,0.0031658903834736,5.976410788232831e-12,5.971317979316628e-15,MRO-70004;MRO-70005;MRO-20033,MRO-10045;MRO-10046;MRO-10047,CNC Lathe,PUN-01,train,12,normal,normal,approved_on_validation,우선 점검 후보
2023-02-12,AST-1042,A2,0,0.0032405856333913,6.606341367371453e-12,6.683030989708021e-15,MRO-10045;MRO-10047;MRO-20031,MRO-10045;MRO-10047;MRO-20031,CNC Lathe,PUN-01,train,12,normal,normal,approved_on_validation,우선 점검 후보
2023-02-12,AST-2017,A2,0,0.0031823432991299,6.1773831125508355e-12,6.191554098373905e-15,MRO-70005;MRO-10047;MRO-20031,MRO-10047;MRO-20031;MRO-50009,Hydraulic Press,PUN-01,train,12,normal,normal,approved_on_validation,우선 점검 후보
2023-02-12,AST-2031,A2,0,0.0032531163363292,6.537262303336305e-12,6.7458253555565495e-15,MRO-70005;MRO-10045;MRO-10046,MRO-10045;MRO-10046;MRO-50009,Hydraulic Press,CHN-02,train,12,normal,normal,approved_on_validation,우선 점검 후보
2023-02-12,AST-3008,A2,0,0.0032237968431323,6.5962655583078365e-12,6.576443101515091e-15,MRO-10045;MRO-10046;MRO-10047,MRO-10045;MRO-10046;MRO-10047,Belt Conveyor,CHN-02,train,12,normal,normal,approved_on_validation,우선 점검 후보
2023-02-12,AST-3019,A2,0,0.0037849990772564,1.2862716357325658e-11,1.3721425981607584e-14,MRO-50009;MRO-70005;MRO-10046,MRO-50009;MRO-10046;MRO-20031,Belt Conveyor,CHN-02,train,12,normal,normal,approved_on_validation,우선 점검 후보
2023-02-12,AST-4055,A2,0,0.0032583465096257,6.701445838552404e-12,6.839464106260128e-15,MRO-70005;MRO-10045;MRO-10046,MRO-10045;MRO-10046;MRO-10047,Screw Compressor,DHR-03,train,12,normal,normal,approved_on_validation,우선 점검 후보
2023-02-12,AST-4061,A2,0,0.0032307232377188,6.568172915265289e-12,6.604988215453556e-15,MRO-10046;MRO-10047;MRO-50009,MRO-10046;MRO-10047;MRO-50009,Screw Compressor,DHR-03,train,12,normal,normal,approved_on_validation,우선 점검 후보
2023-02-12,AST-5003,A2,0,0.0033954574647414,6.588487811380832e-12,7.701421695191687e-15,MRO-70005;MRO-70004;MRO-10046,MRO-10046;MRO-10047;MRO-20031,EOT Crane,DHR-03,train,12,normal,normal,approved_on_validation,우선 점검 후보
2023-02-12,AST-5007,A2,0,0.0033339342750276,6.687295791156693e-12,7.329989398395311e-15,MRO-70005;MRO-10046;MRO-20031,MRO-10046;MRO-20031;MRO-50009,EOT Crane,PUN-01,train,12,normal,normal,approved_on_validation,우선 점검 후보
2023-02-13,AST-1041,A2,5,6.899398158657089,0.1494218481615412,0.0991170986401632,MRO-50009;MRO-10047;MRO-10045,MRO-50009;MRO-10047;MRO-10045,CNC Lathe,PUN-01,train,12,caution,risk,approved_on_validation,우선 점검 후보
2023-02-13,AST-1042,A2,2,6.479056151093671,0.1270168360551668,0.0812811462548434,MRO-10047;MRO-50009;MRO-10045,MRO-10047;MRO-50009;MRO-10045,CNC Lathe,PUN-01,train,12,caution,risk,approved_on_validation,우선 점검 후보
2023-02-13,AST-2017,A2,10,8.422883081861624,0.2501587257687521,0.1806601555489314,MRO-80001;MRO-10046;MRO-20031,MRO-80001;MRO-10046;MRO-20031,Hydraulic Press,PUN-01,train,12,risk,risk,approved_on_validation,우선 점검 후보
2023-02-13,AST-2031,A2,1,6.842404836544025,0.146035245908434,0.0977151893045124,MRO-10046;MRO-50009;MRO-10045,MRO-10046;MRO-50009;MRO-10045,Hydraulic Press,CHN-02,train,12,caution,risk,approved_on_validation,우선 점검 후보
2023-02-13,AST-3008,A2,8,7.151261919900164,0.1632143705820343,0.1102186459874736,MRO-30012;MRO-60015;MRO-10047,MRO-10047;MRO-20031;MRO-10045,Belt Conveyor,CHN-02,train,12,risk,risk,approved_on_validation,우선 점검 후보
2023-02-13,AST-3019,A2,5,5.813478352702937,0.0908480225133277,0.0577695652626078,MRO-20031;MRO-50009;MRO-80001,MRO-20031;MRO-50009;MRO-80001,Belt Conveyor,CHN-02,train,12,caution,caution,approved_on_validation,우선 점검 후보
2023-02-13,AST-4055,A2,4,8.051021261911115,0.2231343555505562,0.1585202608568746,MRO-40022;MRO-10045;MRO-10046,MRO-10045;MRO-10046;MRO-10047,Screw Compressor,DHR-03,train,12,caution,risk,approved_on_validation,우선 점검 후보
2023-02-13,AST-4061,A2,4,7.493808720530853,0.1877868856322517,0.1286202435428358,MRO-80001;MRO-20031;MRO-10045,MRO-80001;MRO-20031;MRO-10045,Screw Compressor,DHR-03,train,12,caution,risk,approved_on_validation,우선 점검 후보
2023-02-13,AST-5003,A2,0,7.56236091457992,0.1920541472198349,0.132110639935937,MRO-80001;MRO-10045;MRO-50009,MRO-80001;MRO-10045;MRO-50009,EOT Crane,DHR-03,train,12,normal,risk,approved_on_validation,우선 점검 후보
2023-02-13,AST-5007,A2,6,5.544583172873639,0.078482992107843,0.047897246482348,MRO-40022;MRO-20033;MRO-10045,MRO-10045;MRO-10047;MRO-50009,EOT Crane,PUN-01,train,12,risk,caution,approved_on_validation,우선 점검 후보
2023-02-14,AST-1041,A2,8,7.277533167193417,0.1720381253448582,0.1193174727218431,MRO-10047;MRO-10046;MRO-20031,MRO-10047;MRO-10046;MRO-20031,CNC Lathe,PUN-01,train,12,risk,risk,approved_on_validation,우선 점검 후보
2023-02-14,AST-1042,A2,6,7.191584962628288,0.1694982210886776,0.1147155729443143,MRO-80001;MRO-10046;MRO-50009,MRO-80001;MRO-10046;MRO-50009,CNC Lathe,PUN-01,train,12,risk,risk,approved_on_validation,우선 점검 후보
2023-02-14,AST-2017,A2,8,8.50096678482621,0.2550245539899998,0.1855653060896906,MRO-40022;MRO-10046;MRO-80001,MRO-10046;MRO-80001;MRO-50009,Hydraulic Press,PUN-01,train,12,risk,risk,approved_on_validation,우선 점검 후보
2023-02-14,AST-2031,A2,10,7.817304795811372,0.208262876931087,0.1467621685771199,MRO-10047;MRO-20031;MRO-80001,MRO-10047;MRO-20031;MRO-80001,Hydraulic Press,CHN-02,train,12,risk,risk,approved_on_validation,우선 점검 후보
2023-02-14,AST-3008,A2,0,5.940179493338776,0.0980938101684797,0.0600894582921164,MRO-60015;MRO-20031;MRO-10046,MRO-20031;MRO-10046;MRO-50009,Belt Conveyor,CHN-02,train,12,normal,risk,approved_on_validation,우선 점검 후보
2023-02-14,AST-3019,A2,5,5.841782277235085,0.094143926428158,0.0584561009812896,MRO-10046;MRO-20031;MRO-80001,MRO-10046;MRO-20031;MRO-80001,Belt Conveyor,CHN-02,train,12,caution,risk,approved_on_validation,우선 점검 후보
2023-02-14,AST-4055,A2,4,8.351757146582658,0.2440375789056056,0.1774502848525076,MRO-40022;MRO-10046;MRO-80001,MRO-10046;MRO-80001;MRO-10047,Screw Compressor,DHR-03,train,12,caution,risk,approved_on_validation,우선 점검 후보
2023-02-14,AST-4061,A2,2,7.29810027010398,0.1745188563587837,0.1187634888522763,MRO-10045;MRO-20031;MRO-10046,MRO-10045;MRO-20031;MRO-10046,Screw Compressor,DHR-03,train,12,caution,risk,approved_on_validation,우선 점검 후보
2023-02-14,AST-5003,A2,13,9.29242323047698,0.30954556112515,0.2384839452034644,MRO-10047;MRO-10046;MRO-80001,MRO-10047;MRO-10046;MRO-80001,EOT Crane,DHR-03,train,12,high_risk,risk,approved_on_validation,우선 점검 후보
2023-02-14,AST-5007,A2,4,5.678542498778461,0.0861288624198022,0.05295610961007,MRO-10045;MRO-10047;MRO-20031,MRO-10045;MRO-10047;MRO-20031,EOT Crane,PUN-01,train,12,caution,caution,approved_on_validation,우선 점검 후보
2023-02-15,AST-1041,A2,8,6.8375843943089185,0.1469522852529579,0.0970216183519087,MRO-10045;MRO-10046;MRO-50009,MRO-10045;MRO-10046;MRO-50009,CNC Lathe,PUN-01,train,12,risk,risk,approved_on_validation,우선 점검 후보
2023-02-15,AST-1042,A2,9,6.5890505817273075,0.1332955663354438,0.0866525010319273,MRO-50009;MRO-10045;MRO-20031,MRO-50009;MRO-10045;MRO-20031,CNC Lathe,PUN-01,train,12,risk,risk,approved_on_validation,우선 점검 후보
2023-02-15,AST-2017,A2,12,8.652389316741099,0.2682289967965242,0.1966156873478129,MRO-50009;MRO-20031;MRO-10047,MRO-50009;MRO-20031;MRO-10047,Hydraulic Press,PUN-01,train,12,high_risk,risk,approved_on_validation,우선 점검 후보
2023-02-15,AST-2031,A2,10,7.924401231482149,0.2156746271842353,0.1529218317112214,MRO-10046;MRO-80001;MRO-20031,MRO-10046;MRO-80001;MRO-20031,Hydraulic Press,CHN-02,train,12,risk,risk,approved_on_validation,우선 점검 후보
2023-02-15,AST-3008,A2,3,6.900120224047824,0.151116794706263,0.1001434693924646,MRO-10045;MRO-10046;MRO-80001,MRO-10045;MRO-10046;MRO-80001,Belt Conveyor,CHN-02,train,12,caution,risk,approved_on_validation,우선 점검 후보
2023-02-15,AST-3019,A2,4,5.427729491897613,0.0769430963601237,0.0459010138271277,MRO-10047;MRO-20031;MRO-80001,MRO-10047;MRO-20031;MRO-80001,Belt Conveyor,CHN-02,train,12,caution,caution,approved_on_validation,우선 점검 후보
2023-02-15,AST-4055,A2,2,8.710818030359539,0.2690712086607549,0.1988377312980298,MRO-40022;MRO-20031;MRO-80001,MRO-20031;MRO-80001;MRO-10046,Screw Compressor,DHR-03,train,12,caution,risk,approved_on_validation,우선 점검 후보
2023-02-15,AST-4061,A2,11,8.336511554422525,0.2404684043499357,0.1767436349916706,MRO-10046;MRO-10045;MRO-20031,MRO-10046;MRO-10045;MRO-20031,Screw Compressor,DHR-03,train,12,risk,risk,approved_on_validation,우선 점검 후보
2023-02-15,AST-5003,A2,7,8.239938172327058,0.2375961245236171,0.1711337056122996,MRO-10047;MRO-10045;MRO-50009,MRO-10047;MRO-10045;MRO-50009,EOT Crane,DHR-03,train,12,risk,risk,approved_on_validation,우선 점검 후보
2023-02-15,AST-5007,A2,13,6.836822595457618,0.1427111338070644,0.0951375112740965,MRO-40022;MRO-20031;MRO-10045,MRO-20031;MRO-10045;MRO-50009,EOT Crane,PUN-01,train,12,high_risk,risk,approved_on_validation,우선 점검 후보
2023-02-16,AST-1041,A2,13,7.186680818002463,0.1674056122507763,0.112984970623368,MRO-10047;MRO-20031;MRO-80001,MRO-10047;MRO-20031;MRO-80001,CNC Lathe,PUN-01,train,12,high_risk,risk,approved_on_validation,우선 점검 후보
2023-02-16,AST-1042,A2,0,6.29653796900972,0.1168770786911899,0.0744528228669803,MRO-10047;MRO-80001;MRO-50009,MRO-10047;MRO-80001;MRO-50009,CNC Lathe,PUN-01,train,12,normal,risk,approved_on_validation,우선 점검 후보
2023-02-16,AST-2017,A2,16,8.753265125503274,0.27395481051451,0.2026674909271611,MRO-20031;MRO-50009;MRO-10046,MRO-20031;MRO-50009;MRO-10046,Hydraulic Press,PUN-01,train,12,high_risk,risk,approved_on_validation,우선 점검 후보
2023-02-16,AST-2031,A2,12,8.154190604797362,0.2328311733332459,0.1664761542692122,MRO-10047;MRO-20031;MRO-10045,MRO-10047;MRO-20031;MRO-10045,Hydraulic Press,CHN-02,train,12,high_risk,risk,approved_on_validation,우선 점검 후보
2023-02-16,AST-3008,A2,2,6.598994500747691,0.1332982019481606,0.0866089414037881,MRO-20031;MRO-80001;MRO-10046,MRO-20031;MRO-80001;MRO-10046,Belt Conveyor,CHN-02,train,12,caution,risk,approved_on_validation,우선 점검 후보
2023-02-16,AST-3019,A2,9,6.239601082611317,0.1123329552131141,0.0734420681706896,MRO-10046;MRO-50009;MRO-60016,MRO-10046;MRO-50009;MRO-10047,Belt Conveyor,CHN-02,train,12,risk,risk,approved_on_validation,우선 점검 후보
2023-02-16,AST-4055,A2,19,8.797681734811086,0.2743008917363482,0.2049643408398978,MRO-20031;MRO-10047;MRO-10046,MRO-20031;MRO-10047;MRO-10046,Screw Compressor,DHR-03,train,12,high_risk,risk,approved_on_validation,우선 점검 후보
2023-02-16,AST-4061,A2,14,7.375261382590404,0.1805943464895331,0.1231086225955065,MRO-10046;MRO-10045;MRO-20031,MRO-10046;MRO-10045;MRO-20031,Screw Compressor,DHR-03,train,12,high_risk,risk,approved_on_validation,우선 점검 후보
2023-02-16,AST-5003,A2,6,7.8550101584303,0.2104167592413446,0.1483357060748344,MRO-50009;MRO-10045;MRO-20031,MRO-50009;MRO-10045;MRO-20031,EOT Crane,DHR-03,train,12,risk,risk,approved_on_validation,우선 점검 후보
2023-02-16,AST-5007,A2,0,4.913533692705927,0.0538140034763027,0.0310407655274734,MRO-50009;MRO-40022;MRO-80001,MRO-50009;MRO-80001;MRO-20031,EOT Crane,PUN-01,train,12,normal,caution,approved_on_validation,우선 점검 후보
2023-02-17,AST-1041,A2,4,8.220625939174125,0.2314867659102171,0.1705563826934538,MRO-10047;MRO-80001;MRO-50009,MRO-10047;MRO-80001;MRO-50009,CNC Lathe,PUN-01,train,12,caution,risk,approved_on_validation,우선 점검 후보
2023-02-17,AST-1042,A2,11,6.186011654739736,0.1121332295069218,0.0704187618497958,MRO-10047;MRO-50009;MRO-80001,MRO-10047;MRO-50009;MRO-80001,CNC Lathe,PUN-01,train,12,risk,risk,approved_on_validation,우선 점검 후보
2023-02-17,AST-2017,A2,15,8.73209466571396,0.2703192733576735,0.2038728233764093,MRO-50009;MRO-20031;MRO-10047,MRO-50009;MRO-20031;MRO-10047,Hydraulic Press,PUN-01,train,12,high_risk,risk,approved_on_validation,우선 점검 후보
2023-02-17,AST-2031,A2,8,7.589907335594269,0.1926009485899746,0.1345708591928046,MRO-80001;MRO-20031;MRO-10045,MRO-80001;MRO-20031;MRO-10045,Hydraulic Press,CHN-02,train,12,risk,risk,approved_on_validation,우선 점검 후보
2023-02-17,AST-3008,A2,11,7.218923873638912,0.1697600399377259,0.114340193151449,MRO-10046;MRO-10045;MRO-20031,MRO-10046;MRO-10045;MRO-20031,Belt Conveyor,CHN-02,train,12,risk,risk,approved_on_validation,우선 점검 후보
2023-02-17,AST-3019,A2,8,6.070604525951115,0.1072942776530181,0.0666037189191332,MRO-50009;MRO-10046;MRO-10047,MRO-50009;MRO-10046;MRO-10047,Belt Conveyor,CHN-02,train,12,risk,risk,approved_on_validation,우선 점검 후보
2023-02-17,AST-4055,A2,4,8.518150554247306,0.2587341457762027,0.1869730762210804,MRO-20031;MRO-80001;MRO-10046,MRO-20031;MRO-80001;MRO-10046,Screw Compressor,DHR-03,train,12,caution,risk,approved_on_validation,우선 점검 후보
2023-02-17,AST-4061,A2,2,6.316426606270329,0.1181800594749213,0.0752611686036015,MRO-10046;MRO-10045;MRO-10047,MRO-10046;MRO-10045;MRO-10047,Screw Compressor,DHR-03,train,12,caution,risk,approved_on_validation,우선 점검 후보
2023-02-17,AST-5003,A2,14,9.674441062716069,0.3401284470881519,0.2645460693699337,MRO-10045;MRO-40021;MRO-10047,MRO-10045;MRO-10047;MRO-10046,EOT Crane,DHR-03,train,12,high_risk,risk,approved_on_validation,우선 점검 후보
2023-02-17,AST-5007,A2,2,6.544137251628121,0.1283379288238148,0.0853487564718414,MRO-20031;MRO-10045;MRO-10047,MRO-20031;MRO-10045;MRO-10047,EOT Crane,PUN-01,train,12,caution,risk,approved_on_validation,우선 점검 후보
2023-02-18,AST-1041,A2,0,0.0032522883011432,6.643568678611067e-12,6.771821113252446e-15,MRO-70005;MRO-10045;MRO-10046,MRO-10045;MRO-10046;MRO-50009,CNC Lathe,PUN-01,train,12,normal,normal,approved_on_validation,우선 점검 후보
2023-02-18,AST-1042,A2,0,0.0033277890148818,6.626157144089532e-12,6.985831794600055e-15,MRO-60016;MRO-10045;MRO-50009,MRO-10045;MRO-50009;MRO-10046,CNC Lathe,PUN-01,train,12,normal,normal,approved_on_validation,우선 점검 후보
2023-02-18,AST-2017,A2,0,0.0033253527665384,6.708854965445709e-12,7.147665112021182e-15,MRO-90012;MRO-40021;MRO-20032,MRO-80001;MRO-10045;MRO-10047,Hydraulic Press,PUN-01,train,12,normal,normal,approved_on_validation,우선 점검 후보
2023-02-18,AST-2031,A2,0,0.0034045305371672,8.288467192469013e-12,8.515635984580364e-15,MRO-10047;MRO-30011;MRO-10045,MRO-10047;MRO-10045;MRO-10046,Hydraulic Press,CHN-02,train,12,normal,normal,approved_on_validation,우선 점검 후보
2023-02-18,AST-3008,A2,0,0.0032341061643135,5.441589796541829e-12,6.0742424903896265e-15,MRO-70005;MRO-70004;MRO-10046,MRO-10046;MRO-10047;MRO-50009,Belt Conveyor,CHN-02,train,12,normal,normal,approved_on_validation,우선 점검 후보
2023-02-18,AST-3019,A2,0,0.0031921862433298,6.1012769938412816e-12,6.140494072724207e-15,MRO-10045;MRO-10046;MRO-10047,MRO-10045;MRO-10046;MRO-10047,Belt Conveyor,CHN-02,train,12,normal,normal,approved_on_validation,우선 점검 후보
2023-02-18,AST-4055,A2,0,0.0034407024107815,8.720068704353648e-12,9.068915250403031e-15,MRO-10046;MRO-80001;MRO-10047,MRO-10046;MRO-80001;MRO-10047,Screw Compressor,DHR-03,train,12,normal,normal,approved_on_validation,우선 점검 후보
2023-02-18,AST-4061,A2,0,0.0031159752960834,5.6443403929156666e-12,5.5844721695945675e-15,MRO-10047;MRO-90011;MRO-90012,MRO-10047;MRO-50009;MRO-80001,Screw Compressor,DHR-03,train,12,normal,normal,approved_on_validation,우선 점검 후보
2023-02-18,AST-5003,A2,0,0.0032661078051936,6.567501282675538e-12,6.7791994651429395e-15,MRO-20032;MRO-40022;MRO-60015,MRO-10045;MRO-10046;MRO-20031,EOT Crane,DHR-03,train,12,normal,normal,approved_on_validation,우선 점검 후보
2023-02-18,AST-5007,A2,0,0.003337934472085,6.701635360555763e-12,7.340845229817965e-15,MRO-70005;MRO-40021;MRO-10045,MRO-10045;MRO-10046;MRO-10047,EOT Crane,PUN-01,train,12,normal,normal,approved_on_validation,우선 점검 후보
2023-02-19,AST-1041,A2,0,0.0032587868853699,6.703904822634555e-12,6.837671194750187e-15,MRO-70005;MRO-10045;MRO-10046,MRO-10045;MRO-10046;MRO-10047,CNC Lathe,PUN-01,train,12,normal,normal,approved_on_validation,우선 점검 후보
2023-02-19,AST-1042,A2,0,0.0032401468680492,6.606335580155538e-12,6.681099757214046e-15,MRO-10046;MRO-10047;MRO-20031,MRO-10046;MRO-10047;MRO-20031,CNC Lathe,PUN-01,train,12,normal,normal,approved_on_validation,우선 점검 후보
2023-02-19,AST-2017,A2,0,0.0032303255625959,6.070252325608009e-12,6.2434572890991086e-15,MRO-40021;MRO-10047;MRO-30011,MRO-10047;MRO-10045;MRO-20031,Hydraulic Press,PUN-01,train,12,normal,normal,approved_on_validation,우선 점검 후보
2023-02-19,AST-2031,A2,0,0.0033514015543728,8.308584798544069e-12,8.31099883329276e-15,MRO-50009;MRO-10045;MRO-10046,MRO-50009;MRO-10045;MRO-10046,Hydraulic Press,CHN-02,train,12,normal,normal,approved_on_validation,우선 점검 후보
2023-02-19,AST-3008,A2,0,0.0033289737422892,6.58231043608807e-12,7.258726468131436e-15,MRO-70005;MRO-10046;MRO-10047,MRO-10046;MRO-10047;MRO-50009,Belt Conveyor,CHN-02,train,12,normal,normal,approved_on_validation,우선 점검 후보
2023-02-19,AST-3019,A2,0,0.0032153649229546,6.2875655613208766e-12,6.342374456551217e-15,MRO-40021;MRO-90012;MRO-50009,MRO-50009;MRO-10045;MRO-10046,Belt Conveyor,CHN-02,train,12,normal,normal,approved_on_validation,우선 점검 후보
2023-02-19,AST-4055,A2,0,0.0032442612816252,6.701244442901602e-12,6.778798115776214e-15,MRO-10045;MRO-10046;MRO-10047,MRO-10045;MRO-10046;MRO-10047,Screw Compressor,DHR-03,train,12,normal,normal,approved_on_validation,우선 점검 후보
2023-02-19,AST-4061,A2,0,0.0032742765598807,6.786079179905933e-12,6.9625153714236354e-15,MRO-70005;MRO-10045;MRO-10046,MRO-10045;MRO-10046;MRO-10047,Screw Compressor,DHR-03,train,12,normal,normal,approved_on_validation,우선 점검 후보
2023-02-19,AST-5003,A2,0,0.0033987570996205,6.588493636703352e-12,7.722176149788983e-15,MRO-70005;MRO-70004;MRO-20032,MRO-10045;MRO-10046;MRO-20031,EOT Crane,DHR-03,train,12,normal,normal,approved_on_validation,우선 점검 후보
2023-02-19,AST-5007,A2,0,0.0032484907819217,6.701497231566147e-12,6.764875741619181e-15,MRO-10045;MRO-10046;MRO-10047,MRO-10045;MRO-10046;MRO-10047,EOT Crane,PUN-01,train,12,normal,normal,approved_on_validation,우선 점검 후보
2023-02-20,AST-1041,A2,5,6.700951858743272,0.1373062225198288,0.0901552215687907,MRO-50009;MRO-10045;MRO-40022,MRO-50009;MRO-10045;MRO-10046,CNC Lathe,PUN-01,train,12,caution,risk,approved_on_validation,우선 점검 후보
2023-02-20,AST-1042,A2,10,6.679648114438459,0.1389659994168005,0.0906010946815921,MRO-10045;MRO-50009;MRO-80001,MRO-10045;MRO-50009;MRO-80001,CNC Lathe,PUN-01,train,12,risk,risk,approved_on_validation,우선 점검 후보
2023-02-20,AST-2017,A2,12,8.104606937032512,0.2262060382651191,0.1615315565638665,MRO-10047;MRO-80001;MRO-20031,MRO-10047;MRO-80001;MRO-20031,Hydraulic Press,PUN-01,train,12,high_risk,risk,approved_on_validation,우선 점검 후보
2023-02-20,AST-2031,A2,2,7.08476035648158,0.1620117899168963,0.1086978655903598,MRO-10045;MRO-10046;MRO-10047,MRO-10045;MRO-10046;MRO-10047,Hydraulic Press,CHN-02,train,12,caution,risk,approved_on_validation,우선 점검 후보
2023-02-20,AST-3008,A2,4,7.137161212844284,0.1619696445238171,0.1104296055808978,MRO-10045;MRO-20031;MRO-80001,MRO-10045;MRO-20031;MRO-80001,Belt Conveyor,CHN-02,train,12,caution,risk,approved_on_validation,우선 점검 후보
2023-02-20,AST-3019,A2,3,5.880787522815532,0.0970205329390573,0.0600158484623682,MRO-80001;MRO-10047;MRO-10046,MRO-80001;MRO-10047;MRO-10046,Belt Conveyor,CHN-02,train,12,caution,risk,approved_on_validation,우선 점검 후보
2023-02-20,AST-4055,A2,9,8.509886913292755,0.2535657888108204,0.1875350985391419,MRO-10046;MRO-10045;MRO-20031,MRO-10046;MRO-10045;MRO-20031,Screw Compressor,DHR-03,train,12,risk,risk,approved_on_validation,우선 점검 후보
2023-02-20,AST-4061,A2,2,6.483343791112903,0.1253532391289492,0.0812876224053093,MRO-50009;MRO-30012;MRO-10046,MRO-50009;MRO-10046;MRO-20031,Screw Compressor,DHR-03,train,12,caution,risk,approved_on_validation,우선 점검 후보
2023-02-20,AST-5003,A2,7,7.2034157544856114,0.1630308961210832,0.1149245612954531,MRO-20032;MRO-20031;MRO-10047,MRO-20031;MRO-10047;MRO-50009,EOT Crane,DHR-03,train,12,risk,risk,approved_on_validation,우선 점검 후보
2023-02-20,AST-5007,A2,16,6.221146330089841,0.1132494853359502,0.0718882149809944,MRO-50009;MRO-10045;MRO-10047,MRO-50009;MRO-10045;MRO-10047,EOT Crane,PUN-01,train,12,high_risk,risk,approved_on_validation,우선 점검 후보
2023-02-21,AST-1041,A2,4,7.257431252822735,0.1712087555291534,0.1153738207851084,MRO-80002;MRO-10045;MRO-10047,MRO-10045;MRO-10047;MRO-20031,CNC Lathe,PUN-01,train,12,caution,risk,approved_on_validation,우선 점검 후보
2023-02-21,AST-1042,A2,6,6.285701221909252,0.1170221295004076,0.073963026751932,MRO-10047;MRO-50009;MRO-10045,MRO-10047;MRO-50009;MRO-10045,CNC Lathe,PUN-01,train,12,risk,risk,approved_on_validation,우선 점검 후보
2023-02-21,AST-2017,A2,16,9.005315345174882,0.2899680578603107,0.219347172294854,MRO-10047;MRO-10045;MRO-10046,MRO-10047;MRO-10045;MRO-10046,Hydraulic Press,PUN-01,train,12,high_risk,risk,approved_on_validation,우선 점검 후보
2023-02-21,AST-2031,A2,7,7.830066246043683,0.2086110708891402,0.1472962192678589,MRO-50009;MRO-10047;MRO-10045,MRO-50009;MRO-10047;MRO-10045,Hydraulic Press,CHN-02,train,12,risk,risk,approved_on_validation,우선 점검 후보
2023-02-21,AST-3008,A2,7,6.781729139367489,0.1413472610092722,0.0940205607812225,MRO-10045;MRO-20031;MRO-80001,MRO-10045;MRO-20031;MRO-80001,Belt Conveyor,CHN-02,train,12,risk,risk,approved_on_validation,우선 점검 후보
2023-02-21,AST-3019,A2,8,5.752887062457454,0.0893983550660793,0.055693495544083,MRO-10047;MRO-80001;MRO-20031,MRO-10047;MRO-80001;MRO-20031,Belt Conveyor,CHN-02,train,12,risk,caution,approved_on_validation,우선 점검 후보
2023-02-21,AST-4055,A2,8,8.320124700257098,0.2392522205654109,0.176072927643971,MRO-70005;MRO-10046;MRO-20031,MRO-10046;MRO-20031;MRO-10045,Screw Compressor,DHR-03,train,12,risk,risk,approved_on_validation,우선 점검 후보
2023-02-21,AST-4061,A2,6,7.036893346638591,0.1580343574911646,0.1060391101076804,MRO-50009;MRO-10045;MRO-10046,MRO-50009;MRO-10045;MRO-10046,Screw Compressor,DHR-03,train,12,risk,risk,approved_on_validation,우선 점검 후보
2023-02-21,AST-5003,A2,11,8.162906917954421,0.2296366344776672,0.1661128820485453,MRO-50009;MRO-10045;MRO-10047,MRO-50009;MRO-10045;MRO-10047,EOT Crane,DHR-03,train,12,risk,risk,approved_on_validation,우선 점검 후보
2023-02-21,AST-5007,A2,10,6.078284534302108,0.1045589726251898,0.0660470037412543,MRO-40022;MRO-10047;MRO-50009,MRO-10047;MRO-50009;MRO-10046,EOT Crane,PUN-01,train,12,risk,risk,approved_on_validation,우선 점검 후보
2023-02-22,AST-1041,A2,2,6.507464957960818,0.1268354931665262,0.082439899695715,MRO-10047;MRO-20031;MRO-50009,MRO-10047;MRO-20031;MRO-50009,CNC Lathe,PUN-01,train,12,caution,risk,approved_on_validation,우선 점검 후보
2023-02-22,AST-1042,A2,3,6.561913817146424,0.1311585198917662,0.0844131908381967,MRO-40022;MRO-10047;MRO-30011,MRO-10047;MRO-50009;MRO-10045,CNC Lathe,PUN-01,train,12,caution,risk,approved_on_validation,우선 점검 후보
2023-02-22,AST-2017,A2,7,8.490619295877215,0.2516165590085251,0.1864981960964715,MRO-20031;MRO-10047;MRO-80001,MRO-20031;MRO-10047;MRO-80001,Hydraulic Press,PUN-01,train,12,risk,risk,approved_on_validation,우선 점검 후보
2023-02-22,AST-2031,A2,5,7.722268205901645,0.2006739791649822,0.1416510934511686,MRO-50009;MRO-10045;MRO-10047,MRO-50009;MRO-10045;MRO-10047,Hydraulic Press,CHN-02,train,12,caution,risk,approved_on_validation,우선 점검 후보
2023-02-22,AST-3008,A2,2,6.448109457369294,0.1255310227922304,0.0806634438303778,MRO-20031;MRO-80001;MRO-10045,MRO-20031;MRO-80001;MRO-10045,Belt Conveyor,CHN-02,train,12,caution,risk,approved_on_validation,우선 점검 후보
2023-02-22,AST-3019,A2,8,5.910264180995088,0.0990058706825283,0.061232950603754,MRO-10045;MRO-50009;MRO-10047,MRO-10045;MRO-50009;MRO-10047,Belt Conveyor,CHN-02,train,12,risk,risk,approved_on_validation,우선 점검 후보
2023-02-22,AST-4055,A2,1,8.427412846507584,0.2510624991448023,0.1819177619611177,MRO-10047;MRO-80001;MRO-10046,MRO-10047;MRO-80001;MRO-10046,Screw Compressor,DHR-03,train,12,caution,risk,approved_on_validation,우선 점검 후보
2023-02-22,AST-4061,A2,13,7.414378016832349,0.1812450926365268,0.1250964663778306,MRO-10047;MRO-10045;MRO-20031,MRO-10047;MRO-10045;MRO-20031,Screw Compressor,DHR-03,train,12,high_risk,risk,approved_on_validation,우선 점검 후보
2023-02-22,AST-5003,A2,7,8.299295104314346,0.2389969475057924,0.1745038417645699,MRO-20031;MRO-50009;MRO-10045,MRO-20031;MRO-50009;MRO-10045,EOT Crane,DHR-03,train,12,risk,risk,approved_on_validation,우선 점검 후보
2023-02-22,AST-5007,A2,4,5.640760158622314,0.0839787568800769,0.0512795535232738,MRO-10047;MRO-50009;MRO-10046,MRO-10047;MRO-50009;MRO-10046,EOT Crane,PUN-01,train,12,caution,caution,approved_on_validation,우선 점검 후보
2023-02-23,AST-1041,A2,7,6.54585299130305,0.1271789076747748,0.0828680983864093,MRO-80002;MRO-40021;MRO-10047,MRO-10047;MRO-20031;MRO-50009,CNC Lathe,PUN-01,train,12,risk,risk,approved_on_validation,우선 점검 후보
2023-02-23,AST-1042,A2,13,6.448275221674365,0.1244900092006834,0.0806893046721492,MRO-50009;MRO-10047;MRO-10045,MRO-50009;MRO-10047;MRO-10045,CNC Lathe,PUN-01,train,12,high_risk,risk,approved_on_validation,우선 점검 후보
2023-02-23,AST-2017,A2,8,8.778526439951658,0.276545992495985,0.2039417561367053,MRO-10047;MRO-80001;MRO-20031,MRO-10047;MRO-80001;MRO-20031,Hydraulic Press,PUN-01,train,12,risk,risk,approved_on_validation,우선 점검 후보
2023-02-23,AST-2031,A2,3,7.759608265010644,0.204057672985436,0.143068599840211,MRO-10047;MRO-10045;MRO-20031,MRO-10047;MRO-10045;MRO-20031,Hydraulic Press,CHN-02,train,12,caution,risk,approved_on_validation,우선 점검 후보
2023-02-23,AST-3008,A2,4,7.115291892029214,0.1619189182666865,0.1092654996965274,MRO-10045;MRO-80001;MRO-20031,MRO-10045;MRO-80001;MRO-20031,Belt Conveyor,CHN-02,train,12,caution,risk,approved_on_validation,우선 점검 후보
2023-02-23,AST-3019,A2,2,5.807433945646414,0.0922370790501378,0.0566611436069764,MRO-10045;MRO-20031;MRO-10047,MRO-10045;MRO-20031;MRO-10047,Belt Conveyor,CHN-02,train,12,caution,risk,approved_on_validation,우선 점검 후보
2023-02-23,AST-4055,A2,5,8.45517284955392,0.2521545765448802,0.184455355757227,MRO-10045;MRO-10046;MRO-20031,MRO-10045;MRO-10046;MRO-20031,Screw Compressor,DHR-03,train,12,caution,risk,approved_on_validation,우선 점검 후보
2023-02-23,AST-4061,A2,8,7.114331982588579,0.1646082738784643,0.1107201733046838,MRO-80001;MRO-10047;MRO-10045,MRO-80001;MRO-10047;MRO-10045,Screw Compressor,DHR-03,train,12,risk,risk,approved_on_validation,우선 점검 후보
2023-02-23,AST-5003,A2,9,8.539332206547545,0.2567928669111677,0.1894888986315774,MRO-50009;MRO-10045;MRO-10047,MRO-50009;MRO-10045;MRO-10047,EOT Crane,DHR-03,train,12,risk,risk,approved_on_validation,우선 점검 후보
2023-02-23,AST-5007,A2,12,5.956263368218735,0.0997997060691643,0.0627286758598062,MRO-10045;MRO-50009;MRO-80001,MRO-10045;MRO-50009;MRO-80001,EOT Crane,PUN-01,train,12,high_risk,risk,approved_on_validation,우선 점검 후보
2023-02-24,AST-1041,A2,14,7.289563833722564,0.1734449638592911,0.1179004995613475,MRO-10047;MRO-10045;MRO-10046,MRO-10047;MRO-10045;MRO-10046,CNC Lathe,PUN-01,train,12,high_risk,risk,approved_on_validation,우선 점검 후보
2023-02-24,AST-1042,A2,3,6.595673136929536,0.1336529324633768,0.0857771834642574,MRO-20033;MRO-20031;MRO-80001,MRO-20031;MRO-80001;MRO-10047,CNC Lathe,PUN-01,train,12,caution,risk,approved_on_validation,우선 점검 후보
2023-02-24,AST-2017,A2,10,8.92087205639858,0.2871689605534341,0.212728066795928,MRO-80001;MRO-20031;MRO-10047,MRO-80001;MRO-20031;MRO-10047,Hydraulic Press,PUN-01,train,12,risk,risk,approved_on_validation,우선 점검 후보
2023-02-24,AST-2031,A2,12,8.091603462506137,0.2272963043527434,0.1618564611603279,MRO-10045;MRO-20031;MRO-80001,MRO-10045;MRO-20031;MRO-80001,Hydraulic Press,CHN-02,train,12,high_risk,risk,approved_on_validation,우선 점검 후보
2023-02-24,AST-3008,A2,6,7.27062489640981,0.1729233127103534,0.1169744629897727,MRO-80001;MRO-10045;MRO-20031,MRO-80001;MRO-10045;MRO-20031,Belt Conveyor,CHN-02,train,12,risk,risk,approved_on_validation,우선 점검 후보
2023-02-24,AST-3019,A2,4,5.878240295150464,0.09584260323828,0.0595305741748641,MRO-20031;MRO-10045;MRO-60015,MRO-20031;MRO-10045;MRO-10047,Belt Conveyor,CHN-02,train,12,caution,risk,approved_on_validation,우선 점검 후보
2023-02-24,AST-4055,A2,11,8.256437489975509,0.2403203713837185,0.172437232816009,MRO-10047;MRO-10045;MRO-10046,MRO-10047;MRO-10045;MRO-10046,Screw Compressor,DHR-03,train,12,risk,risk,approved_on_validation,우선 점검 후보
2023-02-24,AST-4061,A2,9,7.576073371913952,0.1909503908034759,0.133144567958557,MRO-10047;MRO-20031;MRO-10045,MRO-10047;MRO-20031;MRO-10045,Screw Compressor,DHR-03,train,12,risk,risk,approved_on_validation,우선 점검 후보
2023-02-24,AST-5003,A2,14,8.000500493776284,0.219614001216476,0.155865732605091,MRO-10045;MRO-10047;MRO-10046,MRO-10045;MRO-10047;MRO-10046,EOT Crane,DHR-03,train,12,high_risk,risk,approved_on_validation,우선 점검 후보
2023-02-24,AST-5007,A2,4,5.527663490402611,0.0800146167754016,0.0470760059304578,MRO-40021;MRO-50008;MRO-80001,MRO-80001;MRO-50009;MRO-20031,EOT Crane,PUN-01,train,12,caution,caution,approved_on_validation,우선 점검 후보
2023-02-25,AST-1041,A2,0,0.0033368522587033,5.793277258562042e-12,6.675680991388253e-15,MRO-70005;MRO-80002;MRO-70004,MRO-10046;MRO-50009;MRO-80001,CNC Lathe,PUN-01,train,12,normal,normal,approved_on_validation,우선 점검 후보
2023-02-25,AST-1042,A2,0,0.0032676843163421,6.599826337357304e-12,6.776947255061973e-15,MRO-20033;MRO-10047;MRO-20031,MRO-10047;MRO-20031;MRO-50009,CNC Lathe,PUN-01,train,12,normal,normal,approved_on_validation,우선 점검 후보
2023-02-25,AST-2017,A2,0,0.003268904185194,6.751475363534244e-12,6.8806266200870324e-15,MRO-50009;MRO-30012;MRO-60016,MRO-50009;MRO-10046;MRO-10047,Hydraulic Press,PUN-01,train,12,normal,normal,approved_on_validation,우선 점검 후보
2023-02-25,AST-2031,A2,0,0.0032284432935068,6.59089237384011e-12,6.6347780711808755e-15,MRO-70005;MRO-10045;MRO-10046,MRO-10045;MRO-10046;MRO-50009,Hydraulic Press,CHN-02,train,12,normal,normal,approved_on_validation,우선 점검 후보
2023-02-25,AST-3008,A2,0,0.0033662811142659,6.685935743900717e-12,7.549251191947771e-15,MRO-70005;MRO-70004;MRO-10045,MRO-10045;MRO-10046;MRO-10047,Belt Conveyor,CHN-02,train,12,normal,normal,approved_on_validation,우선 점검 후보
2023-02-25,AST-3019,A2,0,0.0032528014540929,5.9563388788253365e-12,6.424901733592999e-15,MRO-70005;MRO-10045;MRO-10046,MRO-10045;MRO-10046;MRO-10047,Belt Conveyor,CHN-02,train,12,normal,normal,approved_on_validation,우선 점검 후보
2023-02-25,AST-4055,A2,0,0.003243884279811,6.665368201008132e-12,6.761674674477932e-15,MRO-70005;MRO-10046;MRO-10047,MRO-10046;MRO-10047;MRO-20031,Screw Compressor,DHR-03,train,12,normal,normal,approved_on_validation,우선 점검 후보
2023-02-25,AST-4061,A2,0,0.0032775679148095,6.773906912325318e-12,6.954442750103299e-15,MRO-70005;MRO-10046;MRO-40022,MRO-10046;MRO-10045;MRO-20031,Screw Compressor,DHR-03,train,12,normal,normal,approved_on_validation,우선 점검 후보
2023-02-25,AST-5003,A2,0,0.0033768714425224,7.163025969569915e-12,7.641343526254912e-15,MRO-80002;MRO-70005;MRO-20031,MRO-20031;MRO-10046;MRO-50009,EOT Crane,DHR-03,train,12,normal,normal,approved_on_validation,우선 점검 후보
2023-02-25,AST-5007,A2,0,0.0033190193059568,7.17913512287085e-12,7.363388029254957e-15,MRO-10045;MRO-10046;MRO-60015,MRO-10045;MRO-10046;MRO-10047,EOT Crane,PUN-01,train,12,normal,normal,approved_on_validation,우선 점검 후보
2023-02-26,AST-1041,A2,0,0.0031938452823933,5.802225405683568e-12,5.922912570554353e-15,MRO-80002;MRO-70004;MRO-20033,MRO-10046;MRO-50009;MRO-80001,CNC Lathe,PUN-01,train,12,normal,normal,approved_on_validation,우선 점검 후보
2023-02-26,AST-1042,A2,0,0.0032443715077329,6.620360397188689e-12,6.7157140058263804e-15,MRO-10045;MRO-10046;MRO-10047,MRO-10045;MRO-10046;MRO-10047,CNC Lathe,PUN-01,train,12,normal,normal,approved_on_validation,우선 점검 후보
2023-02-26,AST-2017,A2,0,0.0035876073474447,8.456100437890459e-12,9.40875252278389e-15,MRO-50009;MRO-30012;MRO-60016,MRO-50009;MRO-10047;MRO-20031,Hydraulic Press,PUN-01,train,12,normal,normal,approved_on_validation,우선 점검 후보
2023-02-26,AST-2031,A2,0,0.0034206415732185,9.136489411964356e-12,9.20908613886011e-15,MRO-10047;MRO-20031;MRO-10045,MRO-10047;MRO-20031;MRO-10045,Hydraulic Press,CHN-02,train,12,normal,normal,approved_on_validation,우선 점검 후보
2023-02-26,AST-3008,A2,0,0.0033445030844293,6.58220868234151e-12,7.361750897829102e-15,MRO-70005;MRO-70004;MRO-10045,MRO-10045;MRO-10046;MRO-10047,Belt Conveyor,CHN-02,train,12,normal,normal,approved_on_validation,우선 점검 후보
2023-02-26,AST-3019,A2,0,0.0031871130953619,6.16900825294239e-12,6.1712756527027995e-15,MRO-10045;MRO-40021;MRO-50008,MRO-10045;MRO-20031;MRO-10046,Belt Conveyor,CHN-02,train,12,normal,normal,approved_on_validation,우선 점검 후보
2023-02-26,AST-4055,A2,0,0.0032647531334142,6.687502413040373e-12,6.833169345439147e-15,MRO-40022;MRO-10046;MRO-10047,MRO-10046;MRO-10047;MRO-20031,Screw Compressor,DHR-03,train,12,normal,normal,approved_on_validation,우선 점검 후보
2023-02-26,AST-4061,A2,0,0.0032516133494084,6.646999193404979e-12,6.772062076131267e-15,MRO-70005;MRO-10045;MRO-10047,MRO-10045;MRO-10047;MRO-20031,Screw Compressor,DHR-03,train,12,normal,normal,approved_on_validation,우선 점검 후보
2023-02-26,AST-5003,A2,0,0.0032164703840621,6.1682160207408986e-12,6.4054224550389415e-15,MRO-70004;MRO-70005;MRO-10046,MRO-10046;MRO-50009;MRO-80001,EOT Crane,DHR-03,train,12,normal,normal,approved_on_validation,우선 점검 후보
2023-02-26,AST-5007,A2,0,0.0032506879746734,6.7014913748448785e-12,6.780568892260559e-15,MRO-10045;MRO-10046;MRO-10047,MRO-10045;MRO-10046;MRO-10047,EOT Crane,PUN-01,train,12,normal,normal,approved_on_validation,우선 점검 후보
2023-02-27,AST-1041,A2,7,9.503866119856498,0.328740501425267,0.2541008947087718,MRO-80002;MRO-10046;MRO-10047,MRO-10046;MRO-10047;MRO-10045,CNC Lathe,PUN-01,train,12,risk,risk,approved_on_validation,우선 점검 후보
2023-02-27,AST-1042,A2,9,6.313017491742376,0.1176456644725516,0.07497310196896,MRO-10047;MRO-80001;MRO-50009,MRO-10047;MRO-80001;MRO-50009,CNC Lathe,PUN-01,train,12,risk,risk,approved_on_validation,우선 점검 후보
2023-02-27,AST-2017,A2,10,8.912551214399672,0.2857155582865699,0.2122122504456799,MRO-10046;MRO-10047;MRO-10045,MRO-10046;MRO-10047;MRO-10045,Hydraulic Press,PUN-01,train,12,risk,risk,approved_on_validation,우선 점검 후보
2023-02-27,AST-2031,A2,6,7.4355354189467215,0.1832169979116677,0.1264987829890084,MRO-10047;MRO-20031;MRO-50009,MRO-10047;MRO-20031;MRO-50009,Hydraulic Press,CHN-02,train,12,risk,risk,approved_on_validation,우선 점검 후보
2023-02-27,AST-3008,A2,5,7.458990779930908,0.1821254772041271,0.1260895849904075,MRO-40022;MRO-80001;MRO-10045,MRO-80001;MRO-10045;MRO-20031,Belt Conveyor,CHN-02,train,12,caution,risk,approved_on_validation,우선 점검 후보
2023-02-27,AST-3019,A2,1,5.885558101350504,0.0961887385955861,0.0600326712160222,MRO-20031;MRO-10045;MRO-50009,MRO-20031;MRO-10045;MRO-50009,Belt Conveyor,CHN-02,train,12,caution,risk,approved_on_validation,우선 점검 후보
2023-02-27,AST-4055,A2,12,8.525035262633077,0.2581592324072114,0.1875095955977399,MRO-80001;MRO-10047;MRO-10046,MRO-80001;MRO-10047;MRO-10046,Screw Compressor,DHR-03,train,12,high_risk,risk,approved_on_validation,우선 점검 후보
2023-02-27,AST-4061,A2,2,6.544145666597279,0.1291322337929302,0.0839192628210215,MRO-50009;MRO-30011;MRO-30012,MRO-50009;MRO-80001;MRO-10046,Screw Compressor,DHR-03,train,12,caution,risk,approved_on_validation,우선 점검 후보
2023-02-27,AST-5003,A2,4,7.893488052868208,0.2119193286633409,0.1499845948700039,MRO-10045;MRO-50009;MRO-10047,MRO-10045;MRO-50009;MRO-10047,EOT Crane,DHR-03,train,12,caution,risk,approved_on_validation,우선 점검 후보
2023-02-27,AST-5007,A2,3,5.80090799926048,0.087516886650763,0.0558619817933971,MRO-20032;MRO-30012;MRO-10045,MRO-10045;MRO-50009;MRO-10047,EOT Crane,PUN-01,train,12,caution,caution,approved_on_validation,우선 점검 후보
2023-02-28,AST-1041,A2,17,10.200034398440485,0.3867392642228135,0.3027041680053326,MRO-20031;MRO-10047;MRO-10045,MRO-20031;MRO-10047;MRO-10045,CNC Lathe,PUN-01,train,12,high_risk,risk,approved_on_validation,우선 점검 후보
2023-02-28,AST-1042,A2,10,6.41868513909804,0.1232016266520429,0.0793901897916783,MRO-10047;MRO-10045;MRO-80001,MRO-10047;MRO-10045;MRO-80001,CNC Lathe,PUN-01,train,12,risk,risk,approved_on_validation,우선 점검 후보
2023-02-28,AST-2017,A2,10,8.841261625327652,0.2778199649310405,0.2083434425584452,MRO-10045;MRO-10046;MRO-50009,MRO-10045;MRO-10046;MRO-50009,Hydraulic Press,PUN-01,train,12,risk,risk,approved_on_validation,우선 점검 후보
2023-02-28,AST-2031,A2,14,7.760317266143098,0.2041308497374188,0.143540221230754,MRO-10047;MRO-20031;MRO-10046,MRO-10047;MRO-20031;MRO-10046,Hydraulic Press,CHN-02,train,12,high_risk,risk,approved_on_validation,우선 점검 후보
2023-02-28,AST-3008,A2,0,6.337905381446611,0.1190803829068189,0.076021693083073,MRO-80001;MRO-10045;MRO-10047,MRO-80001;MRO-10045;MRO-10047,Belt Conveyor,CHN-02,train,12,normal,risk,approved_on_validation,우선 점검 후보
2023-02-28,AST-3019,A2,7,6.88218051088285,0.1425341400413156,0.0973676083144119,MRO-40021;MRO-50008;MRO-70004,MRO-10045;MRO-10047;MRO-80001,Belt Conveyor,CHN-02,train,12,risk,risk,approved_on_validation,우선 점검 후보
2023-02-28,AST-4055,A2,15,8.600637701207996,0.2599701226578389,0.1926600873966158,MRO-10045;MRO-80001;MRO-10046,MRO-10045;MRO-80001;MRO-10046,Screw Compressor,DHR-03,train,12,high_risk,risk,approved_on_validation,우선 점검 후보
2023-02-28,AST-4061,A2,6,7.077897278532826,0.1627868712884758,0.108135520733931,MRO-50009;MRO-10046;MRO-10047,MRO-50009;MRO-10046;MRO-10047,Screw Compressor,DHR-03,train,12,risk,risk,approved_on_validation,우선 점검 후보
2023-02-28,AST-5003,A2,9,7.659104173310177,0.1975191186218674,0.1385835565685969,MRO-80001;MRO-10046;MRO-20031,MRO-80001;MRO-10046;MRO-20031,EOT Crane,DHR-03,train,12,risk,risk,approved_on_validation,우선 점검 후보
2023-02-28,AST-5007,A2,2,5.286500805435245,0.069103669940901,0.0405377169549022,MRO-60016;MRO-10045;MRO-10046,MRO-10045;MRO-10046;MRO-10047,EOT Crane,PUN-01,train,12,caution,caution,approved_on_validation,우선 점검 후보
2023-03-01,AST-1041,A2,4,5.972800004428715,0.0994876153184297,0.0625409707625991,MRO-50009;MRO-80001;MRO-80002,MRO-50009;MRO-80001;MRO-10047,CNC Lathe,PUN-01,train,12,caution,risk,approved_on_validation,우선 점검 후보
2023-03-01,AST-1042,A2,8,6.419747900829223,0.1240525981748806,0.0795100892478327,MRO-50009;MRO-10047;MRO-80001,MRO-50009;MRO-10047;MRO-80001,CNC Lathe,PUN-01,train,12,risk,risk,approved_on_validation,우선 점검 후보
2023-03-01,AST-2017,A2,5,6.731578531243333,0.140759272228049,0.0932732733987129,MRO-50009;MRO-20031;MRO-10045,MRO-50009;MRO-20031;MRO-10045,Hydraulic Press,PUN-01,train,12,caution,risk,approved_on_validation,우선 점검 후보
2023-03-01,AST-2031,A2,4,7.298771814934169,0.1738616855273039,0.119109396289267,MRO-50009;MRO-10046;MRO-10045,MRO-50009;MRO-10046;MRO-10045,Hydraulic Press,CHN-02,train,12,caution,risk,approved_on_validation,우선 점검 후보
2023-03-01,AST-3008,A2,8,6.432288223557873,0.1233362425322774,0.0799360311909046,MRO-10045;MRO-80001;MRO-20031,MRO-10045;MRO-80001;MRO-20031,Belt Conveyor,CHN-02,train,12,risk,risk,approved_on_validation,우선 점검 후보
2023-03-01,AST-3019,A2,2,5.481689476371827,0.0775799617320142,0.0474913572627865,MRO-40021;MRO-10046;MRO-50009,MRO-10046;MRO-50009;MRO-10045,Belt Conveyor,CHN-02,train,12,caution,caution,approved_on_validation,우선 점검 후보
2023-03-01,AST-4055,A2,8,8.499732959647528,0.2571585546314388,0.1863315430332029,MRO-80001;MRO-20031;MRO-10047,MRO-80001;MRO-20031;MRO-10047,Screw Compressor,DHR-03,train,12,risk,risk,approved_on_validation,우선 점검 후보
2023-03-01,AST-4061,A2,5,7.044005917996195,0.1595784357988947,0.1069434793303274,MRO-80001;MRO-10046;MRO-10047,MRO-80001;MRO-10046;MRO-10047,Screw Compressor,DHR-03,train,12,caution,risk,approved_on_validation,우선 점검 후보
2023-03-01,AST-5003,A2,2,7.905057992965805,0.2159192619249696,0.1512323940070802,MRO-10047;MRO-20031;MRO-10045,MRO-10047;MRO-20031;MRO-10045,EOT Crane,DHR-03,train,12,caution,risk,approved_on_validation,우선 점검 후보
2023-03-01,AST-5007,A2,13,5.80289114535564,0.0885106480168418,0.056421990787404,MRO-40022;MRO-20031;MRO-10045,MRO-20031;MRO-10045;MRO-10047,EOT Crane,PUN-01,train,12,high_risk,caution,approved_on_validation,우선 점검 후보
2023-03-02,AST-1041,A2,2,6.01747362680058,0.1016511894394156,0.0639638874793204,MRO-50009;MRO-80001;MRO-10047,MRO-50009;MRO-80001;MRO-10047,CNC Lathe,PUN-01,train,12,caution,risk,approved_on_validation,우선 점검 후보
2023-03-02,AST-1042,A2,2,6.104578700821266,0.1071242738971551,0.0672510161076339,MRO-10045;MRO-10047;MRO-50009,MRO-10045;MRO-10047;MRO-50009,CNC Lathe,PUN-01,train,12,caution,risk,approved_on_validation,우선 점검 후보
2023-03-02,AST-2017,A2,6,8.649305791240382,0.2667516314187002,0.1953711831318542,MRO-10046;MRO-10047;MRO-10045,MRO-10046;MRO-10047;MRO-10045,Hydraulic Press,PUN-01,train,12,risk,risk,approved_on_validation,우선 점검 후보
2023-03-02,AST-2031,A2,2,7.334836801947974,0.1770282627608251,0.1215975810203454,MRO-10047;MRO-10046;MRO-20031,MRO-10047;MRO-10046;MRO-20031,Hydraulic Press,CHN-02,train,12,caution,risk,approved_on_validation,우선 점검 후보
2023-03-02,AST-3008,A2,4,6.19442362452038,0.1131378872460994,0.0704988434057848,MRO-10045;MRO-20031;MRO-80001,MRO-10045;MRO-20031;MRO-80001,Belt Conveyor,CHN-02,train,12,caution,risk,approved_on_validation,우선 점검 후보
2023-03-02,AST-3019,A2,4,5.40477085677178,0.0755446751328129,0.0451724425598435,MRO-10046;MRO-20031;MRO-10045,MRO-10046;MRO-20031;MRO-10045,Belt Conveyor,CHN-02,train,12,caution,caution,approved_on_validation,우선 점검 후보
2023-03-02,AST-4055,A2,6,8.767074259512091,0.275184037428077,0.202827081587112,MRO-10046;MRO-20031;MRO-10047,MRO-10046;MRO-20031;MRO-10047,Screw Compressor,DHR-03,train,12,risk,risk,approved_on_validation,우선 점검 후보
2023-03-02,AST-4061,A2,12,6.705974358219992,0.140008387488524,0.0914042728833465,MRO-20031;MRO-50009;MRO-10046,MRO-20031;MRO-50009;MRO-10046,Screw Compressor,DHR-03,train,12,high_risk,risk,approved_on_validation,우선 점검 후보
2023-03-02,AST-5003,A2,4,7.674801763983019,0.1990893932740796,0.1388054422797978,MRO-80001;MRO-10045;MRO-10047,MRO-80001;MRO-10045;MRO-10047,EOT Crane,DHR-03,train,12,caution,risk,approved_on_validation,우선 점검 후보
2023-03-02,AST-5007,A2,10,6.146285807280694,0.1099584043948361,0.0695411107886413,MRO-10045;MRO-20031;MRO-10046,MRO-10045;MRO-20031;MRO-10046,EOT Crane,PUN-01,train,12,risk,risk,approved_on_validation,우선 점검 후보
2023-03-03,AST-1041,A2,5,6.530296473520746,0.1287514974305154,0.0843567136603548,MRO-10047;MRO-20031;MRO-50009,MRO-10047;MRO-20031;MRO-50009,CNC Lathe,PUN-01,train,12,caution,risk,approved_on_validation,우선 점검 후보
2023-03-03,AST-1042,A2,6,6.1117459714787294,0.1072389460349509,0.0677486675996185,MRO-80001;MRO-10047;MRO-50009,MRO-80001;MRO-10047;MRO-50009,CNC Lathe,PUN-01,train,12,risk,risk,approved_on_validation,우선 점검 후보
2023-03-03,AST-2017,A2,12,9.140438076960502,0.3034960849103705,0.2291127254971393,MRO-10046;MRO-10047;MRO-10045,MRO-10046;MRO-10047;MRO-10045,Hydraulic Press,PUN-01,train,12,high_risk,risk,approved_on_validation,우선 점검 후보
2023-03-03,AST-2031,A2,6,7.370776188819023,0.1798172864509349,0.1235644279685113,MRO-10046;MRO-20031;MRO-10047,MRO-10046;MRO-20031;MRO-10047,Hydraulic Press,CHN-02,train,12,risk,risk,approved_on_validation,우선 점검 후보
2023-03-03,AST-3008,A2,7,6.668397380303374,0.1373658599797578,0.0901197020337572,MRO-10045;MRO-80001;MRO-20031,MRO-10045;MRO-80001;MRO-20031,Belt Conveyor,CHN-02,train,12,risk,risk,approved_on_validation,우선 점검 후보
2023-03-03,AST-3019,A2,6,5.5888714022520976,0.0832372704771278,0.0503893281491371,MRO-10046;MRO-20031;MRO-10047,MRO-10046;MRO-20031;MRO-10047,Belt Conveyor,CHN-02,train,12,risk,caution,approved_on_validation,우선 점검 후보
2023-03-03,AST-4055,A2,11,8.42350143384068,0.2511496314049598,0.1807482345957571,MRO-60016;MRO-20031;MRO-10046,MRO-20031;MRO-10046;MRO-10047,Screw Compressor,DHR-03,train,12,risk,risk,approved_on_validation,우선 점검 후보
2023-03-03,AST-4061,A2,2,6.735043107686048,0.1402683096381,0.0927797093194674,MRO-50009;MRO-10045;MRO-20031,MRO-50009;MRO-10045;MRO-20031,Screw Compressor,DHR-03,train,12,caution,risk,approved_on_validation,우선 점검 후보
2023-03-03,AST-5003,A2,10,7.348970484080929,0.178321540174862,0.120732792345799,MRO-10045;MRO-50009;MRO-80001,MRO-10045;MRO-50009;MRO-80001,EOT Crane,DHR-03,train,12,risk,risk,approved_on_validation,우선 점검 후보
2023-03-03,AST-5007,A2,7,6.3886408257976806,0.1213771339868198,0.0797465280640034,MRO-50009;MRO-20031;MRO-10045,MRO-50009;MRO-20031;MRO-10045,EOT Crane,PUN-01,train,12,risk,risk,approved_on_validation,우선 점검 후보
2023-03-04,AST-1041,A2,0,0.0032326995841454,6.9603611095846155e-12,6.726501297064836e-15,MRO-10045;MRO-80002;MRO-10046,MRO-10045;MRO-10046;MRO-10047,CNC Lathe,PUN-01,train,12,normal,normal,approved_on_validation,우선 점검 후보
2023-03-04,AST-1042,A2,0,0.003201616796206,6.292554079644487e-12,6.327965446097391e-15,MRO-10045;MRO-10046;MRO-10047,MRO-10045;MRO-10046;MRO-10047,CNC Lathe,PUN-01,train,12,normal,normal,approved_on_validation,우선 점검 후보
2023-03-04,AST-2017,A2,0,0.0032792782369955,7.378079115628363e-12,7.397166549102091e-15,MRO-20031;MRO-70005;MRO-70004,MRO-20031;MRO-10046;MRO-10047,Hydraulic Press,PUN-01,train,12,normal,normal,approved_on_validation,우선 점검 후보
2023-03-04,AST-2031,A2,0,0.0033368362253722,7.991751942517804e-12,8.034791917825087e-15,MRO-10047;MRO-10045;MRO-10046,MRO-10047;MRO-10045;MRO-10046,Hydraulic Press,CHN-02,train,12,normal,normal,approved_on_validation,우선 점검 후보
2023-03-04,AST-3008,A2,0,0.0033253411684184,7.975520341376377e-12,7.899305482769407e-15,MRO-10045;MRO-10046;MRO-10047,MRO-10045;MRO-10046;MRO-10047,Belt Conveyor,CHN-02,train,12,normal,normal,approved_on_validation,우선 점검 후보
2023-03-04,AST-3019,A2,0,0.0032132887879608,6.5281959668365114e-12,6.528440803552497e-15,MRO-10047;MRO-10045;MRO-20031,MRO-10047;MRO-10045;MRO-20031,Belt Conveyor,CHN-02,train,12,normal,normal,approved_on_validation,우선 점검 후보
2023-03-04,AST-4055,A2,0,0.0032461368210271,6.636956614931021e-12,6.7365611336860825e-15,MRO-10045;MRO-10046;MRO-10047,MRO-10045;MRO-10046;MRO-10047,Screw Compressor,DHR-03,train,12,normal,normal,approved_on_validation,우선 점검 후보
2023-03-04,AST-4061,A2,0,0.0032416295800577,6.541468322196955e-12,6.635199380816021e-15,MRO-40022;MRO-10046;MRO-10047,MRO-10046;MRO-10047;MRO-80001,Screw Compressor,DHR-03,train,12,normal,normal,approved_on_validation,우선 점검 후보
2023-03-04,AST-5003,A2,0,0.0033583713484615,8.688200986964241e-12,8.375031540591058e-15,MRO-20031;MRO-40022;MRO-10047,MRO-20031;MRO-10047;MRO-10046,EOT Crane,DHR-03,train,12,normal,normal,approved_on_validation,우선 점검 후보
2023-03-04,AST-5007,A2,0,0.0032755179609863,6.373017823500064e-12,6.7624683632234e-15,MRO-90011;MRO-70004;MRO-30011,MRO-10045;MRO-50009;MRO-80001,EOT Crane,PUN-01,train,12,normal,normal,approved_on_validation,우선 점검 후보
2023-03-05,AST-1041,A2,0,0.0032116065459162,6.469471751478141e-12,6.491875950166623e-15,MRO-10046;MRO-10047;MRO-20031,MRO-10046;MRO-10047;MRO-20031,CNC Lathe,PUN-01,train,12,normal,normal,approved_on_validation,우선 점검 후보
2023-03-05,AST-1042,A2,0,0.0032364759644196,6.567293686809091e-12,6.6478240573669504e-15,MRO-10045;MRO-10046;MRO-10047,MRO-10045;MRO-10046;MRO-10047,CNC Lathe,PUN-01,train,12,normal,normal,approved_on_validation,우선 점검 후보
2023-03-05,AST-2017,A2,0,0.00322286741663,6.488078973319106e-12,6.520389575438633e-15,MRO-10045;MRO-80001;MRO-20033,MRO-10045;MRO-80001;MRO-10046,Hydraulic Press,PUN-01,train,12,normal,normal,approved_on_validation,우선 점검 후보
2023-03-05,AST-2031,A2,0,0.0032360498997652,6.674767059422262e-12,6.725868157062106e-15,MRO-10047;MRO-10045;MRO-10046,MRO-10047;MRO-10045;MRO-10046,Hydraulic Press,CHN-02,train,12,normal,normal,approved_on_validation,우선 점검 후보
2023-03-05,AST-3008,A2,0,0.003282087782657,7.35495534872389e-12,7.342974833658591e-15,MRO-10045;MRO-70004;MRO-10046,MRO-10045;MRO-10046;MRO-10047,Belt Conveyor,CHN-02,train,12,normal,normal,approved_on_validation,우선 점검 후보
2023-03-05,AST-3019,A2,0,0.0032892898839062,6.526282608911263e-12,7.005462768594734e-15,MRO-70004;MRO-10045;MRO-10046,MRO-10045;MRO-10046;MRO-20031,Belt Conveyor,CHN-02,train,12,normal,normal,approved_on_validation,우선 점검 후보
2023-03-05,AST-4055,A2,0,0.0032491886633566,6.647768539557888e-12,6.755592628288888e-15,MRO-10045;MRO-10046;MRO-10047,MRO-10045;MRO-10046;MRO-10047,Screw Compressor,DHR-03,train,12,normal,normal,approved_on_validation,우선 점검 후보
2023-03-05,AST-4061,A2,0,0.0032288652311459,6.550344853052048e-12,6.595790578263293e-15,MRO-10045;MRO-10046;MRO-10047,MRO-10045;MRO-10046;MRO-10047,Screw Compressor,DHR-03,train,12,normal,normal,approved_on_validation,우선 점검 후보
2023-03-05,AST-5003,A2,0,0.003161905265492,6.163361822417898e-12,5.959165795549852e-15,MRO-40022;MRO-10047;MRO-10045,MRO-10047;MRO-10045;MRO-20031,EOT Crane,DHR-03,train,12,normal,normal,approved_on_validation,우선 점검 후보
2023-03-05,AST-5007,A2,0,0.0033047510213157,6.242371282611148e-12,6.89177837162995e-15,MRO-70004;MRO-90011;MRO-10045,MRO-10045;MRO-10046;MRO-20031,EOT Crane,PUN-01,train,12,normal,normal,approved_on_validation,우선 점검 후보
2023-03-06,AST-1041,A2,14,6.490910970497038,0.1274865577400231,0.0828047447147516,MRO-10047;MRO-20031;MRO-80001,MRO-10047;MRO-20031;MRO-80001,CNC Lathe,PUN-01,train,12,high_risk,risk,approved_on_validation,우선 점검 후보
2023-03-06,AST-1042,A2,8,5.9871341949649075,0.1009061029934027,0.0626792337565897,MRO-60016;MRO-10045;MRO-50009,MRO-10045;MRO-50009;MRO-10047,CNC Lathe,PUN-01,train,12,risk,risk,approved_on_validation,우선 점검 후보
2023-03-06,AST-2017,A2,14,8.830654834427316,0.2782844028440548,0.2081906890581062,MRO-10046;MRO-10047;MRO-20031,MRO-10046;MRO-10047;MRO-20031,Hydraulic Press,PUN-01,train,12,high_risk,risk,approved_on_validation,우선 점검 후보
2023-03-06,AST-2031,A2,5,7.204938164962468,0.1680155569004504,0.1145567092386953,MRO-10045;MRO-20031;MRO-10046,MRO-10045;MRO-20031;MRO-10046,Hydraulic Press,CHN-02,train,12,caution,risk,approved_on_validation,우선 점검 후보
2023-03-06,AST-3008,A2,18,6.551166390320548,0.1294491187464224,0.084874443414992,MRO-10045;MRO-20031;MRO-80001,MRO-10045;MRO-20031;MRO-80001,Belt Conveyor,CHN-02,train,12,high_risk,risk,approved_on_validation,우선 점검 후보
2023-03-06,AST-3019,A2,3,5.500490151976168,0.0790963502242782,0.0481879054244426,MRO-10047;MRO-10046;MRO-50009,MRO-10047;MRO-10046;MRO-50009,Belt Conveyor,CHN-02,train,12,caution,caution,approved_on_validation,우선 점검 후보
2023-03-06,AST-4055,A2,8,7.957206703094656,0.2175851383598401,0.1552834888606838,MRO-50009;MRO-20031;MRO-10046,MRO-50009;MRO-20031;MRO-10046,Screw Compressor,DHR-03,train,12,risk,risk,approved_on_validation,우선 점검 후보
2023-03-06,AST-4061,A2,4,6.475437380967135,0.1263703389031906,0.0819991064258754,MRO-50009;MRO-10045;MRO-20031,MRO-50009;MRO-10045;MRO-20031,Screw Compressor,DHR-03,train,12,caution,risk,approved_on_validation,우선 점검 후보
2023-03-06,AST-5003,A2,12,7.905796407952129,0.2124759738909304,0.1521313807097985,MRO-50009;MRO-80001;MRO-10046,MRO-50009;MRO-80001;MRO-10046,EOT Crane,DHR-03,train,12,high_risk,risk,approved_on_validation,우선 점검 후보
2023-03-06,AST-5007,A2,10,5.894656660830272,0.0939464316587915,0.0598507150552148,MRO-20031;MRO-50009;MRO-10046,MRO-20031;MRO-50009;MRO-10046,EOT Crane,PUN-01,train,12,risk,caution,approved_on_validation,우선 점검 후보
2023-03-07,AST-1041,A2,12,6.474981908995874,0.1260715906426281,0.0819148173059774,MRO-10047;MRO-50009;MRO-10045,MRO-10047;MRO-50009;MRO-10045,CNC Lathe,PUN-01,train,12,high_risk,risk,approved_on_validation,우선 점검 후보
2023-03-07,AST-1042,A2,7,6.1353423775669835,0.1091052798684257,0.0686627903584149,MRO-10045;MRO-10047;MRO-50009,MRO-10045;MRO-10047;MRO-50009,CNC Lathe,PUN-01,train,12,risk,risk,approved_on_validation,우선 점검 후보
2023-03-07,AST-2017,A2,11,8.910011364131519,0.2794965510644981,0.2138020038149975,MRO-90012;MRO-10045;MRO-20031,MRO-10045;MRO-20031;MRO-10046,Hydraulic Press,PUN-01,train,12,risk,risk,approved_on_validation,우선 점검 후보
2023-03-07,AST-2031,A2,7,7.118701128313161,0.1630466298533304,0.1107815620876562,MRO-10045;MRO-20031;MRO-10046,MRO-10045;MRO-20031;MRO-10046,Hydraulic Press,CHN-02,train,12,risk,risk,approved_on_validation,우선 점검 후보
2023-03-07,AST-3008,A2,8,6.623599463514363,0.1335287823666832,0.0880740636400811,MRO-50009;MRO-10046;MRO-20031,MRO-50009;MRO-10046;MRO-20031,Belt Conveyor,CHN-02,train,12,risk,risk,approved_on_validation,우선 점검 후보
2023-03-07,AST-3019,A2,2,5.67954887577878,0.0863707327169036,0.0530644525997363,MRO-80002;MRO-10047;MRO-10046,MRO-10047;MRO-10046;MRO-50009,Belt Conveyor,CHN-02,train,12,caution,caution,approved_on_validation,우선 점검 후보
2023-03-07,AST-4055,A2,11,8.449326982823125,0.2471976878873852,0.1857589938456905,MRO-20032;MRO-10046;MRO-50009,MRO-10046;MRO-50009;MRO-20031,Screw Compressor,DHR-03,train,12,risk,risk,approved_on_validation,우선 점검 후보
2023-03-07,AST-4061,A2,0,6.6217805413017485,0.1350405955215324,0.0882792861936098,MRO-50009;MRO-10045;MRO-20031,MRO-50009;MRO-10045;MRO-20031,Screw Compressor,DHR-03,train,12,normal,risk,approved_on_validation,우선 점검 후보
2023-03-07,AST-5003,A2,6,8.362601735978359,0.2466834086849225,0.177920815540538,MRO-10046;MRO-20031;MRO-10047,MRO-10046;MRO-20031;MRO-10047,EOT Crane,DHR-03,train,12,risk,risk,approved_on_validation,우선 점검 후보
2023-03-07,AST-5007,A2,2,5.473007233762599,0.0719444395721767,0.0457826780139725,MRO-70004;MRO-90011;MRO-10046,MRO-10046;MRO-10045;MRO-50009,EOT Crane,PUN-01,train,12,caution,caution,approved_on_validation,우선 점검 후보
2023-03-08,AST-1041,A2,4,6.571234746731054,0.1323731365823895,0.085934293022464,MRO-50009;MRO-10047;MRO-10045,MRO-50009;MRO-10047;MRO-10045,CNC Lathe,PUN-01,train,12,caution,risk,approved_on_validation,우선 점검 후보
2023-03-08,AST-1042,A2,6,6.317081829269918,0.1198838985013688,0.0755539386171664,MRO-50009;MRO-20031;MRO-80001,MRO-50009;MRO-20031;MRO-80001,CNC Lathe,PUN-01,train,12,risk,risk,approved_on_validation,우선 점검 후보
2023-03-08,AST-2017,A2,6,9.144858406386744,0.3052001658177142,0.22763639521861,MRO-50009;MRO-10045;MRO-10047,MRO-50009;MRO-10045;MRO-10047,Hydraulic Press,PUN-01,train,12,risk,risk,approved_on_validation,우선 점검 후보
2023-03-08,AST-2031,A2,12,7.111277396889817,0.1620543012760142,0.1104627193113676,MRO-80001;MRO-10045;MRO-20031,MRO-80001;MRO-10045;MRO-20031,Hydraulic Press,CHN-02,train,12,high_risk,risk,approved_on_validation,우선 점검 후보
2023-03-08,AST-3008,A2,10,6.727793727708417,0.1395135960289949,0.0932666930382477,MRO-80001;MRO-10046;MRO-50009,MRO-80001;MRO-10046;MRO-50009,Belt Conveyor,CHN-02,train,12,risk,risk,approved_on_validation,우선 점검 후보
2023-03-08,AST-3019,A2,10,5.454463786451688,0.078722241186796,0.0465407841479592,MRO-10047;MRO-10046;MRO-50009,MRO-10047;MRO-10046;MRO-50009,Belt Conveyor,CHN-02,train,12,risk,caution,approved_on_validation,우선 점검 후보
2023-03-08,AST-4055,A2,12,8.78003992578937,0.2761006874414924,0.2044577977817744,MRO-10046;MRO-20031;MRO-10047,MRO-10046;MRO-20031;MRO-10047,Screw Compressor,DHR-03,train,12,high_risk,risk,approved_on_validation,우선 점검 후보
2023-03-08,AST-4061,A2,6,7.098556294363016,0.1621958644454927,0.109398176739156,MRO-50009;MRO-10045;MRO-20031,MRO-50009;MRO-10045;MRO-20031,Screw Compressor,DHR-03,train,12,risk,risk,approved_on_validation,우선 점검 후보
2023-03-08,AST-5003,A2,5,7.647465171948422,0.1959529573739913,0.1372107760143881,MRO-50009;MRO-10046;MRO-20031,MRO-50009;MRO-10046;MRO-20031,EOT Crane,DHR-03,train,12,caution,risk,approved_on_validation,우선 점검 후보
2023-03-08,AST-5007,A2,8,6.0326035702286065,0.1037719909258589,0.065202047157136,MRO-10045;MRO-50009;MRO-80001,MRO-10045;MRO-50009;MRO-80001,EOT Crane,PUN-01,train,12,risk,risk,approved_on_validation,우선 점검 후보
2023-03-09,AST-1041,A2,4,6.284157402002364,0.115603838199135,0.0740938455249075,MRO-50009;MRO-10047;MRO-20031,MRO-50009;MRO-10047;MRO-20031,CNC Lathe,PUN-01,train,12,caution,risk,approved_on_validation,우선 점검 후보
2023-03-09,AST-1042,A2,15,6.306993698151019,0.1184282049641555,0.075112104490838,MRO-50009;MRO-80001;MRO-20031,MRO-50009;MRO-80001;MRO-20031,CNC Lathe,PUN-01,train,12,high_risk,risk,approved_on_validation,우선 점검 후보
2023-03-09,AST-2017,A2,12,8.954812688192463,0.2893625033814322,0.2154132788762608,MRO-10045;MRO-20031;MRO-10047,MRO-10045;MRO-20031;MRO-10047,Hydraulic Press,PUN-01,train,12,high_risk,risk,approved_on_validation,우선 점검 후보
2023-03-09,AST-2031,A2,16,7.488192656663944,0.1871832654693915,0.1294100642320967,MRO-10046;MRO-20031;MRO-50009,MRO-10046;MRO-20031;MRO-50009,Hydraulic Press,CHN-02,train,12,high_risk,risk,approved_on_validation,우선 점검 후보
2023-03-09,AST-3008,A2,14,6.804998203535242,0.1452901530771836,0.0952661778221929,MRO-50009;MRO-20031;MRO-10045,MRO-50009;MRO-20031;MRO-10045,Belt Conveyor,CHN-02,train,12,high_risk,risk,approved_on_validation,우선 점검 후보
2023-03-09,AST-3019,A2,4,6.060562658895862,0.1053974515242238,0.0666095601261855,MRO-20031;MRO-80001;MRO-10046,MRO-20031;MRO-80001;MRO-10046,Belt Conveyor,CHN-02,train,12,caution,risk,approved_on_validation,우선 점검 후보
2023-03-09,AST-4055,A2,0,8.401600840463493,0.250340015614758,0.1796258186549831,MRO-20031;MRO-10047;MRO-50009,MRO-20031;MRO-10047;MRO-50009,Screw Compressor,DHR-03,train,12,normal,risk,approved_on_validation,우선 점검 후보
2023-03-09,AST-4061,A2,12,6.754500793741042,0.1418901814779491,0.0932701054160017,MRO-50009;MRO-10045;MRO-20031,MRO-50009;MRO-10045;MRO-20031,Screw Compressor,DHR-03,train,12,high_risk,risk,approved_on_validation,우선 점검 후보
2023-03-09,AST-5003,A2,6,7.816215808880836,0.2055041043917086,0.1459460947018512,MRO-10045;MRO-10046;MRO-50009,MRO-10045;MRO-10046;MRO-50009,EOT Crane,DHR-03,train,12,risk,risk,approved_on_validation,우선 점검 후보
2023-03-09,AST-5007,A2,4,6.021074628462263,0.1036298192576691,0.0649380841792217,MRO-50009;MRO-10046;MRO-10045,MRO-50009;MRO-10046;MRO-10045,EOT Crane,PUN-01,train,12,caution,risk,approved_on_validation,우선 점검 후보
2023-03-10,AST-1041,A2,8,6.171422595873873,0.1102134340926147,0.0700348395810166,MRO-80001;MRO-50009;MRO-20031,MRO-80001;MRO-50009;MRO-20031,CNC Lathe,PUN-01,train,12,risk,risk,approved_on_validation,우선 점검 후보
2023-03-10,AST-1042,A2,8,8.260560624777328,0.2333109744736101,0.1715028083679195,MRO-10045;MRO-50009;MRO-80001,MRO-10045;MRO-50009;MRO-80001,CNC Lathe,PUN-01,train,12,risk,risk,approved_on_validation,우선 점검 후보
2023-03-10,AST-2017,A2,5,9.267676743914537,0.3108239124098148,0.2356099558520756,MRO-10045;MRO-20031;MRO-10047,MRO-10045;MRO-20031;MRO-10047,Hydraulic Press,PUN-01,train,12,caution,risk,approved_on_validation,우선 점검 후보
2023-03-10,AST-2031,A2,9,7.458431217687663,0.1847271288397523,0.1280529611137421,MRO-80001;MRO-10046;MRO-10045,MRO-80001;MRO-10046;MRO-10045,Hydraulic Press,CHN-02,train,12,risk,risk,approved_on_validation,우선 점검 후보
2023-03-10,AST-3008,A2,12,6.988301126752627,0.1564890008179709,0.1043874438733215,MRO-20031;MRO-10045;MRO-10047,MRO-20031;MRO-10045;MRO-10047,Belt Conveyor,CHN-02,train,12,high_risk,risk,approved_on_validation,우선 점검 후보
2023-03-10,AST-3019,A2,6,6.361071562425605,0.1188882093199465,0.0760417307410473,MRO-80001;MRO-50009;MRO-20031,MRO-80001;MRO-50009;MRO-20031,Belt Conveyor,CHN-02,train,12,risk,risk,approved_on_validation,우선 점검 후보
2023-03-10,AST-4055,A2,8,8.19973685749377,0.2315773601537689,0.1691888309619585,MRO-10046;MRO-10047;MRO-20031,MRO-10046;MRO-10047;MRO-20031,Screw Compressor,DHR-03,train,12,risk,risk,approved_on_validation,우선 점검 후보
2023-03-10,AST-4061,A2,5,7.6775581704465665,0.1939069843699508,0.1373906645700592,MRO-10045;MRO-10046;MRO-30012,MRO-10045;MRO-10046;MRO-80001,Screw Compressor,DHR-03,train,12,caution,risk,approved_on_validation,우선 점검 후보
2023-03-10,AST-5003,A2,5,6.460834799338775,0.1212664109450509,0.0801794284388985,MRO-50009;MRO-10046;MRO-80001,MRO-50009;MRO-10046;MRO-80001,EOT Crane,DHR-03,train,12,caution,risk,approved_on_validation,우선 점검 후보
2023-03-10,AST-5007,A2,5,6.513923795658724,0.1265507114467395,0.0840024368849667,MRO-90011;MRO-10045;MRO-80001,MRO-10045;MRO-80001;MRO-10047,EOT Crane,PUN-01,train,12,caution,risk,approved_on_validation,우선 점검 후보
2023-03-11,AST-1041,A2,0,0.0032443352596336,6.576837235753358e-12,6.685934569833766e-15,MRO-10046;MRO-10047;MRO-50009,MRO-10046;MRO-10047;MRO-50009,CNC Lathe,PUN-01,train,12,normal,normal,approved_on_validation,우선 점검 후보
2023-03-11,AST-1042,A2,0,0.0033587577601322,7.436158877317606e-12,7.725045375684617e-15,MRO-50009;MRO-20033;MRO-30012,MRO-50009;MRO-10047;MRO-10045,CNC Lathe,PUN-01,train,12,normal,normal,approved_on_validation,우선 점검 후보
2023-03-11,AST-2017,A2,0,0.0032720501704913,6.9953893412264355e-12,7.058779040100483e-15,MRO-10046;MRO-20031;MRO-60015,MRO-10046;MRO-20031;MRO-10045,Hydraulic Press,PUN-01,train,12,normal,normal,approved_on_validation,우선 점검 후보
2023-03-11,AST-2031,A2,0,0.0033985451669326,8.416657010496829e-12,8.623628127248869e-15,MRO-10047;MRO-10045;MRO-10046,MRO-10047;MRO-10045;MRO-10046,Hydraulic Press,CHN-02,train,12,normal,normal,approved_on_validation,우선 점검 후보
2023-03-11,AST-3008,A2,0,0.0032973967962784,7.285965154850432e-12,7.428184166291106e-15,MRO-20032;MRO-20031;MRO-50009,MRO-20031;MRO-50009;MRO-10045,Belt Conveyor,CHN-02,train,12,normal,normal,approved_on_validation,우선 점검 후보
2023-03-11,AST-3019,A2,0,0.0033134399329868,6.673445805309425e-12,7.221453033512547e-15,MRO-90011;MRO-50009;MRO-40022,MRO-50009;MRO-10045;MRO-10046,Belt Conveyor,CHN-02,train,12,normal,normal,approved_on_validation,우선 점검 후보
2023-03-11,AST-4055,A2,0,0.0034442775521884,7.995802147511395e-12,8.479168466051782e-15,MRO-60016;MRO-10046;MRO-20031,MRO-10046;MRO-20031;MRO-10045,Screw Compressor,DHR-03,train,12,normal,normal,approved_on_validation,우선 점검 후보
2023-03-11,AST-4061,A2,0,0.0032424043161622,6.522667644996274e-12,6.630349789522034e-15,MRO-20033;MRO-30012;MRO-10045,MRO-10045;MRO-10046;MRO-20031,Screw Compressor,DHR-03,train,12,normal,normal,approved_on_validation,우선 점검 후보
2023-03-11,AST-5003,A2,0,0.0030532044412857,6.145754711958495e-12,5.608640921656673e-15,MRO-10047;MRO-10045;MRO-10046,MRO-10047;MRO-10045;MRO-10046,EOT Crane,DHR-03,train,12,normal,normal,approved_on_validation,우선 점검 후보
2023-03-11,AST-5007,A2,0,0.0029340459267104,4.947083229028912e-12,4.520515343314906e-15,MRO-90011;MRO-80001;MRO-10045,MRO-80001;MRO-10045;MRO-10046,EOT Crane,PUN-01,train,12,normal,normal,approved_on_validation,우선 점검 후보
2023-03-12,AST-1041,A2,0,0.0031069646366039,5.737794063478561e-12,5.441496348073989e-15,MRO-80002;MRO-10045;MRO-10046,MRO-10045;MRO-10046;MRO-10047,CNC Lathe,PUN-01,train,12,normal,normal,approved_on_validation,우선 점검 후보
2023-03-12,AST-1042,A2,0,0.0033600443797029,9.812067566906104e-12,9.080861398979588e-15,MRO-50009;MRO-10047;MRO-10045,MRO-50009;MRO-10047;MRO-10045,CNC Lathe,PUN-01,train,12,normal,normal,approved_on_validation,우선 점검 후보
2023-03-12,AST-2017,A2,0,0.0032428175288631,6.706574158153581e-12,6.7482638314826955e-15,MRO-10047;MRO-80001;MRO-20033,MRO-10047;MRO-80001;MRO-10045,Hydraulic Press,PUN-01,train,12,normal,normal,approved_on_validation,우선 점검 후보
2023-03-12,AST-2031,A2,0,0.0034563863377058,9.868148184801431e-12,9.858371994125856e-15,MRO-80001;MRO-10047;MRO-10045,MRO-80001;MRO-10047;MRO-10045,Hydraulic Press,CHN-02,train,12,normal,normal,approved_on_validation,우선 점검 후보
2023-03-12,AST-3008,A2,0,0.0032865465613737,7.341822105706277e-12,7.370748390943661e-15,MRO-20031;MRO-10045;MRO-10047,MRO-20031;MRO-10045;MRO-10047,Belt Conveyor,CHN-02,train,12,normal,normal,approved_on_validation,우선 점검 후보
2023-03-12,AST-3019,A2,0,0.0032155053113154,6.526211092336235e-12,6.536222503379702e-15,MRO-10045;MRO-10046;MRO-10047,MRO-10045;MRO-10046;MRO-10047,Belt Conveyor,CHN-02,train,12,normal,normal,approved_on_validation,우선 점검 후보
2023-03-12,AST-4055,A2,0,0.0033382581536326,7.711619743818928e-12,7.856560903376844e-15,MRO-10046;MRO-10045;MRO-10047,MRO-10046;MRO-10045;MRO-10047,Screw Compressor,DHR-03,train,12,normal,normal,approved_on_validation,우선 점검 후보
2023-03-12,AST-4061,A2,0,0.0032629368896586,6.738812872830739e-12,6.874884265286771e-15,MRO-10045;MRO-10046;MRO-10047,MRO-10045;MRO-10046;MRO-10047,Screw Compressor,DHR-03,train,12,normal,normal,approved_on_validation,우선 점검 후보
2023-03-12,AST-5003,A2,0,0.0032260072495952,6.505312826845486e-12,6.552555740838161e-15,MRO-10045;MRO-10046;MRO-50009,MRO-10045;MRO-10046;MRO-50009,EOT Crane,DHR-03,train,12,normal,normal,approved_on_validation,우선 점검 후보
2023-03-12,AST-5007,A2,0,0.002993010416778,4.908988675877317e-12,4.782667974046224e-15,MRO-90011;MRO-70004;MRO-10045,MRO-10045;MRO-10046;MRO-10047,EOT Crane,PUN-01,train,12,normal,normal,approved_on_validation,우선 점검 후보
2023-03-13,AST-1041,A2,3,6.192828799990287,0.1109111385201787,0.070626869767888,MRO-20031;MRO-80001;MRO-50009,MRO-20031;MRO-80001;MRO-50009,CNC Lathe,PUN-01,train,12,caution,risk,approved_on_validation,우선 점검 후보
2023-03-13,AST-1042,A2,0,6.114886211248072,0.1074351078037329,0.0679295780165507,MRO-50009;MRO-80001;MRO-20031,MRO-50009;MRO-80001;MRO-20031,CNC Lathe,PUN-01,train,12,normal,risk,approved_on_validation,우선 점검 후보
2023-03-13,AST-2017,A2,0,7.930008347226681,0.2169406343249972,0.1533201893532692,MRO-10046;MRO-20031;MRO-10045,MRO-10046;MRO-20031;MRO-10045,Hydraulic Press,PUN-01,train,12,normal,risk,approved_on_validation,우선 점검 후보
2023-03-13,AST-2031,A2,4,7.414974130152155,0.1816368847690236,0.1253441363809095,MRO-80001;MRO-10045;MRO-10046,MRO-80001;MRO-10045;MRO-10046,Hydraulic Press,CHN-02,train,12,caution,risk,approved_on_validation,우선 점검 후보
2023-03-13,AST-3008,A2,2,6.294898918719782,0.1137127760373709,0.0737770796991957,MRO-20031;MRO-10045;MRO-50009,MRO-20031;MRO-10045;MRO-50009,Belt Conveyor,CHN-02,train,12,caution,risk,approved_on_validation,우선 점검 후보
2023-03-13,AST-3019,A2,8,6.158435989853709,0.1086516990996283,0.0678717508017794,MRO-80001;MRO-20031;MRO-10045,MRO-80001;MRO-20031;MRO-10045,Belt Conveyor,CHN-02,train,12,risk,risk,approved_on_validation,우선 점검 후보
2023-03-13,AST-4055,A2,6,8.822605997736213,0.2769945939698455,0.2057437157479632,MRO-20031;MRO-10047;MRO-50009,MRO-20031;MRO-10047;MRO-50009,Screw Compressor,DHR-03,train,12,risk,risk,approved_on_validation,우선 점검 후보
2023-03-13,AST-4061,A2,11,7.146057290224889,0.1640588161485288,0.1120715132092114,MRO-10046;MRO-10047;MRO-50009,MRO-10046;MRO-10047;MRO-50009,Screw Compressor,DHR-03,train,12,risk,risk,approved_on_validation,우선 점검 후보
2023-03-13,AST-5003,A2,8,7.586920331909512,0.1934540586452762,0.1339266185784454,MRO-10045;MRO-20031;MRO-80001,MRO-10045;MRO-20031;MRO-80001,EOT Crane,DHR-03,train,12,risk,risk,approved_on_validation,우선 점검 후보
2023-03-13,AST-5007,A2,6,6.005260965413562,0.1007006474658102,0.0637792774457566,MRO-50009;MRO-80001;MRO-10045,MRO-50009;MRO-80001;MRO-10045,EOT Crane,PUN-01,train,12,risk,risk,approved_on_validation,우선 점검 후보
2023-03-14,AST-1041,A2,2,6.141066683317957,0.1073263100228612,0.0681112555475462,MRO-50009;MRO-10047;MRO-10045,MRO-50009;MRO-10047;MRO-10045,CNC Lathe,PUN-01,train,12,caution,risk,approved_on_validation,우선 점검 후보
2023-03-14,AST-1042,A2,8,6.7762798087574865,0.1433424374398927,0.0950587353081099,MRO-50009;MRO-80001;MRO-40022,MRO-50009;MRO-80001;MRO-10046,CNC Lathe,PUN-01,train,12,risk,risk,approved_on_validation,우선 점검 후보
2023-03-14,AST-2017,A2,14,7.7429156748772066,0.196684531266059,0.1400235465377708,MRO-40022;MRO-10046;MRO-20031,MRO-10046;MRO-20031;MRO-10045,Hydraulic Press,PUN-01,train,12,high_risk,risk,approved_on_validation,우선 점검 후보
2023-03-14,AST-2031,A2,12,7.26420578317561,0.1721638692740879,0.1177553118195585,MRO-10046;MRO-10045;MRO-10047,MRO-10046;MRO-10045;MRO-10047,Hydraulic Press,CHN-02,train,12,high_risk,risk,approved_on_validation,우선 점검 후보
2023-03-14,AST-3008,A2,0,6.61683508595716,0.1329572382817589,0.0861663329404439,MRO-50008;MRO-80002;MRO-10045,MRO-10045;MRO-10046;MRO-10047,Belt Conveyor,CHN-02,train,12,normal,risk,approved_on_validation,우선 점검 후보
2023-03-14,AST-3019,A2,8,5.698891415512282,0.0874757779229127,0.0534435870383051,MRO-20033;MRO-50009;MRO-80001,MRO-50009;MRO-80001;MRO-20031,Belt Conveyor,CHN-02,train,12,risk,caution,approved_on_validation,우선 점검 후보
2023-03-14,AST-4055,A2,11,8.238142147610134,0.2384650080134726,0.1699749111096472,MRO-20031;MRO-10046;MRO-10047,MRO-20031;MRO-10046;MRO-10047,Screw Compressor,DHR-03,train,12,risk,risk,approved_on_validation,우선 점검 후보
2023-03-14,AST-4061,A2,5,6.775410071394725,0.140671556606864,0.0937232217727527,MRO-10046;MRO-10047;MRO-30011,MRO-10046;MRO-10047;MRO-50009,Screw Compressor,DHR-03,train,12,caution,risk,approved_on_validation,우선 점검 후보
2023-03-14,AST-5003,A2,4,7.533017596400455,0.1877498207869836,0.1311175707147983,MRO-10045;MRO-10046;MRO-50009,MRO-10045;MRO-10046;MRO-50009,EOT Crane,DHR-03,train,12,caution,risk,approved_on_validation,우선 점검 후보
2023-03-14,AST-5007,A2,8,5.9782323754038575,0.0987108447167305,0.0624480100492336,MRO-50009;MRO-10045;MRO-80001,MRO-50009;MRO-10045;MRO-80001,EOT Crane,PUN-01,train,12,risk,risk,approved_on_validation,우선 점검 후보
2023-03-15,AST-1041,A2,2,6.281974701743422,0.1161497235619275,0.0740900027004091,MRO-80001;MRO-10047;MRO-20031,MRO-80001;MRO-10047;MRO-20031,CNC Lathe,PUN-01,train,12,caution,risk,approved_on_validation,우선 점검 후보
2023-03-15,AST-1042,A2,2,5.914694638333837,0.0969054385914887,0.0599224332299704,MRO-40022;MRO-10047;MRO-80001,MRO-10047;MRO-80001;MRO-10046,CNC Lathe,PUN-01,train,12,caution,risk,approved_on_validation,우선 점검 후보
2023-03-15,AST-2017,A2,9,8.739162603541734,0.2704372460369152,0.2031667537592818,MRO-10047;MRO-20031;MRO-10046,MRO-10047;MRO-20031;MRO-10046,Hydraulic Press,PUN-01,train,12,risk,risk,approved_on_validation,우선 점검 후보
2023-03-15,AST-2031,A2,0,7.273328317197352,0.1733615895564846,0.1185214939447157,MRO-10046;MRO-10045;MRO-80001,MRO-10046;MRO-10045;MRO-80001,Hydraulic Press,CHN-02,train,12,normal,risk,approved_on_validation,우선 점검 후보
2023-03-15,AST-3008,A2,9,6.67890132700696,0.1371928843465478,0.0898882890929111,MRO-10046;MRO-80001;MRO-20031,MRO-10046;MRO-80001;MRO-20031,Belt Conveyor,CHN-02,train,12,risk,risk,approved_on_validation,우선 점검 후보
2023-03-15,AST-3019,A2,2,5.559359603788766,0.0815639725386455,0.0500248824826636,MRO-50009;MRO-20033;MRO-20031,MRO-50009;MRO-20031;MRO-80001,Belt Conveyor,CHN-02,train,12,caution,caution,approved_on_validation,우선 점검 후보
2023-03-15,AST-4055,A2,18,8.46182972583699,0.2550118840266763,0.1836999366468069,MRO-20031;MRO-10046;MRO-50009,MRO-20031;MRO-10046;MRO-50009,Screw Compressor,DHR-03,train,12,high_risk,risk,approved_on_validation,우선 점검 후보
2023-03-15,AST-4061,A2,6,6.113047493129883,0.1069013681952991,0.0673085401708173,MRO-60015;MRO-30011;MRO-10046,MRO-10046;MRO-10047;MRO-50009,Screw Compressor,DHR-03,train,12,risk,risk,approved_on_validation,우선 점검 후보
2023-03-15,AST-5003,A2,0,7.301947165511191,0.1724642996824924,0.1190717447543773,MRO-10045;MRO-50009;MRO-10047,MRO-10045;MRO-50009;MRO-10047,EOT Crane,DHR-03,train,12,normal,risk,approved_on_validation,우선 점검 후보
2023-03-15,AST-5007,A2,4,5.550771268440874,0.0772880764425273,0.0485649520444826,MRO-40021;MRO-50009;MRO-10046,MRO-50009;MRO-10046;MRO-10045,EOT Crane,PUN-01,train,12,caution,caution,approved_on_validation,우선 점검 후보
2023-03-16,AST-1041,A2,8,6.313264242032302,0.115992699284879,0.0740495412491856,MRO-80001;MRO-80002;MRO-10047,MRO-80001;MRO-10047;MRO-10046,CNC Lathe,PUN-01,train,12,risk,risk,approved_on_validation,우선 점검 후보
2023-03-16,AST-1042,A2,4,6.393494112572343,0.1239729280626459,0.0787275252668406,MRO-80001;MRO-50009;MRO-10046,MRO-80001;MRO-50009;MRO-10046,CNC Lathe,PUN-01,train,12,caution,risk,approved_on_validation,우선 점검 후보
2023-03-16,AST-2017,A2,10,7.985520687111864,0.221098006735036,0.1574568876295006,MRO-80001;MRO-10047;MRO-20031,MRO-80001;MRO-10047;MRO-20031,Hydraulic Press,PUN-01,train,12,risk,risk,approved_on_validation,우선 점검 후보
2023-03-16,AST-2031,A2,8,7.22841322955472,0.1701170255165151,0.1159987562331827,MRO-10046;MRO-80001;MRO-10047,MRO-10046;MRO-80001;MRO-10047,Hydraulic Press,CHN-02,train,12,risk,risk,approved_on_validation,우선 점검 후보
2023-03-16,AST-3008,A2,0,6.872135268178611,0.1492892543538544,0.0986858531347017,MRO-10045;MRO-10047;MRO-10046,MRO-10045;MRO-10047;MRO-10046,Belt Conveyor,CHN-02,train,12,normal,risk,approved_on_validation,우선 점검 후보
2023-03-16,AST-3019,A2,4,5.450585232419964,0.0771444830756409,0.0468314071106013,MRO-50009;MRO-80001;MRO-20031,MRO-50009;MRO-80001;MRO-20031,Belt Conveyor,CHN-02,train,12,caution,caution,approved_on_validation,우선 점검 후보
2023-03-16,AST-4055,A2,12,8.213182439077348,0.2381156915058768,0.1693224331302664,MRO-80001;MRO-10045;MRO-20031,MRO-80001;MRO-10045;MRO-20031,Screw Compressor,DHR-03,train,12,high_risk,risk,approved_on_validation,우선 점검 후보
2023-03-16,AST-4061,A2,10,6.610836446104496,0.1346324149328028,0.0871666371489594,MRO-20031;MRO-10046;MRO-10047,MRO-20031;MRO-10046;MRO-10047,Screw Compressor,DHR-03,train,12,risk,risk,approved_on_validation,우선 점검 후보
2023-03-16,AST-5003,A2,4,7.366936613604231,0.1806266370715824,0.1222649807709148,MRO-10046;MRO-10047;MRO-20031,MRO-10046;MRO-10047;MRO-20031,EOT Crane,DHR-03,train,12,caution,risk,approved_on_validation,우선 점검 후보
2023-03-16,AST-5007,A2,1,5.738680172691243,0.0840157640569367,0.0543822515216328,MRO-90011;MRO-20032;MRO-50009,MRO-50009;MRO-80001;MRO-10045,EOT Crane,PUN-01,train,12,caution,caution,approved_on_validation,우선 점검 후보
2023-03-17,AST-1041,A2,12,8.258103587942985,0.2356848074277628,0.1722909756073261,MRO-80001;MRO-10046;MRO-10047,MRO-80001;MRO-10046;MRO-10047,CNC Lathe,PUN-01,train,12,high_risk,risk,approved_on_validation,우선 점검 후보
2023-03-17,AST-1042,A2,10,6.026689626454784,0.102510787352821,0.0642811040111406,MRO-50009;MRO-10047;MRO-10046,MRO-50009;MRO-10047;MRO-10046,CNC Lathe,PUN-01,train,12,risk,risk,approved_on_validation,우선 점검 후보
2023-03-17,AST-2017,A2,17,8.825620488845807,0.2809867697204817,0.2066601202059551,MRO-80001;MRO-10046;MRO-10047,MRO-80001;MRO-10046;MRO-10047,Hydraulic Press,PUN-01,train,12,high_risk,risk,approved_on_validation,우선 점검 후보
2023-03-17,AST-2031,A2,10,7.601892199032876,0.1940717542850456,0.1360221799737278,MRO-10047;MRO-10045;MRO-10046,MRO-10047;MRO-10045;MRO-10046,Hydraulic Press,CHN-02,train,12,risk,risk,approved_on_validation,우선 점검 후보
2023-03-17,AST-3008,A2,4,6.567651461684894,0.1321427659987696,0.085539930896876,MRO-10045;MRO-80001;MRO-10047,MRO-10045;MRO-80001;MRO-10047,Belt Conveyor,CHN-02,train,12,caution,risk,approved_on_validation,우선 점검 후보
2023-03-17,AST-3019,A2,2,5.615654901449998,0.0829432475127301,0.0509281141812892,MRO-50009;MRO-50008;MRO-80001,MRO-50009;MRO-80001;MRO-10047,Belt Conveyor,CHN-02,train,12,caution,caution,approved_on_validation,우선 점검 후보
2023-03-17,AST-4055,A2,7,9.413954151771687,0.3246677957971071,0.2440169819253078,MRO-60015;MRO-10046;MRO-10045,MRO-10046;MRO-10045;MRO-10047,Screw Compressor,DHR-03,train,12,risk,risk,approved_on_validation,우선 점검 후보
2023-03-17,AST-4061,A2,10,8.108656256044288,0.2249083644694475,0.1621294237886628,MRO-10045;MRO-40021;MRO-10047,MRO-10045;MRO-10047;MRO-80001,Screw Compressor,DHR-03,train,12,risk,risk,approved_on_validation,우선 점검 후보
2023-03-17,AST-5003,A2,10,8.236360076865141,0.2356052469026347,0.1702531420083778,MRO-10046;MRO-10047;MRO-40022,MRO-10046;MRO-10047;MRO-80001,EOT Crane,DHR-03,train,12,risk,risk,approved_on_validation,우선 점검 후보
2023-03-17,AST-5007,A2,4,5.190089161938476,0.0633307340549939,0.0369700059715648,MRO-40021;MRO-40022;MRO-20033,MRO-80001;MRO-50009;MRO-10045,EOT Crane,PUN-01,train,12,caution,caution,approved_on_validation,우선 점검 후보
2023-03-18,AST-1041,A2,0,0.0032280886648021,6.5095150389733576e-12,6.577376864229826e-15,MRO-10045;MRO-10046;MRO-50009,MRO-10045;MRO-10046;MRO-50009,CNC Lathe,PUN-01,train,12,normal,normal,approved_on_validation,우선 점검 후보
2023-03-18,AST-1042,A2,0,0.0031570397125853,6.917598044057457e-12,6.427225091729998e-15,MRO-50009;MRO-40022;MRO-10045,MRO-50009;MRO-10045;MRO-10046,CNC Lathe,PUN-01,train,12,normal,normal,approved_on_validation,우선 점검 후보
2023-03-18,AST-2017,A2,0,0.0033026332752171,7.022803161709816e-12,7.270229677705743e-15,MRO-90012;MRO-90011;MRO-10046,MRO-10046;MRO-20031;MRO-80001,Hydraulic Press,PUN-01,train,12,normal,normal,approved_on_validation,우선 점검 후보
2023-03-18,AST-2031,A2,0,0.0033406628868879,8.157401106156534e-12,8.159820885926757e-15,MRO-10047;MRO-10045;MRO-20031,MRO-10047;MRO-10045;MRO-20031,Hydraulic Press,CHN-02,train,12,normal,normal,approved_on_validation,우선 점검 후보
2023-03-18,AST-3008,A2,0,0.0031727502762173,6.030727803925496e-12,5.991304659384048e-15,MRO-10046;MRO-10047;MRO-20031,MRO-10046;MRO-10047;MRO-20031,Belt Conveyor,CHN-02,train,12,normal,normal,approved_on_validation,우선 점검 후보
2023-03-18,AST-3019,A2,0,0.0032117037576371,6.533192048515566e-12,6.504739737499043e-15,MRO-50008;MRO-70005;MRO-10045,MRO-10045;MRO-10046;MRO-10047,Belt Conveyor,CHN-02,train,12,normal,normal,approved_on_validation,우선 점검 후보
2023-03-18,AST-4055,A2,0,0.0032468270380965,6.6229260402879105e-12,6.7282164557697186e-15,MRO-20031;MRO-50009;MRO-80001,MRO-20031;MRO-50009;MRO-80001,Screw Compressor,DHR-03,train,12,normal,normal,approved_on_validation,우선 점검 후보
2023-03-18,AST-4061,A2,0,0.0032412391171745,6.5619623873883914e-12,6.6649993636693046e-15,MRO-50009;MRO-80001;MRO-30011,MRO-50009;MRO-80001;MRO-10045,Screw Compressor,DHR-03,train,12,normal,normal,approved_on_validation,우선 점검 후보
2023-03-18,AST-5003,A2,0,0.0030612377002837,6.136206106777643e-12,5.656007697785858e-15,MRO-10047;MRO-70004;MRO-10045,MRO-10047;MRO-10045;MRO-20031,EOT Crane,DHR-03,train,12,normal,normal,approved_on_validation,우선 점검 후보
2023-03-18,AST-5007,A2,0,0.0029099221449558,4.345986835000443e-12,4.127050347181293e-15,MRO-90011;MRO-30012;MRO-20031,MRO-20031;MRO-10045;MRO-10046,EOT Crane,PUN-01,train,12,normal,normal,approved_on_validation,우선 점검 후보
2023-03-19,AST-1041,A2,0,0.0029288865000011,4.871723753228232e-12,4.4573434397956244e-15,MRO-10045;MRO-10046;MRO-10047,MRO-10045;MRO-10046;MRO-10047,CNC Lathe,PUN-01,train,12,normal,normal,approved_on_validation,우선 점검 후보
2023-03-19,AST-1042,A2,0,0.0032225821484548,6.411952142057711e-12,6.485749933423248e-15,MRO-10045;MRO-10046;MRO-10047,MRO-10045;MRO-10046;MRO-10047,CNC Lathe,PUN-01,train,12,normal,normal,approved_on_validation,우선 점검 후보
2023-03-19,AST-2017,A2,0,0.0034154718160485,8.333519457727382e-12,8.646656685669577e-15,MRO-80001;MRO-40022;MRO-50008,MRO-80001;MRO-10046;MRO-20031,Hydraulic Press,PUN-01,train,12,normal,normal,approved_on_validation,우선 점검 후보
2023-03-19,AST-2031,A2,0,0.0032196152836574,6.480544279293445e-12,6.526657303367264e-15,MRO-10045;MRO-10047;MRO-20031,MRO-10045;MRO-10047;MRO-20031,Hydraulic Press,CHN-02,train,12,normal,normal,approved_on_validation,우선 점검 후보
2023-03-19,AST-3008,A2,0,0.0032047628894148,6.5143544761503976e-12,6.448132692197196e-15,MRO-10045;MRO-10046;MRO-10047,MRO-10045;MRO-10046;MRO-10047,Belt Conveyor,CHN-02,train,12,normal,normal,approved_on_validation,우선 점검 후보
2023-03-19,AST-3019,A2,0,0.0032346440310707,6.613272905398381e-12,6.674497377770581e-15,MRO-10045;MRO-10046;MRO-10047,MRO-10045;MRO-10046;MRO-10047,Belt Conveyor,CHN-02,train,12,normal,normal,approved_on_validation,우선 점검 후보
2023-03-19,AST-4055,A2,0,0.0033584467164139,6.916458989190075e-12,7.323207362869665e-15,MRO-60016;MRO-20031;MRO-10045,MRO-20031;MRO-10045;MRO-10046,Screw Compressor,DHR-03,train,12,normal,normal,approved_on_validation,우선 점검 후보
2023-03-19,AST-4061,A2,0,0.0032346933963555,6.5462323367998185e-12,6.627028587066565e-15,MRO-10046;MRO-10047;MRO-50009,MRO-10046;MRO-10047;MRO-50009,Screw Compressor,DHR-03,train,12,normal,normal,approved_on_validation,우선 점검 후보
2023-03-19,AST-5003,A2,0,0.0032032499248242,6.133152906600528e-12,6.2248168917520536e-15,MRO-70004;MRO-10045;MRO-20031,MRO-10045;MRO-20031;MRO-80001,EOT Crane,DHR-03,train,12,normal,normal,approved_on_validation,우선 점검 후보
2023-03-19,AST-5007,A2,0,0.0031959591396471,5.957252978900208e-12,6.113905999073427e-15,MRO-20031;MRO-90011;MRO-30011,MRO-20031;MRO-10045;MRO-10046,EOT Crane,PUN-01,train,12,normal,normal,approved_on_validation,우선 점검 후보
2023-03-20,AST-1041,A2,10,6.30091859272436,0.1156478882213767,0.0745777213116895,MRO-20031;MRO-80001;MRO-10047,MRO-20031;MRO-80001;MRO-10047,CNC Lathe,PUN-01,train,12,risk,risk,approved_on_validation,우선 점검 후보
2023-03-20,AST-1042,A2,3,6.1026666280313915,0.1066486036344023,0.0674685007969077,MRO-50009;MRO-10046;MRO-10047,MRO-50009;MRO-10046;MRO-10047,CNC Lathe,PUN-01,train,12,caution,risk,approved_on_validation,우선 점검 후보
2023-03-20,AST-2017,A2,12,8.307029733052921,0.2419527893447953,0.1743705993494342,MRO-80001;MRO-20031;MRO-10047,MRO-80001;MRO-20031;MRO-10047,Hydraulic Press,PUN-01,train,12,high_risk,risk,approved_on_validation,우선 점검 후보
2023-03-20,AST-2031,A2,4,7.235475057930528,0.1709400342552099,0.1164833438322787,MRO-10046;MRO-10047;MRO-80001,MRO-10046;MRO-10047;MRO-80001,Hydraulic Press,CHN-02,train,12,caution,risk,approved_on_validation,우선 점검 후보
2023-03-20,AST-3008,A2,11,6.779377981233095,0.1433682385214484,0.0952465586650567,MRO-50009;MRO-10045;MRO-10046,MRO-50009;MRO-10045;MRO-10046,Belt Conveyor,CHN-02,train,12,risk,risk,approved_on_validation,우선 점검 후보
2023-03-20,AST-3019,A2,5,5.581855871959049,0.0802233911106024,0.0502620328097666,MRO-70004;MRO-60016;MRO-10047,MRO-10047;MRO-50009;MRO-20031,Belt Conveyor,CHN-02,train,12,caution,caution,approved_on_validation,우선 점검 후보
2023-03-20,AST-4055,A2,2,7.293873508949351,0.1755995592062142,0.1192073346751597,MRO-10046;MRO-80001;MRO-10045,MRO-10046;MRO-80001;MRO-10045,Screw Compressor,DHR-03,train,12,caution,risk,approved_on_validation,우선 점검 후보
2023-03-20,AST-4061,A2,13,6.95232955066863,0.1544610843086074,0.1033267748872101,MRO-10045;MRO-10046;MRO-10047,MRO-10045;MRO-10046;MRO-10047,Screw Compressor,DHR-03,train,12,high_risk,risk,approved_on_validation,우선 점검 후보
2023-03-20,AST-5003,A2,20,8.400548179322138,0.2495526575303219,0.1811907421149732,MRO-50009;MRO-10046;MRO-10047,MRO-50009;MRO-10046;MRO-10047,EOT Crane,DHR-03,train,12,high_risk,risk,approved_on_validation,우선 점검 후보
2023-03-20,AST-5007,A2,9,5.98503517127735,0.0995459958694436,0.0628673959580827,MRO-10045;MRO-40022;MRO-10047,MRO-10045;MRO-10047;MRO-50009,EOT Crane,PUN-01,train,12,risk,risk,approved_on_validation,우선 점검 후보
2023-03-21,AST-1041,A2,12,7.369485338667146,0.1741683529561882,0.1205712654336262,MRO-10046;MRO-40021;MRO-10047,MRO-10046;MRO-10047;MRO-20031,CNC Lathe,PUN-01,train,12,high_risk,risk,approved_on_validation,우선 점검 후보
2023-03-21,AST-1042,A2,8,6.092521801243713,0.1060441828782783,0.0660721671788597,MRO-50008;MRO-80001;MRO-10046,MRO-80001;MRO-10046;MRO-10047,CNC Lathe,PUN-01,train,12,risk,risk,approved_on_validation,우선 점검 후보
2023-03-21,AST-2017,A2,7,8.293182688366802,0.2411943866503533,0.1741019737182036,MRO-80001;MRO-20031;MRO-10046,MRO-80001;MRO-20031;MRO-10046,Hydraulic Press,PUN-01,train,12,risk,risk,approved_on_validation,우선 점검 후보
2023-03-21,AST-2031,A2,4,7.429036734676177,0.1836527656739434,0.1264023533964543,MRO-80001;MRO-10046;MRO-10047,MRO-80001;MRO-10046;MRO-10047,Hydraulic Press,CHN-02,train,12,caution,risk,approved_on_validation,우선 점검 후보
2023-03-21,AST-3008,A2,2,5.69385458038067,0.0848781989850446,0.0520251365131428,MRO-40022;MRO-20031;MRO-10047,MRO-20031;MRO-10047;MRO-10046,Belt Conveyor,CHN-02,train,12,caution,caution,approved_on_validation,우선 점검 후보
2023-03-21,AST-3019,A2,3,5.902635891053853,0.0952230644570449,0.0603050362019627,MRO-10047;MRO-20031;MRO-80001,MRO-10047;MRO-20031;MRO-80001,Belt Conveyor,CHN-02,train,12,caution,risk,approved_on_validation,우선 점검 후보
2023-03-21,AST-4055,A2,11,8.259459595341303,0.2396625416037683,0.1716324782397079,MRO-10046;MRO-50009;MRO-20031,MRO-10046;MRO-50009;MRO-20031,Screw Compressor,DHR-03,train,12,risk,risk,approved_on_validation,우선 점검 후보
2023-03-21,AST-4061,A2,2,6.879887302278396,0.148332477361554,0.0990538255500448,MRO-10047;MRO-10045;MRO-20031,MRO-10047;MRO-10045;MRO-20031,Screw Compressor,DHR-03,train,12,caution,risk,approved_on_validation,우선 점검 후보
2023-03-21,AST-5003,A2,8,7.874015734545587,0.2113367891034608,0.1490236950701838,MRO-10045;MRO-10046;MRO-10047,MRO-10045;MRO-10046;MRO-10047,EOT Crane,DHR-03,train,12,risk,risk,approved_on_validation,우선 점검 후보
2023-03-21,AST-5007,A2,11,5.659834843922735,0.0851100880238153,0.0528595113652387,MRO-10047;MRO-10045;MRO-90011,MRO-10047;MRO-10045;MRO-50009,EOT Crane,PUN-01,train,12,risk,caution,approved_on_validation,우선 점검 후보
2023-03-22,AST-1041,A2,4,6.391761321837947,0.1192978970191051,0.0783405335066709,MRO-10046;MRO-20031;MRO-80001,MRO-10046;MRO-20031;MRO-80001,CNC Lathe,PUN-01,train,12,caution,risk,approved_on_validation,우선 점검 후보
2023-03-22,AST-1042,A2,2,5.994346218075838,0.1019077978627531,0.0633138523961204,MRO-50009;MRO-20031;MRO-10046,MRO-50009;MRO-20031;MRO-10046,CNC Lathe,PUN-01,train,12,caution,risk,approved_on_validation,우선 점검 후보
2023-03-22,AST-2017,A2,9,8.355294687722017,0.2474950269374858,0.1782520118305772,MRO-10045;MRO-80001;MRO-20031,MRO-10045;MRO-80001;MRO-20031,Hydraulic Press,PUN-01,train,12,risk,risk,approved_on_validation,우선 점검 후보
2023-03-22,AST-2031,A2,6,8.531410037996109,0.2569392567826052,0.1889650109849573,MRO-50009;MRO-20031;MRO-10047,MRO-50009;MRO-20031;MRO-10047,Hydraulic Press,CHN-02,train,12,risk,risk,approved_on_validation,우선 점검 후보
2023-03-22,AST-3008,A2,8,6.906917503707163,0.1483337950406408,0.1003579437150232,MRO-10045;MRO-40022;MRO-90012,MRO-10045;MRO-50009;MRO-10046,Belt Conveyor,CHN-02,train,12,risk,risk,approved_on_validation,우선 점검 후보
2023-03-22,AST-3019,A2,12,7.090823134610383,0.1551579819459136,0.1066842990597404,MRO-20033;MRO-50008;MRO-20031,MRO-20031;MRO-10047;MRO-50009,Belt Conveyor,CHN-02,train,12,high_risk,risk,approved_on_validation,우선 점검 후보
2023-03-22,AST-4055,A2,6,7.306774623041663,0.1751227933193038,0.120056300319278,MRO-10047;MRO-10045;MRO-80001,MRO-10047;MRO-10045;MRO-80001,Screw Compressor,DHR-03,train,12,risk,risk,approved_on_validation,우선 점검 후보
2023-03-22,AST-4061,A2,5,6.481118419758828,0.1265948157980139,0.0824740060018937,MRO-10047;MRO-10045;MRO-20031,MRO-10047;MRO-10045;MRO-20031,Screw Compressor,DHR-03,train,12,caution,risk,approved_on_validation,우선 점검 후보
2023-03-22,AST-5003,A2,12,8.255553451281711,0.23971822952624,0.1719616911978898,MRO-10045;MRO-20031;MRO-50009,MRO-10045;MRO-20031;MRO-50009,EOT Crane,DHR-03,train,12,high_risk,risk,approved_on_validation,우선 점검 후보
2023-03-22,AST-5007,A2,0,6.107979327873537,0.105954054666944,0.0673503179925841,MRO-10045;MRO-10047;MRO-10046,MRO-10045;MRO-10047;MRO-10046,EOT Crane,PUN-01,train,12,normal,risk,approved_on_validation,우선 점검 후보
2023-03-23,AST-1041,A2,12,6.276491601761539,0.1155817845974756,0.0731053229868382,MRO-80002;MRO-20031;MRO-10047,MRO-20031;MRO-10047;MRO-10046,CNC Lathe,PUN-01,train,12,high_risk,risk,approved_on_validation,우선 점검 후보
2023-03-23,AST-1042,A2,6,6.050942317100008,0.104025496942998,0.0654480081446197,MRO-20031;MRO-10047;MRO-80001,MRO-20031;MRO-10047;MRO-80001,CNC Lathe,PUN-01,train,12,risk,risk,approved_on_validation,우선 점검 후보
2023-03-23,AST-2017,A2,10,8.727810852743353,0.2711191497623507,0.1992086758491908,MRO-40022;MRO-80001;MRO-10045,MRO-80001;MRO-10045;MRO-20031,Hydraulic Press,PUN-01,train,12,risk,risk,approved_on_validation,우선 점검 후보
2023-03-23,AST-2031,A2,9,7.5007518278039,0.1879889321038074,0.1302105873458559,MRO-80001;MRO-20031;MRO-50009,MRO-80001;MRO-20031;MRO-50009,Hydraulic Press,CHN-02,train,12,risk,risk,approved_on_validation,우선 점검 후보
2023-03-23,AST-3008,A2,10,6.691086637989788,0.1379559551389492,0.0899811115227398,MRO-10045;MRO-40022;MRO-10046,MRO-10045;MRO-10046;MRO-80001,Belt Conveyor,CHN-02,train,12,risk,risk,approved_on_validation,우선 점검 후보
2023-03-23,AST-3019,A2,6,6.166839297865031,0.1087076426559958,0.0685954414430167,MRO-80001;MRO-20033;MRO-60015,MRO-80001;MRO-50009;MRO-20031,Belt Conveyor,CHN-02,train,12,risk,risk,approved_on_validation,우선 점검 후보
2023-03-23,AST-4055,A2,21,8.96029946878855,0.2900517548085366,0.2147119733935563,MRO-10047;MRO-20031;MRO-10045,MRO-10047;MRO-20031;MRO-10045,Screw Compressor,DHR-03,train,12,high_risk,risk,approved_on_validation,우선 점검 후보
2023-03-23,AST-4061,A2,5,6.438978492294164,0.1208266053904821,0.0802779982668055,MRO-40021;MRO-20032;MRO-10046,MRO-10046;MRO-20031;MRO-10045,Screw Compressor,DHR-03,train,12,caution,risk,approved_on_validation,우선 점검 후보
2023-03-23,AST-5003,A2,8,7.8249601675920735,0.2069524686179199,0.1468490162828057,MRO-10045;MRO-80001;MRO-10047,MRO-10045;MRO-80001;MRO-10047,EOT Crane,DHR-03,train,12,risk,risk,approved_on_validation,우선 점검 후보
2023-03-23,AST-5007,A2,6,5.821557364541487,0.0908756858476383,0.0570928313550913,MRO-10045;MRO-10046;MRO-80001,MRO-10045;MRO-10046;MRO-80001,EOT Crane,PUN-01,train,12,risk,caution,approved_on_validation,우선 점검 후보
2023-03-24,AST-1041,A2,13,7.2497770789442,0.173398043587359,0.1170158101837407,MRO-80001;MRO-10047;MRO-10046,MRO-80001;MRO-10047;MRO-10046,CNC Lathe,PUN-01,train,12,high_risk,risk,approved_on_validation,우선 점검 후보
2023-03-24,AST-1042,A2,16,6.625459009385845,0.1332372120984779,0.0866561224694078,MRO-20031;MRO-60015;MRO-50009,MRO-20031;MRO-50009;MRO-10047,CNC Lathe,PUN-01,train,12,high_risk,risk,approved_on_validation,우선 점검 후보
2023-03-24,AST-2017,A2,10,7.5858458745436,0.1909464020724009,0.1290068229512244,MRO-20033;MRO-20031;MRO-40022,MRO-20031;MRO-80001;MRO-50009,Hydraulic Press,PUN-01,train,12,risk,risk,approved_on_validation,우선 점검 후보
2023-03-24,AST-2031,A2,7,7.737521506110893,0.2000057385433763,0.1423409106032554,MRO-10046;MRO-20031;MRO-40021,MRO-10046;MRO-20031;MRO-50009,Hydraulic Press,CHN-02,train,12,risk,risk,approved_on_validation,우선 점검 후보
2023-03-24,AST-3008,A2,16,9.252991415304647,0.3153107366879182,0.2322851074981379,MRO-10045;MRO-40022;MRO-20031,MRO-10045;MRO-20031;MRO-80001,Belt Conveyor,CHN-02,train,12,high_risk,risk,approved_on_validation,우선 점검 후보
2023-03-24,AST-3019,A2,2,4.963097347332878,0.0594647309783895,0.0333698285418831,MRO-10046;MRO-20031;MRO-10045,MRO-10046;MRO-20031;MRO-10045,Belt Conveyor,CHN-02,train,12,caution,caution,approved_on_validation,우선 점검 후보
2023-03-24,AST-4055,A2,5,7.579322023158024,0.1902624747756539,0.1317572940329514,MRO-30011;MRO-50009;MRO-80001,MRO-50009;MRO-80001;MRO-10047,Screw Compressor,DHR-03,train,12,caution,risk,approved_on_validation,우선 점검 후보
2023-03-24,AST-4061,A2,13,7.018564017531059,0.1584290556332975,0.1073844206153531,MRO-10047;MRO-20031;MRO-10046,MRO-10047;MRO-20031;MRO-10046,Screw Compressor,DHR-03,train,12,high_risk,risk,approved_on_validation,우선 점검 후보
2023-03-24,AST-5003,A2,8,7.473892972138863,0.191393688513761,0.1290410708548402,MRO-10046;MRO-20031;MRO-10045,MRO-10046;MRO-20031;MRO-10045,EOT Crane,DHR-03,train,12,risk,risk,approved_on_validation,우선 점검 후보
2023-03-24,AST-5007,A2,4,6.479825756760152,0.1173402627386996,0.0816597023597105,MRO-70004;MRO-30012;MRO-20031,MRO-20031;MRO-10047;MRO-10045,EOT Crane,PUN-01,train,12,caution,risk,approved_on_validation,우선 점검 후보
2023-03-25,AST-1041,A2,0,0.0031455493673868,6.929214783512453e-12,6.410462351837661e-15,MRO-20031;MRO-70004;MRO-80001,MRO-20031;MRO-80001;MRO-10045,CNC Lathe,PUN-01,train,12,normal,normal,approved_on_validation,우선 점검 후보
2023-03-25,AST-1042,A2,0,0.0029553647981046,5.50652837064417e-12,4.887944302992663e-15,MRO-50009;MRO-10045;MRO-10046,MRO-50009;MRO-10045;MRO-10046,CNC Lathe,PUN-01,train,12,normal,normal,approved_on_validation,우선 점검 후보
2023-03-25,AST-2017,A2,0,0.0032964671564938,6.960484871408803e-12,7.13177460192579e-15,MRO-60015;MRO-20031;MRO-40021,MRO-20031;MRO-10045;MRO-10047,Hydraulic Press,PUN-01,train,12,normal,normal,approved_on_validation,우선 점검 후보
2023-03-25,AST-2031,A2,0,0.0032259227318324,6.851997643565994e-12,6.816096627493195e-15,MRO-20031;MRO-10045;MRO-50009,MRO-20031;MRO-10045;MRO-50009,Hydraulic Press,CHN-02,train,12,normal,normal,approved_on_validation,우선 점검 후보
2023-03-25,AST-3008,A2,0,0.0029562032741261,4.545513249683716e-12,4.295705244761528e-15,MRO-10047;MRO-50009;MRO-30011,MRO-10047;MRO-50009;MRO-10046,Belt Conveyor,CHN-02,train,12,normal,normal,approved_on_validation,우선 점검 후보
2023-03-25,AST-3019,A2,0,0.0032183807780085,6.016655961814761e-12,6.355388542439337e-15,MRO-20032;MRO-30011;MRO-10045,MRO-10045;MRO-10046;MRO-10047,Belt Conveyor,CHN-02,train,12,normal,normal,approved_on_validation,우선 점검 후보
2023-03-25,AST-4055,A2,0,0.0031201374204624,5.709110654501555e-12,5.6289075274526575e-15,MRO-10045;MRO-30012;MRO-40021,MRO-10045;MRO-10047;MRO-50009,Screw Compressor,DHR-03,train,12,normal,normal,approved_on_validation,우선 점검 후보
2023-03-25,AST-4061,A2,0,0.0032362945493571,6.5950993397357146e-12,6.656038349014293e-15,MRO-10045;MRO-20031;MRO-50009,MRO-10045;MRO-20031;MRO-50009,Screw Compressor,DHR-03,train,12,normal,normal,approved_on_validation,우선 점검 후보
2023-03-25,AST-5003,A2,0,0.0031472481051512,5.879036453466645e-12,5.827527423526268e-15,MRO-20031;MRO-80001;MRO-20033,MRO-20031;MRO-80001;MRO-10045,EOT Crane,DHR-03,train,12,normal,normal,approved_on_validation,우선 점검 후보
2023-03-25,AST-5007,A2,0,0.0032978751417799,6.515039786413559e-12,7.083206057341921e-15,MRO-70004;MRO-50009;MRO-30012,MRO-50009;MRO-10045;MRO-10046,EOT Crane,PUN-01,train,12,normal,normal,approved_on_validation,우선 점검 후보
2023-03-26,AST-1041,A2,0,0.0029239833494614,4.852249964754239e-12,4.428777899140708e-15,MRO-10045;MRO-20031;MRO-50009,MRO-10045;MRO-20031;MRO-50009,CNC Lathe,PUN-01,train,12,normal,normal,approved_on_validation,우선 점검 후보
2023-03-26,AST-1042,A2,0,0.0030857171496952,6.36229030675654e-12,5.8689398523488754e-15,MRO-50009;MRO-10045;MRO-10046,MRO-50009;MRO-10045;MRO-10046,CNC Lathe,PUN-01,train,12,normal,normal,approved_on_validation,우선 점검 후보
2023-03-26,AST-2017,A2,0,0.0034302701195944,9.103872237547916e-12,9.194315362964652e-15,MRO-10046;MRO-20031;MRO-60016,MRO-10046;MRO-20031;MRO-10045,Hydraulic Press,PUN-01,train,12,normal,normal,approved_on_validation,우선 점검 후보
2023-03-26,AST-2031,A2,0,0.0031947918820485,6.328627549118979e-12,6.319055172392127e-15,MRO-10045;MRO-10047;MRO-20031,MRO-10045;MRO-10047;MRO-20031,Hydraulic Press,CHN-02,train,12,normal,normal,approved_on_validation,우선 점검 후보
2023-03-26,AST-3008,A2,0,0.0030688315538884,5.173324269235697e-12,5.092492319270649e-15,MRO-70004;MRO-10047;MRO-50009,MRO-10047;MRO-50009;MRO-10046,Belt Conveyor,CHN-02,train,12,normal,normal,approved_on_validation,우선 점검 후보
2023-03-26,AST-3019,A2,0,0.0031400116120863,6.022924202944797e-12,5.906225538341212e-15,MRO-10045;MRO-10046;MRO-10047,MRO-10045;MRO-10046;MRO-10047,Belt Conveyor,CHN-02,train,12,normal,normal,approved_on_validation,우선 점검 후보
2023-03-26,AST-4055,A2,0,0.003138247385184,5.7337259263493066e-12,5.717702949222371e-15,MRO-10045;MRO-10047;MRO-50009,MRO-10045;MRO-10047;MRO-50009,Screw Compressor,DHR-03,train,12,normal,normal,approved_on_validation,우선 점검 후보
2023-03-26,AST-4061,A2,0,0.0032478544166618,6.602349734779718e-12,6.730841278398423e-15,MRO-70004;MRO-10045;MRO-20031,MRO-10045;MRO-20031;MRO-50009,Screw Compressor,DHR-03,train,12,normal,normal,approved_on_validation,우선 점검 후보
2023-03-26,AST-5003,A2,0,0.0032320396648679,6.888206467049185e-12,6.847507070288066e-15,MRO-20031;MRO-10045;MRO-10047,MRO-20031;MRO-10045;MRO-10047,EOT Crane,DHR-03,train,12,normal,normal,approved_on_validation,우선 점검 후보
2023-03-26,AST-5007,A2,0,0.0033272810005255,6.654833025095314e-12,7.276228807499575e-15,MRO-70004;MRO-10045;MRO-10046,MRO-10045;MRO-10046;MRO-10047,EOT Crane,PUN-01,train,12,normal,normal,approved_on_validation,우선 점검 후보
2023-03-27,AST-1041,A2,10,6.838848533496003,0.14748103255009,0.097367648094114,MRO-50009;MRO-10046;MRO-20031,MRO-50009;MRO-10046;MRO-20031,CNC Lathe,PUN-01,train,12,risk,risk,approved_on_validation,우선 점검 후보
2023-03-27,AST-1042,A2,8,5.910886953324565,0.0988964746199033,0.0609139912721917,MRO-50009;MRO-20031;MRO-80001,MRO-50009;MRO-20031;MRO-80001,CNC Lathe,PUN-01,train,12,risk,risk,approved_on_validation,우선 점검 후보
2023-03-27,AST-2017,A2,17,8.533000493543875,0.2586615929224208,0.1884394568973308,MRO-10046;MRO-10045;MRO-20031,MRO-10046;MRO-10045;MRO-20031,Hydraulic Press,PUN-01,train,12,high_risk,risk,approved_on_validation,우선 점검 후보
2023-03-27,AST-2031,A2,8,7.352788775362304,0.1789569629976248,0.1226733070634078,MRO-50009;MRO-20031;MRO-10045,MRO-50009;MRO-20031;MRO-10045,Hydraulic Press,CHN-02,train,12,risk,risk,approved_on_validation,우선 점검 후보
2023-03-27,AST-3008,A2,2,6.303358411356297,0.1145862642827242,0.0738480361728417,MRO-30012;MRO-10046;MRO-80001,MRO-10046;MRO-80001;MRO-10045,Belt Conveyor,CHN-02,train,12,caution,risk,approved_on_validation,우선 점검 후보
2023-03-27,AST-3019,A2,6,5.47646653550597,0.0786860468465699,0.0473906201180194,MRO-80001;MRO-20031;MRO-50009,MRO-80001;MRO-20031;MRO-50009,Belt Conveyor,CHN-02,train,12,risk,caution,approved_on_validation,우선 점검 후보
2023-03-27,AST-4055,A2,8,7.776115609899602,0.207913812653824,0.1443352911993248,MRO-10046;MRO-10047;MRO-50009,MRO-10046;MRO-10047;MRO-50009,Screw Compressor,DHR-03,train,12,risk,risk,approved_on_validation,우선 점검 후보
2023-03-27,AST-4061,A2,5,6.6669743592583846,0.1358259477380982,0.0902679582839691,MRO-80001;MRO-50009;MRO-10045,MRO-80001;MRO-50009;MRO-10045,Screw Compressor,DHR-03,train,12,caution,risk,approved_on_validation,우선 점검 후보
2023-03-27,AST-5003,A2,17,8.143392314430285,0.2270729108849623,0.1654626447033246,MRO-10045;MRO-50009;MRO-20032,MRO-10045;MRO-50009;MRO-20031,EOT Crane,DHR-03,train,12,high_risk,risk,approved_on_validation,우선 점검 후보
2023-03-27,AST-5007,A2,7,5.692456627618651,0.0862339407535846,0.0524396017091237,MRO-50009;MRO-80001;MRO-40022,MRO-50009;MRO-80001;MRO-10045,EOT Crane,PUN-01,train,12,risk,caution,approved_on_validation,우선 점검 후보
2023-03-28,AST-1041,A2,6,5.678838023796077,0.0839243200184512,0.0515667526516927,MRO-10046;MRO-20033;MRO-30012,MRO-10046;MRO-50009;MRO-10047,CNC Lathe,PUN-01,train,12,risk,caution,approved_on_validation,우선 점검 후보
2023-03-28,AST-1042,A2,0,5.9803907354587755,0.1006841657023952,0.0630519730493141,MRO-10045;MRO-80001;MRO-20031,MRO-10045;MRO-80001;MRO-20031,CNC Lathe,PUN-01,train,12,normal,risk,approved_on_validation,우선 점검 후보
2023-03-28,AST-2017,A2,6,8.287854381313812,0.2411769929760988,0.1737888744758897,MRO-10045;MRO-10046;MRO-20031,MRO-10045;MRO-10046;MRO-20031,Hydraulic Press,PUN-01,train,12,risk,risk,approved_on_validation,우선 점검 후보
2023-03-28,AST-2031,A2,18,7.378184028671499,0.1799135307497149,0.1237204094166935,MRO-10045;MRO-10046;MRO-10047,MRO-10045;MRO-10046;MRO-10047,Hydraulic Press,CHN-02,train,12,high_risk,risk,approved_on_validation,우선 점검 후보
2023-03-28,AST-3008,A2,12,6.91499640127109,0.1504931618824571,0.1008668662104446,MRO-10045;MRO-40021;MRO-20031,MRO-10045;MRO-20031;MRO-10046,Belt Conveyor,CHN-02,train,12,high_risk,risk,approved_on_validation,우선 점검 후보
2023-03-28,AST-3019,A2,4,5.76723134651277,0.0888191380583161,0.0557939243904348,MRO-90011;MRO-30012;MRO-10047,MRO-10047;MRO-80001;MRO-50009,Belt Conveyor,CHN-02,train,12,caution,caution,approved_on_validation,우선 점검 후보
2023-03-28,AST-4055,A2,7,7.084530434393167,0.1611067603645264,0.1087545278780476,MRO-10047;MRO-80001;MRO-10045,MRO-10047;MRO-80001;MRO-10045,Screw Compressor,DHR-03,train,12,risk,risk,approved_on_validation,우선 점검 후보
2023-03-28,AST-4061,A2,13,6.6032170972874,0.1327084650760629,0.0870320090871665,MRO-50009;MRO-10045;MRO-80001,MRO-50009;MRO-10045;MRO-80001,Screw Compressor,DHR-03,train,12,high_risk,risk,approved_on_validation,우선 점검 후보
2023-03-28,AST-5003,A2,14,8.368208090464826,0.2468900113383066,0.1768685306126416,MRO-10045;MRO-20031;MRO-50009,MRO-10045;MRO-20031;MRO-50009,EOT Crane,DHR-03,train,12,high_risk,risk,approved_on_validation,우선 점검 후보
2023-03-28,AST-5007,A2,4,5.167136933491672,0.0621386627555006,0.0363788989050491,MRO-40021;MRO-20033;MRO-50009,MRO-50009;MRO-10045;MRO-80001,EOT Crane,PUN-01,train,12,caution,caution,approved_on_validation,우선 점검 후보
2023-03-29,AST-1041,A2,7,6.3589117758100215,0.1193936505433494,0.0764874084226135,MRO-10047;MRO-10046;MRO-50009,MRO-10047;MRO-10046;MRO-50009,CNC Lathe,PUN-01,train,12,risk,risk,approved_on_validation,우선 점검 후보
2023-03-29,AST-1042,A2,5,6.509078796567674,0.1293694633628336,0.0834339263268066,MRO-50009;MRO-10045;MRO-80001,MRO-50009;MRO-10045;MRO-80001,CNC Lathe,PUN-01,train,12,caution,risk,approved_on_validation,우선 점검 후보
2023-03-29,AST-2017,A2,4,8.511537334238167,0.2589868135404388,0.1877000389069157,MRO-10047;MRO-10046;MRO-10045,MRO-10047;MRO-10046;MRO-10045,Hydraulic Press,PUN-01,train,12,caution,risk,approved_on_validation,우선 점검 후보
2023-03-29,AST-2031,A2,6,7.2593068717560545,0.1708335625712991,0.1185296194215849,MRO-10046;MRO-10045;MRO-50009,MRO-10046;MRO-10045;MRO-50009,Hydraulic Press,CHN-02,train,12,risk,risk,approved_on_validation,우선 점검 후보
2023-03-29,AST-3008,A2,1,6.278160100180707,0.1149415580236909,0.0737562149028764,MRO-10045;MRO-10046;MRO-80001,MRO-10045;MRO-10046;MRO-80001,Belt Conveyor,CHN-02,train,12,caution,risk,approved_on_validation,우선 점검 후보
2023-03-29,AST-3019,A2,10,5.311743307863518,0.0720201763617928,0.0428856898914677,MRO-10047;MRO-80001;MRO-50009,MRO-10047;MRO-80001;MRO-50009,Belt Conveyor,CHN-02,train,12,risk,caution,approved_on_validation,우선 점검 후보
2023-03-29,AST-4055,A2,6,8.212358128043983,0.2369256057237916,0.169338085166387,MRO-10046;MRO-80001;MRO-50009,MRO-10046;MRO-80001;MRO-50009,Screw Compressor,DHR-03,train,12,risk,risk,approved_on_validation,우선 점검 후보
2023-03-29,AST-4061,A2,5,6.637203983761407,0.1362590533227709,0.0883775545195187,MRO-40021;MRO-10046;MRO-50009,MRO-10046;MRO-50009;MRO-20031,Screw Compressor,DHR-03,train,12,caution,risk,approved_on_validation,우선 점검 후보
2023-03-29,AST-5003,A2,3,7.834080968314701,0.207654768817929,0.1467887345256795,MRO-10045;MRO-50009;MRO-10047,MRO-10045;MRO-50009;MRO-10047,EOT Crane,DHR-03,train,12,caution,risk,approved_on_validation,우선 점검 후보
2023-03-29,AST-5007,A2,1,5.720038821796892,0.0869089283932355,0.0544766627171265,MRO-10045;MRO-10047;MRO-50009,MRO-10045;MRO-10047;MRO-50009,EOT Crane,PUN-01,train,12,caution,caution,approved_on_validation,우선 점검 후보
2023-03-30,AST-1041,A2,8,6.521225685346919,0.127883632077865,0.0834703053186958,MRO-10046;MRO-50009;MRO-10047,MRO-10046;MRO-50009;MRO-10047,CNC Lathe,PUN-01,train,12,risk,risk,approved_on_validation,우선 점검 후보
2023-03-30,AST-1042,A2,4,6.251327662543673,0.1151427749953617,0.0728201246324895,MRO-50009;MRO-10045;MRO-80001,MRO-50009;MRO-10045;MRO-80001,CNC Lathe,PUN-01,train,12,caution,risk,approved_on_validation,우선 점검 후보
2023-03-30,AST-2017,A2,14,8.934838591063627,0.2870976109000472,0.2141803374724918,MRO-80001;MRO-10045;MRO-20031,MRO-80001;MRO-10045;MRO-20031,Hydraulic Press,PUN-01,train,12,high_risk,risk,approved_on_validation,우선 점검 후보
2023-03-30,AST-2031,A2,7,7.733314949707124,0.2041459088214791,0.1423167838268376,MRO-80001;MRO-10046;MRO-10045,MRO-80001;MRO-10046;MRO-10045,Hydraulic Press,CHN-02,train,12,risk,risk,approved_on_validation,우선 점검 후보
2023-03-30,AST-3008,A2,2,6.580469962170487,0.1261977002193233,0.0842087932852022,MRO-40021;MRO-70005;MRO-10045,MRO-10045;MRO-80001;MRO-10047,Belt Conveyor,CHN-02,train,12,caution,risk,approved_on_validation,우선 점검 후보
2023-03-30,AST-3019,A2,12,5.603499517757284,0.0839838236995797,0.0505200439322988,MRO-10047;MRO-80001;MRO-50009,MRO-10047;MRO-80001;MRO-50009,Belt Conveyor,CHN-02,train,12,high_risk,caution,approved_on_validation,우선 점검 후보
2023-03-30,AST-4055,A2,14,8.251214454396825,0.2397156575271039,0.1714268389361567,MRO-10046;MRO-80001;MRO-50009,MRO-10046;MRO-80001;MRO-50009,Screw Compressor,DHR-03,train,12,high_risk,risk,approved_on_validation,우선 점검 후보
2023-03-30,AST-4061,A2,0,6.541965866028063,0.1292002300587562,0.0845597219297722,MRO-40021;MRO-10046;MRO-10045,MRO-10046;MRO-10045;MRO-20031,Screw Compressor,DHR-03,train,12,normal,risk,approved_on_validation,우선 점검 후보
2023-03-30,AST-5003,A2,2,7.237713098602645,0.1685083888906583,0.1161385745808361,MRO-10045;MRO-50009;MRO-10046,MRO-10045;MRO-50009;MRO-10046,EOT Crane,DHR-03,train,12,caution,risk,approved_on_validation,우선 점검 후보
2023-03-30,AST-5007,A2,11,5.573160640417177,0.0770040703574422,0.0488311563475066,MRO-90011;MRO-20032;MRO-40022,MRO-10045;MRO-10047;MRO-50009,EOT Crane,PUN-01,train,12,risk,caution,approved_on_validation,우선 점검 후보
2023-03-31,AST-1041,A2,10,6.546273739372623,0.1301660955726997,0.0846514754104182,MRO-10047;MRO-10046;MRO-50009,MRO-10047;MRO-10046;MRO-50009,CNC Lathe,PUN-01,train,12,risk,risk,approved_on_validation,우선 점검 후보
2023-03-31,AST-1042,A2,6,5.9403604599194635,0.0992014704774988,0.0614062742598169,MRO-20031;MRO-10047;MRO-10046,MRO-20031;MRO-10047;MRO-10046,CNC Lathe,PUN-01,train,12,risk,risk,approved_on_validation,우선 점검 후보
2023-03-31,AST-2017,A2,10,8.556765039328429,0.2569754443954524,0.1918128725459944,MRO-80001;MRO-10046;MRO-10047,MRO-80001;MRO-10046;MRO-10047,Hydraulic Press,PUN-01,train,12,risk,risk,approved_on_validation,우선 점검 후보
2023-03-31,AST-2031,A2,13,7.706413220509749,0.200810666507365,0.1414257645904945,MRO-10046;MRO-80001;MRO-10045,MRO-10046;MRO-80001;MRO-10045,Hydraulic Press,CHN-02,train,12,high_risk,risk,approved_on_validation,우선 점검 후보
2023-03-31,AST-3008,A2,0,6.574533099186777,0.1294374764504442,0.0855918172675545,MRO-10046;MRO-80001;MRO-10047,MRO-10046;MRO-80001;MRO-10047,Belt Conveyor,CHN-02,train,12,normal,risk,approved_on_validation,우선 점검 후보
2023-03-31,AST-3019,A2,12,5.716664998116063,0.0887973150346502,0.054000189171107,MRO-10045;MRO-50009;MRO-10047,MRO-10045;MRO-50009;MRO-10047,Belt Conveyor,CHN-02,train,12,high_risk,caution,approved_on_validation,우선 점검 후보
2023-03-31,AST-4055,A2,17,8.645473634948807,0.2671174173539473,0.1958244321686778,MRO-10046;MRO-20031;MRO-50009,MRO-10046;MRO-20031;MRO-50009,Screw Compressor,DHR-03,train,12,high_risk,risk,approved_on_validation,우선 점검 후보
2023-03-31,AST-4061,A2,5,7.53860589733842,0.1815635264130284,0.128613480175022,MRO-40021;MRO-30012;MRO-80001,MRO-80001;MRO-10046;MRO-50009,Screw Compressor,DHR-03,train,12,caution,risk,approved_on_validation,우선 점검 후보
2023-03-31,AST-5003,A2,0,7.151792935860469,0.1664488355952849,0.1115610061403919,MRO-10045;MRO-50009;MRO-10047,MRO-10045;MRO-50009;MRO-10047,EOT Crane,DHR-03,train,12,normal,risk,approved_on_validation,우선 점검 후보
2023-03-31,AST-5007,A2,8,5.709012664189224,0.0852896034111831,0.0525594063321338,MRO-40022;MRO-10045;MRO-10047,MRO-10045;MRO-10047;MRO-50009,EOT Crane,PUN-01,train,12,risk,caution,approved_on_validation,우선 점검 후보
2023-04-01,AST-1041,A2,0,0.0032436006040954,6.6094433709500475e-12,6.704134535690972e-15,MRO-10045;MRO-10046;MRO-50009,MRO-10045;MRO-10046;MRO-50009,CNC Lathe,PUN-01,train,12,normal,normal,approved_on_validation,우선 점검 후보
2023-04-01,AST-1042,A2,0,0.0034508285374411,8.511788312259474e-12,8.479689059565606e-15,MRO-50009;MRO-20033;MRO-60015,MRO-50009;MRO-10045;MRO-10046,CNC Lathe,PUN-01,train,12,normal,normal,approved_on_validation,우선 점검 후보
2023-04-01,AST-2017,A2,0,0.003263077114569,6.723904029307584e-12,6.952716147287684e-15,MRO-20032;MRO-20031;MRO-80001,MRO-20031;MRO-80001;MRO-10046,Hydraulic Press,PUN-01,train,12,normal,normal,approved_on_validation,우선 점검 후보
2023-04-01,AST-2031,A2,0,0.0031973478868301,6.522763812461627e-12,6.4673101417703425e-15,MRO-80001;MRO-10045;MRO-10046,MRO-80001;MRO-10045;MRO-10046,Hydraulic Press,CHN-02,train,12,normal,normal,approved_on_validation,우선 점검 후보
2023-04-01,AST-3008,A2,0,0.0031986843313367,6.465487217060325e-12,6.388228105779708e-15,MRO-10046;MRO-10047;MRO-20031,MRO-10046;MRO-10047;MRO-20031,Belt Conveyor,CHN-02,train,12,normal,normal,approved_on_validation,우선 점검 후보
2023-04-01,AST-3019,A2,0,0.0031897632316048,6.529712990915982e-12,6.461028633900252e-15,MRO-10047;MRO-50009;MRO-10046,MRO-10047;MRO-50009;MRO-10046,Belt Conveyor,CHN-02,train,12,normal,normal,approved_on_validation,우선 점검 후보
2023-04-01,AST-4055,A2,0,0.003239820106032,6.128472324949166e-12,6.3045049312334145e-15,MRO-60016;MRO-20031;MRO-10045,MRO-20031;MRO-10045;MRO-10047,Screw Compressor,DHR-03,train,12,normal,normal,approved_on_validation,우선 점검 후보
2023-04-01,AST-4061,A2,0,0.0033127124183604,6.658412958934033e-12,6.985792561069813e-15,MRO-60015;MRO-40021;MRO-90011,MRO-10045;MRO-10046;MRO-10047,Screw Compressor,DHR-03,train,12,normal,normal,approved_on_validation,우선 점검 후보
2023-04-01,AST-5003,A2,0,0.0035102253589325,1.2334366332374808e-11,1.1475199227467354e-14,MRO-10046;MRO-50009;MRO-20031,MRO-10046;MRO-50009;MRO-20031,EOT Crane,DHR-03,train,12,normal,normal,approved_on_validation,우선 점검 후보
2023-04-01,AST-5007,A2,0,0.0032516240734534,6.722695973689947e-12,6.7780763536936256e-15,MRO-10045;MRO-40022;MRO-50008,MRO-10045;MRO-10046;MRO-20031,EOT Crane,PUN-01,train,12,normal,normal,approved_on_validation,우선 점검 후보
2023-04-02,AST-1041,A2,0,0.0028381851686204,4.362501742850859e-12,3.882264969363462e-15,MRO-30011;MRO-10045;MRO-10046,MRO-10045;MRO-10046;MRO-10047,CNC Lathe,PUN-01,train,12,normal,normal,approved_on_validation,우선 점검 후보
2023-04-02,AST-1042,A2,0,0.0032105725612148,6.264138061952549e-12,6.334701416417598e-15,MRO-10045;MRO-10046;MRO-10047,MRO-10045;MRO-10046;MRO-10047,CNC Lathe,PUN-01,train,12,normal,normal,approved_on_validation,우선 점검 후보
2023-04-02,AST-2017,A2,0,0.0033092913001312,7.297065907081126e-12,7.490779779472189e-15,MRO-20031;MRO-80001;MRO-70005,MRO-20031;MRO-80001;MRO-10045,Hydraulic Press,PUN-01,train,12,normal,normal,approved_on_validation,우선 점검 후보
2023-04-02,AST-2031,A2,0,0.0034347518385462,8.947323848734556e-12,9.117145292151141e-15,MRO-80001;MRO-80002;MRO-50009,MRO-80001;MRO-50009;MRO-10045,Hydraulic Press,CHN-02,train,12,normal,normal,approved_on_validation,우선 점검 후보
2023-04-02,AST-3008,A2,0,0.0032029886842597,6.509477899263168e-12,6.434363667161132e-15,MRO-10045;MRO-10046;MRO-10047,MRO-10045;MRO-10046;MRO-10047,Belt Conveyor,CHN-02,train,12,normal,normal,approved_on_validation,우선 점검 후보
2023-04-02,AST-3019,A2,0,0.0032098117861626,6.519249655734708e-12,6.503345748132104e-15,MRO-10045;MRO-10046;MRO-20031,MRO-10045;MRO-10046;MRO-20031,Belt Conveyor,CHN-02,train,12,normal,normal,approved_on_validation,우선 점검 후보
2023-04-02,AST-4055,A2,0,0.0032726279165532,6.392442371173606e-12,6.634079680949547e-15,MRO-30011;MRO-10045;MRO-10047,MRO-10045;MRO-10047;MRO-20031,Screw Compressor,DHR-03,train,12,normal,normal,approved_on_validation,우선 점검 후보
2023-04-02,AST-4061,A2,0,0.0032497190959374,6.657224133569439e-12,6.764159274771523e-15,MRO-10045;MRO-10046;MRO-10047,MRO-10045;MRO-10046;MRO-10047,Screw Compressor,DHR-03,train,12,normal,normal,approved_on_validation,우선 점검 후보
2023-04-02,AST-5003,A2,0,0.0032309956639618,6.5122230581844336e-12,6.588288340343541e-15,MRO-10045;MRO-10046;MRO-10047,MRO-10045;MRO-10046;MRO-10047,EOT Crane,DHR-03,train,12,normal,normal,approved_on_validation,우선 점검 후보
2023-04-02,AST-5007,A2,0,0.003238808663098,6.450176419549071e-12,6.638213154405345e-15,MRO-70004;MRO-10046;MRO-10047,MRO-10046;MRO-10047;MRO-20031,EOT Crane,PUN-01,train,12,normal,normal,approved_on_validation,우선 점검 후보
2023-04-03,AST-1041,A2,6,7.374395743350248,0.1747768132871435,0.1220306249453658,MRO-10046;MRO-50009;MRO-10045,MRO-10046;MRO-50009;MRO-10045,CNC Lathe,PUN-01,train,12,risk,risk,approved_on_validation,우선 점검 후보
2023-04-03,AST-1042,A2,6,5.9383105189770085,0.0992566541221199,0.0618349975327789,MRO-50009;MRO-10045;MRO-80001,MRO-50009;MRO-10045;MRO-80001,CNC Lathe,PUN-01,train,12,risk,risk,approved_on_validation,우선 점검 후보
2023-04-03,AST-2017,A2,17,8.366060506834344,0.2450330526569865,0.1790093244095704,MRO-80001;MRO-10047;MRO-20031,MRO-80001;MRO-10047;MRO-20031,Hydraulic Press,PUN-01,train,12,high_risk,risk,approved_on_validation,우선 점검 후보
2023-04-03,AST-2031,A2,0,6.953110141742123,0.1532689499752056,0.103351761697549,MRO-10046;MRO-20031;MRO-10045,MRO-10046;MRO-20031;MRO-10045,Hydraulic Press,CHN-02,train,12,normal,risk,approved_on_validation,우선 점검 후보
2023-04-03,AST-3008,A2,2,6.029317415296704,0.0996997768946055,0.0652815467689978,MRO-70005;MRO-10047;MRO-10046,MRO-10047;MRO-10046;MRO-20031,Belt Conveyor,CHN-02,train,12,caution,risk,approved_on_validation,우선 점검 후보
2023-04-03,AST-3019,A2,3,5.751663405289798,0.0867345463935836,0.0556756937471419,MRO-90011;MRO-30012;MRO-10047,MRO-10047;MRO-50009;MRO-10045,Belt Conveyor,CHN-02,train,12,caution,caution,approved_on_validation,우선 점검 후보
2023-04-03,AST-4055,A2,16,8.25510544787271,0.2385903990526231,0.1723674284648578,MRO-20031;MRO-10047;MRO-50009,MRO-20031;MRO-10047;MRO-50009,Screw Compressor,DHR-03,train,12,high_risk,risk,approved_on_validation,우선 점검 후보
2023-04-03,AST-4061,A2,6,6.028843682485257,0.1036176783690173,0.065490180753463,MRO-80001;MRO-10046;MRO-50009,MRO-80001;MRO-10046;MRO-50009,Screw Compressor,DHR-03,train,12,risk,risk,approved_on_validation,우선 점검 후보
2023-04-03,AST-5003,A2,15,8.314650267516019,0.2402527576333399,0.1726752231901168,MRO-40022;MRO-10047;MRO-80001,MRO-10047;MRO-80001;MRO-10046,EOT Crane,DHR-03,train,12,high_risk,risk,approved_on_validation,우선 점검 후보
2023-04-03,AST-5007,A2,14,5.7098713318668475,0.0892630595543721,0.0543839674654583,MRO-80001;MRO-10047;MRO-10045,MRO-80001;MRO-10047;MRO-10045,EOT Crane,PUN-01,train,12,high_risk,caution,approved_on_validation,우선 점검 후보
2023-04-04,AST-1041,A2,3,5.930964083086593,0.0992546629969722,0.0619178953944534,MRO-50009;MRO-80001;MRO-20031,MRO-50009;MRO-80001;MRO-20031,CNC Lathe,PUN-01,train,12,caution,risk,approved_on_validation,우선 점검 후보
2023-04-04,AST-1042,A2,8,5.782170103921145,0.0910857846088967,0.056221161269312,MRO-10045;MRO-80001;MRO-20031,MRO-10045;MRO-80001;MRO-20031,CNC Lathe,PUN-01,train,12,risk,caution,approved_on_validation,우선 점검 후보
2023-04-04,AST-2017,A2,1,6.6122809632865,0.1330030285610906,0.0879632865979478,MRO-10045;MRO-20031;MRO-50009,MRO-10045;MRO-20031;MRO-50009,Hydraulic Press,PUN-01,train,12,caution,risk,approved_on_validation,우선 점검 후보
2023-04-04,AST-2031,A2,6,7.313123133958872,0.175882437447919,0.1210880300343076,MRO-10046;MRO-50009;MRO-80001,MRO-10046;MRO-50009;MRO-80001,Hydraulic Press,CHN-02,train,12,risk,risk,approved_on_validation,우선 점검 후보
2023-04-04,AST-3008,A2,4,5.635560157046526,0.0824283044003649,0.0517330919839058,MRO-10045;MRO-80001;MRO-50009,MRO-10045;MRO-80001;MRO-50009,Belt Conveyor,CHN-02,train,12,caution,caution,approved_on_validation,우선 점검 후보
2023-04-04,AST-3019,A2,1,5.454839396886224,0.0784791249113118,0.0467072229588167,MRO-10047;MRO-50009;MRO-10045,MRO-10047;MRO-50009;MRO-10045,Belt Conveyor,CHN-02,train,12,caution,caution,approved_on_validation,우선 점검 후보
2023-04-04,AST-4055,A2,11,8.3844384182319,0.2484799656224411,0.1803230576181227,MRO-10045;MRO-20031;MRO-50009,MRO-10045;MRO-20031;MRO-50009,Screw Compressor,DHR-03,train,12,risk,risk,approved_on_validation,우선 점검 후보
2023-04-04,AST-4061,A2,6,6.0873169871301025,0.1056517944399161,0.0673684282555357,MRO-50009;MRO-10046;MRO-20031,MRO-50009;MRO-10046;MRO-20031,Screw Compressor,DHR-03,train,12,risk,risk,approved_on_validation,우선 점검 후보
2023-04-04,AST-5003,A2,1,7.196425205837361,0.1650643973210989,0.1133154116430167,MRO-10045;MRO-50009;MRO-20031,MRO-10045;MRO-50009;MRO-20031,EOT Crane,DHR-03,train,12,caution,risk,approved_on_validation,우선 점검 후보
2023-04-04,AST-5007,A2,1,6.02520556819289,0.102002385776845,0.0646837467312125,MRO-10045;MRO-10046;MRO-10047,MRO-10045;MRO-10046;MRO-10047,EOT Crane,PUN-01,train,12,caution,risk,approved_on_validation,우선 점검 후보
2023-04-05,AST-1041,A2,6,6.192756843836916,0.1107723477018607,0.0717459065281597,MRO-10047;MRO-20031;MRO-10045,MRO-10047;MRO-20031;MRO-10045,CNC Lathe,PUN-01,train,12,risk,risk,approved_on_validation,우선 점검 후보
2023-04-05,AST-1042,A2,8,5.8314458753731175,0.0943696167992331,0.0579585263038121,MRO-50009;MRO-20031;MRO-80001,MRO-50009;MRO-20031;MRO-80001,CNC Lathe,PUN-01,train,12,risk,risk,approved_on_validation,우선 점검 후보
2023-04-05,AST-2017,A2,12,9.05408567401872,0.2992115941074002,0.2231919290711853,MRO-80001;MRO-20031;MRO-50009,MRO-80001;MRO-20031;MRO-50009,Hydraulic Press,PUN-01,train,12,high_risk,risk,approved_on_validation,우선 점검 후보
2023-04-05,AST-2031,A2,30,17.846582975135053,0.8693151194885284,0.8254240860688026,MRO-80001;MRO-10046;MRO-50009,MRO-80001;MRO-10046;MRO-50009,Hydraulic Press,CHN-02,train,12,high_risk,high_risk,approved_on_validation,우선 점검 후보
2023-04-05,AST-3008,A2,7,6.835966965998083,0.1473271113015679,0.0985286143493949,MRO-10045;MRO-10046;MRO-20031,MRO-10045;MRO-10046;MRO-20031,Belt Conveyor,CHN-02,train,12,risk,risk,approved_on_validation,우선 점검 후보
2023-04-05,AST-3019,A2,1,5.426038469272388,0.0744802282557928,0.0462840910267993,MRO-90011;MRO-10047;MRO-30012,MRO-10047;MRO-50009;MRO-10045,Belt Conveyor,CHN-02,train,12,caution,caution,approved_on_validation,우선 점검 후보
2023-04-05,AST-4055,A2,14,8.537109057842626,0.259484712823774,0.1892610877948772,MRO-10047;MRO-20031;MRO-10045,MRO-10047;MRO-20031;MRO-10045,Screw Compressor,DHR-03,train,12,high_risk,risk,approved_on_validation,우선 점검 후보
2023-04-05,AST-4061,A2,4,6.644930219666096,0.135273048558565,0.0889505762223885,MRO-50009;MRO-10046;MRO-20031,MRO-50009;MRO-10046;MRO-20031,Screw Compressor,DHR-03,train,12,caution,risk,approved_on_validation,우선 점검 후보
2023-04-05,AST-5003,A2,4,7.244012821143438,0.1678294126853436,0.1149924120273648,MRO-10047;MRO-80001;MRO-10046,MRO-10047;MRO-80001;MRO-10046,EOT Crane,DHR-03,train,12,caution,risk,approved_on_validation,우선 점검 후보
2023-04-05,AST-5007,A2,7,8.766607424169493,0.266251627161013,0.199996379840842,MRO-30011;MRO-80002;MRO-70005,MRO-10046;MRO-80001;MRO-20031,EOT Crane,PUN-01,train,12,risk,risk,approved_on_validation,우선 점검 후보
2023-04-06,AST-1041,A2,2,6.394240070807612,0.1211265063192427,0.0791291976270857,MRO-10047;MRO-50009;MRO-80001,MRO-10047;MRO-50009;MRO-80001,CNC Lathe,PUN-01,train,12,caution,risk,approved_on_validation,우선 점검 후보
2023-04-06,AST-1042,A2,0,5.615103763239099,0.083977430824679,0.0512996506126956,MRO-50009;MRO-20031;MRO-80001,MRO-50009;MRO-20031;MRO-80001,CNC Lathe,PUN-01,train,12,normal,caution,approved_on_validation,우선 점검 후보
2023-04-06,AST-2017,A2,8,7.151643692523533,0.1635538111916851,0.1111396129289607,MRO-80001;MRO-10045;MRO-50009,MRO-80001;MRO-10045;MRO-50009,Hydraulic Press,PUN-01,train,12,risk,risk,approved_on_validation,우선 점검 후보
2023-04-06,AST-2031,A2,12,8.201987453861403,0.2371440921108982,0.1693949123663422,MRO-80001;MRO-10046;MRO-10045,MRO-80001;MRO-10046;MRO-10045,Hydraulic Press,CHN-02,train,12,high_risk,risk,approved_on_validation,우선 점검 후보
2023-04-06,AST-3008,A2,0,6.112546765432956,0.1074814552295389,0.0680593779808513,MRO-10045;MRO-80001;MRO-10046,MRO-10045;MRO-80001;MRO-10046,Belt Conveyor,CHN-02,train,12,normal,risk,approved_on_validation,우선 점검 후보
2023-04-06,AST-3019,A2,0,5.556263277172145,0.081018490795215,0.0489689392953741,MRO-30012;MRO-10045;MRO-10047,MRO-10045;MRO-10047;MRO-50009,Belt Conveyor,CHN-02,train,12,normal,caution,approved_on_validation,우선 점검 후보
2023-04-06,AST-4055,A2,8,8.268539852792225,0.239918904383053,0.1722762437384647,MRO-10047;MRO-50009;MRO-80001,MRO-10047;MRO-50009;MRO-80001,Screw Compressor,DHR-03,train,12,risk,risk,approved_on_validation,우선 점검 후보
2023-04-06,AST-4061,A2,8,6.064296196038924,0.1039799475659813,0.0665710587487944,MRO-50009;MRO-10046;MRO-80001,MRO-50009;MRO-10046;MRO-80001,Screw Compressor,DHR-03,train,12,risk,risk,approved_on_validation,우선 점검 후보
2023-04-06,AST-5003,A2,15,9.404533308821463,0.3265108232600737,0.2439508122384697,MRO-50009;MRO-10045;MRO-80001,MRO-50009;MRO-10045;MRO-80001,EOT Crane,DHR-03,train,12,high_risk,risk,approved_on_validation,우선 점검 후보
2023-04-06,AST-5007,A2,4,5.135407340185402,0.0603334623746015,0.0358940571245126,MRO-60016;MRO-40021;MRO-40022,MRO-10046;MRO-80001;MRO-20031,EOT Crane,PUN-01,train,12,caution,caution,approved_on_validation,우선 점검 후보
2023-04-07,AST-1041,A2,4,6.291398546195939,0.1168279562088405,0.0751501902532584,MRO-10047;MRO-50009;MRO-20031,MRO-10047;MRO-50009;MRO-20031,CNC Lathe,PUN-01,train,12,caution,risk,approved_on_validation,우선 점검 후보
2023-04-07,AST-1042,A2,5,5.890041446722111,0.096258029606959,0.0596779350636742,MRO-10045;MRO-50009;MRO-30011,MRO-10045;MRO-50009;MRO-20031,CNC Lathe,PUN-01,train,12,caution,risk,approved_on_validation,우선 점검 후보
2023-04-07,AST-2017,A2,15,7.481347892731388,0.1841748941909424,0.1291116237701898,MRO-10045;MRO-10047;MRO-10046,MRO-10045;MRO-10047;MRO-10046,Hydraulic Press,PUN-01,train,12,high_risk,risk,approved_on_validation,우선 점검 후보
2023-04-07,AST-2031,A2,16,7.362355521865505,0.1800269910021627,0.124148028377933,MRO-80001;MRO-10047;MRO-10045,MRO-80001;MRO-10047;MRO-10045,Hydraulic Press,CHN-02,train,12,high_risk,risk,approved_on_validation,우선 점검 후보
2023-04-07,AST-3008,A2,8,6.275205295863278,0.115778397434347,0.0745992764627767,MRO-80001;MRO-10045;MRO-10046,MRO-80001;MRO-10045;MRO-10046,Belt Conveyor,CHN-02,train,12,risk,risk,approved_on_validation,우선 점검 후보
2023-04-07,AST-3019,A2,12,5.291473494586061,0.0709513425217835,0.042659856766051,MRO-40022;MRO-10047;MRO-10045,MRO-10047;MRO-10045;MRO-50009,Belt Conveyor,CHN-02,train,12,high_risk,caution,approved_on_validation,우선 점검 후보
2023-04-07,AST-4055,A2,10,8.477160359875565,0.2547327895596525,0.1837501820741606,MRO-10047;MRO-80001;MRO-50009,MRO-10047;MRO-80001;MRO-50009,Screw Compressor,DHR-03,train,12,risk,risk,approved_on_validation,우선 점검 후보
2023-04-07,AST-4061,A2,4,6.265287192206101,0.1151300795523853,0.0740300023481613,MRO-10046;MRO-50009;MRO-80001,MRO-10046;MRO-50009;MRO-80001,Screw Compressor,DHR-03,train,12,caution,risk,approved_on_validation,우선 점검 후보
2023-04-07,AST-5003,A2,4,7.423710326447754,0.1793080945812073,0.1255344812413719,MRO-50009;MRO-10045;MRO-20031,MRO-50009;MRO-10045;MRO-20031,EOT Crane,DHR-03,train,12,caution,risk,approved_on_validation,우선 점검 후보
2023-04-07,AST-5007,A2,5,5.32703452267179,0.069412787704112,0.0418573359400463,MRO-20031;MRO-10046;MRO-80001,MRO-20031;MRO-10046;MRO-80001,EOT Crane,PUN-01,train,12,caution,caution,approved_on_validation,우선 점검 후보
2023-04-08,AST-1041,A2,0,0.002996570022097,4.588117985490709e-12,4.421038906416039e-15,MRO-30011;MRO-70004;MRO-30012,MRO-10046;MRO-10047;MRO-20031,CNC Lathe,PUN-01,train,12,normal,normal,approved_on_validation,우선 점검 후보
2023-04-08,AST-1042,A2,0,0.0031321493338043,6.87199300723299e-12,6.315683595744549e-15,MRO-50009;MRO-10045;MRO-10046,MRO-50009;MRO-10045;MRO-10046,CNC Lathe,PUN-01,train,12,normal,normal,approved_on_validation,우선 점검 후보
2023-04-08,AST-2017,A2,0,0.0032301884710848,6.390038843005621e-12,6.49244027978977e-15,MRO-30012;MRO-20033;MRO-30011,MRO-10045;MRO-10047;MRO-50009,Hydraulic Press,PUN-01,train,12,normal,normal,approved_on_validation,우선 점검 후보
2023-04-08,AST-2031,A2,0,0.0032140426731533,6.412364428509085e-12,6.455992073494798e-15,MRO-80001;MRO-10045;MRO-20031,MRO-80001;MRO-10045;MRO-20031,Hydraulic Press,CHN-02,train,12,normal,normal,approved_on_validation,우선 점검 후보
2023-04-08,AST-3008,A2,0,0.0031795200494319,6.078534118910654e-12,6.059014258410172e-15,MRO-30011;MRO-10046;MRO-20031,MRO-10046;MRO-20031;MRO-50009,Belt Conveyor,CHN-02,train,12,normal,normal,approved_on_validation,우선 점검 후보
2023-04-08,AST-3019,A2,0,0.0032545923131517,7.0049075299726036e-12,7.0067416698992384e-15,MRO-10045;MRO-10046;MRO-20031,MRO-10045;MRO-10046;MRO-20031,Belt Conveyor,CHN-02,train,12,normal,normal,approved_on_validation,우선 점검 후보
2023-04-08,AST-4055,A2,0,0.0033191575266041,6.449450586061074e-12,6.816102523003983e-15,MRO-60016;MRO-20031;MRO-10047,MRO-20031;MRO-10047;MRO-80001,Screw Compressor,DHR-03,train,12,normal,normal,approved_on_validation,우선 점검 후보
2023-04-08,AST-4061,A2,0,0.0031894496568523,6.107430823271525e-12,6.135589337513477e-15,MRO-10045;MRO-10047;MRO-20031,MRO-10045;MRO-10047;MRO-20031,Screw Compressor,DHR-03,train,12,normal,normal,approved_on_validation,우선 점검 후보
2023-04-08,AST-5003,A2,0,0.003745227262458,1.622672474165859e-11,1.5299822823482952e-14,MRO-50009;MRO-10045;MRO-20031,MRO-50009;MRO-10045;MRO-20031,EOT Crane,DHR-03,train,12,normal,normal,approved_on_validation,우선 점검 후보
2023-04-08,AST-5007,A2,0,0.0032564030083561,6.574225731909883e-12,6.787836430654328e-15,MRO-70004;MRO-10045;MRO-10046,MRO-10045;MRO-10046;MRO-10047,EOT Crane,PUN-01,train,12,normal,normal,approved_on_validation,우선 점검 후보
2023-04-09,AST-1041,A2,0,0.0029921820827712,4.5796666091565195e-12,4.404810337039104e-15,MRO-30011;MRO-70004;MRO-30012,MRO-10046;MRO-10047;MRO-20031,CNC Lathe,PUN-01,train,12,normal,normal,approved_on_validation,우선 점검 후보
2023-04-09,AST-1042,A2,0,0.0032367652264369,6.5742544728864816e-12,6.6540127549593316e-15,MRO-10045;MRO-10046;MRO-10047,MRO-10045;MRO-10046;MRO-10047,CNC Lathe,PUN-01,train,12,normal,normal,approved_on_validation,우선 점검 후보
2023-04-09,AST-2017,A2,0,0.0033453965524904,7.622660578138839e-12,7.854744949992181e-15,MRO-10045;MRO-10047;MRO-50009,MRO-10045;MRO-10047;MRO-50009,Hydraulic Press,PUN-01,train,12,normal,normal,approved_on_validation,우선 점검 후보
2023-04-09,AST-2031,A2,0,0.0031489946492156,5.832393962850408e-12,5.7831027118509745e-15,MRO-30012;MRO-30011;MRO-80001,MRO-80001;MRO-10045;MRO-20031,Hydraulic Press,CHN-02,train,12,normal,normal,approved_on_validation,우선 점검 후보
2023-04-09,AST-3008,A2,0,0.0032225786017298,6.495733599726299e-12,6.5317141591893474e-15,MRO-30011;MRO-10045;MRO-10046,MRO-10045;MRO-10046;MRO-20031,Belt Conveyor,CHN-02,train,12,normal,normal,approved_on_validation,우선 점검 후보
2023-04-09,AST-3019,A2,0,0.0032187616179538,6.512458869685486e-12,6.5381466196094655e-15,MRO-10047;MRO-50009;MRO-80001,MRO-10047;MRO-50009;MRO-80001,Belt Conveyor,CHN-02,train,12,normal,normal,approved_on_validation,우선 점검 후보
2023-04-09,AST-4055,A2,0,0.0033966273485478,7.906128223818027e-12,8.253373057426078e-15,MRO-10045;MRO-10047;MRO-20031,MRO-10045;MRO-10047;MRO-20031,Screw Compressor,DHR-03,train,12,normal,normal,approved_on_validation,우선 점검 후보
2023-04-09,AST-4061,A2,0,0.0032594676979767,6.693284658334348e-12,6.829586270447362e-15,MRO-10045;MRO-10047;MRO-20031,MRO-10045;MRO-10047;MRO-20031,Screw Compressor,DHR-03,train,12,normal,normal,approved_on_validation,우선 점검 후보
2023-04-09,AST-5003,A2,0,0.003249758102716,6.556467553617649e-12,6.668954551851704e-15,MRO-40021;MRO-80002;MRO-10045,MRO-10045;MRO-10046;MRO-10047,EOT Crane,DHR-03,train,12,normal,normal,approved_on_validation,우선 점검 후보
2023-04-09,AST-5007,A2,0,0.0030983597698739,4.438423661469553e-12,4.6711314070081555e-15,MRO-30011;MRO-70004;MRO-10045,MRO-30011;MRO-10045;MRO-10046,EOT Crane,PUN-01,train,12,normal,normal,approved_on_validation,우선 점검 후보
2023-04-10,AST-1041,A2,0,5.699732317148248,0.0880085814153925,0.0539687529957347,MRO-10045;MRO-10047;MRO-50009,MRO-10045;MRO-10047;MRO-50009,CNC Lathe,PUN-01,train,12,normal,caution,approved_on_validation,우선 점검 후보
2023-04-10,AST-1042,A2,3,6.040672473578566,0.1044507035764062,0.0653394440803227,MRO-20031;MRO-10045;MRO-50009,MRO-20031;MRO-10045;MRO-50009,CNC Lathe,PUN-01,train,12,caution,risk,approved_on_validation,우선 점검 후보
2023-04-10,AST-2017,A2,2,8.119338777363469,0.2283694441620422,0.1645968051520872,MRO-80001;MRO-10047;MRO-10045,MRO-80001;MRO-10047;MRO-10045,Hydraulic Press,PUN-01,train,12,caution,risk,approved_on_validation,우선 점검 후보
2023-04-10,AST-2031,A2,5,7.140071081021306,0.1641307947902706,0.1121053718694471,MRO-10047;MRO-20031;MRO-10045,MRO-10047;MRO-20031;MRO-10045,Hydraulic Press,CHN-02,train,12,caution,risk,approved_on_validation,우선 점검 후보
2023-04-10,AST-3008,A2,9,6.5124896071411245,0.1244364325534399,0.0832920851277047,MRO-10045;MRO-10047;MRO-20031,MRO-10045;MRO-10047;MRO-20031,Belt Conveyor,CHN-02,train,12,risk,risk,approved_on_validation,우선 점검 후보
2023-04-10,AST-3019,A2,5,6.049650493846292,0.1025201651120982,0.0638515630224365,MRO-30012;MRO-80001;MRO-40022,MRO-80001;MRO-10045;MRO-20031,Belt Conveyor,CHN-02,train,12,caution,risk,approved_on_validation,우선 점검 후보
2023-04-10,AST-4055,A2,16,8.040041940304215,0.2229403433282934,0.1586873316699359,MRO-80001;MRO-10046;MRO-50009,MRO-80001;MRO-10046;MRO-50009,Screw Compressor,DHR-03,train,12,high_risk,risk,approved_on_validation,우선 점검 후보
2023-04-10,AST-4061,A2,6,6.436171400184961,0.1238969811918349,0.0807540014021827,MRO-10047;MRO-50009;MRO-10045,MRO-10047;MRO-50009;MRO-10045,Screw Compressor,DHR-03,train,12,risk,risk,approved_on_validation,우선 점검 후보
2023-04-10,AST-5003,A2,4,7.799696538933389,0.2061491494369833,0.1455700007297023,MRO-10046;MRO-10045;MRO-20031,MRO-10046;MRO-10045;MRO-20031,EOT Crane,DHR-03,train,12,caution,risk,approved_on_validation,우선 점검 후보
2023-04-10,AST-5007,A2,3,5.475982694056163,0.0757281468119002,0.0456625502072744,MRO-40022;MRO-10045;MRO-10047,MRO-10045;MRO-10047;MRO-10046,EOT Crane,PUN-01,train,12,caution,caution,approved_on_validation,우선 점검 후보
2023-04-11,AST-1041,A2,7,6.106191197781879,0.1054180567007051,0.0673523961050113,MRO-10045;MRO-10047;MRO-50009,MRO-10045;MRO-10047;MRO-50009,CNC Lathe,PUN-01,train,12,risk,risk,approved_on_validation,우선 점검 후보
2023-04-11,AST-1042,A2,4,5.981875012528203,0.1017575394054361,0.063008248101848,MRO-20031;MRO-10045;MRO-50009,MRO-20031;MRO-10045;MRO-50009,CNC Lathe,PUN-01,train,12,caution,risk,approved_on_validation,우선 점검 후보
2023-04-11,AST-2017,A2,4,7.415052661861844,0.1823781884830601,0.1260836723296838,MRO-10045;MRO-10047;MRO-50009,MRO-10045;MRO-10047;MRO-50009,Hydraulic Press,PUN-01,train,12,caution,risk,approved_on_validation,우선 점검 후보
2023-04-11,AST-2031,A2,2,7.146335369551123,0.1650805680347538,0.1124107171224097,MRO-10047;MRO-80001;MRO-20031,MRO-10047;MRO-80001;MRO-20031,Hydraulic Press,CHN-02,train,12,caution,risk,approved_on_validation,우선 점검 후보
2023-04-11,AST-3008,A2,5,5.971452748504966,0.095169215366722,0.0631876897784689,MRO-70004;MRO-10045;MRO-10047,MRO-10045;MRO-10047;MRO-10046,Belt Conveyor,CHN-02,train,12,caution,caution,approved_on_validation,우선 점검 후보
2023-04-11,AST-3019,A2,6,5.648762253315692,0.0851350349862671,0.0527119973310361,MRO-80001;MRO-50009;MRO-10047,MRO-80001;MRO-50009;MRO-10047,Belt Conveyor,CHN-02,train,12,risk,caution,approved_on_validation,우선 점검 후보
2023-04-11,AST-4055,A2,16,8.47559965837732,0.2508447524555356,0.1861823186216905,MRO-20031;MRO-10047;MRO-10046,MRO-20031;MRO-10047;MRO-10046,Screw Compressor,DHR-03,train,12,high_risk,risk,approved_on_validation,우선 점검 후보
2023-04-11,AST-4061,A2,10,6.550612356169577,0.130525469601818,0.0852681085038781,MRO-10047;MRO-50009;MRO-10046,MRO-10047;MRO-50009;MRO-10046,Screw Compressor,DHR-03,train,12,risk,risk,approved_on_validation,우선 점검 후보
2023-04-11,AST-5003,A2,1,7.36852185167196,0.175117766172677,0.1228075573763578,MRO-10046;MRO-10047;MRO-20032,MRO-10046;MRO-10047;MRO-10045,EOT Crane,DHR-03,train,12,caution,risk,approved_on_validation,우선 점검 후보
2023-04-11,AST-5007,A2,6,5.636621971687496,0.0846372439231216,0.0514286272591194,MRO-10045;MRO-10047;MRO-10046,MRO-10045;MRO-10047;MRO-10046,EOT Crane,PUN-01,train,12,risk,caution,approved_on_validation,우선 점검 후보
2023-04-12,AST-1041,A2,4,6.323495095833221,0.1165457535321685,0.0743397458159209,MRO-10047;MRO-30011;MRO-30012,MRO-10047;MRO-10045;MRO-10046,CNC Lathe,PUN-01,train,12,caution,risk,approved_on_validation,우선 점검 후보
2023-04-12,AST-1042,A2,11,6.188068895560627,0.1095781704279018,0.0686904265235797,MRO-40022;MRO-40021;MRO-30011,MRO-50009;MRO-10045;MRO-80001,CNC Lathe,PUN-01,train,12,risk,risk,approved_on_validation,우선 점검 후보
2023-04-12,AST-2017,A2,19,8.6170824019468,0.2654090318987867,0.1943735306953386,MRO-10046;MRO-80001;MRO-10045,MRO-10046;MRO-80001;MRO-10045,Hydraulic Press,PUN-01,train,12,high_risk,risk,approved_on_validation,우선 점검 후보
2023-04-12,AST-2031,A2,6,7.312496207931814,0.1749710481156471,0.1210011129574796,MRO-80001;MRO-20031;MRO-10045,MRO-80001;MRO-20031;MRO-10045,Hydraulic Press,CHN-02,train,12,risk,risk,approved_on_validation,우선 점검 후보
2023-04-12,AST-3008,A2,10,6.608150424739458,0.1323588955121576,0.0877402739248596,MRO-10045;MRO-10047;MRO-50008,MRO-10045;MRO-10047;MRO-10046,Belt Conveyor,CHN-02,train,12,risk,risk,approved_on_validation,우선 점검 후보
2023-04-12,AST-3019,A2,0,5.328628449810286,0.0730198081037476,0.0429429309611472,MRO-10047;MRO-10045;MRO-20031,MRO-10047;MRO-10045;MRO-20031,Belt Conveyor,CHN-02,train,12,normal,caution,approved_on_validation,우선 점검 후보
2023-04-12,AST-4055,A2,3,8.302319950972162,0.2441425959937311,0.174444710246188,MRO-50009;MRO-10046;MRO-20031,MRO-50009;MRO-10046;MRO-20031,Screw Compressor,DHR-03,train,12,caution,risk,approved_on_validation,우선 점검 후보
2023-04-12,AST-4061,A2,6,7.608467753689798,0.1893387211277889,0.1348204251122811,MRO-70005;MRO-10047;MRO-50009,MRO-10047;MRO-50009;MRO-10045,Screw Compressor,DHR-03,train,12,risk,risk,approved_on_validation,우선 점검 후보
2023-04-12,AST-5003,A2,10,8.545422302628614,0.2584502616046782,0.1884024937401437,MRO-10046;MRO-10047;MRO-10045,MRO-10046;MRO-10047;MRO-10045,EOT Crane,DHR-03,train,12,risk,risk,approved_on_validation,우선 점검 후보
2023-04-12,AST-5007,A2,2,5.700132969348566,0.0892730768308236,0.0539735728180874,MRO-10045;MRO-80001;MRO-10047,MRO-10045;MRO-80001;MRO-10047,EOT Crane,PUN-01,train,12,caution,caution,approved_on_validation,우선 점검 후보
2023-04-13,AST-1041,A2,2,6.244646318293524,0.1147619434085199,0.073332273068587,MRO-10047;MRO-10045;MRO-20031,MRO-10047;MRO-10045;MRO-20031,CNC Lathe,PUN-01,train,12,caution,risk,approved_on_validation,우선 점검 후보
2023-04-13,AST-1042,A2,3,5.7897131039034155,0.0916147340079852,0.0559255699923586,MRO-50009;MRO-10045;MRO-80001,MRO-50009;MRO-10045;MRO-80001,CNC Lathe,PUN-01,train,12,caution,risk,approved_on_validation,우선 점검 후보
2023-04-13,AST-2017,A2,10,8.505153590622246,0.2579467852349502,0.1877201881967728,MRO-10046;MRO-10047;MRO-20031,MRO-10046;MRO-10047;MRO-20031,Hydraulic Press,PUN-01,train,12,risk,risk,approved_on_validation,우선 점검 후보
2023-04-13,AST-2031,A2,6,7.339124069126434,0.1785152659422468,0.1211648816339028,MRO-10046;MRO-10047;MRO-20031,MRO-10046;MRO-10047;MRO-20031,Hydraulic Press,CHN-02,train,12,risk,risk,approved_on_validation,우선 점검 후보
2023-04-13,AST-3008,A2,4,6.447307158687678,0.1230330993647473,0.0811365044992533,MRO-10047;MRO-10045;MRO-10046,MRO-10047;MRO-10045;MRO-10046,Belt Conveyor,CHN-02,train,12,caution,risk,approved_on_validation,우선 점검 후보
2023-04-13,AST-3019,A2,10,5.424564503531738,0.0769277234706505,0.0458607595165055,MRO-10047;MRO-40022;MRO-10045,MRO-10047;MRO-10045;MRO-20031,Belt Conveyor,CHN-02,train,12,risk,caution,approved_on_validation,우선 점검 후보
2023-04-13,AST-4055,A2,5,8.052752157951216,0.2254780078007049,0.1607997576856847,MRO-10046;MRO-10047;MRO-80001,MRO-10046;MRO-10047;MRO-80001,Screw Compressor,DHR-03,train,12,caution,risk,approved_on_validation,우선 점검 후보
2023-04-13,AST-4061,A2,2,6.220523975814399,0.112952399093845,0.0723591212113128,MRO-50009;MRO-80001;MRO-10047,MRO-50009;MRO-80001;MRO-10047,Screw Compressor,DHR-03,train,12,caution,risk,approved_on_validation,우선 점검 후보
2023-04-13,AST-5003,A2,4,8.299718677277431,0.23922038369586,0.1740534844863594,MRO-10045;MRO-10046;MRO-10047,MRO-10045;MRO-10046;MRO-10047,EOT Crane,DHR-03,train,12,caution,risk,approved_on_validation,우선 점검 후보
2023-04-13,AST-5007,A2,10,6.015618150777105,0.1015059410149162,0.0636701186686385,MRO-50009;MRO-40021;MRO-10047,MRO-50009;MRO-10047;MRO-20031,EOT Crane,PUN-01,train,12,risk,risk,approved_on_validation,우선 점검 후보
2023-04-14,AST-1041,A2,4,5.863865132676732,0.0952855790130633,0.0593951098388653,MRO-20031;MRO-10046;MRO-50009,MRO-20031;MRO-10046;MRO-50009,CNC Lathe,PUN-01,train,12,caution,risk,approved_on_validation,우선 점검 후보
2023-04-14,AST-1042,A2,1,6.01144138222776,0.1022099607872884,0.0636904815717951,MRO-10045;MRO-50009;MRO-20031,MRO-10045;MRO-50009;MRO-20031,CNC Lathe,PUN-01,train,12,caution,risk,approved_on_validation,우선 점검 후보
2023-04-14,AST-2017,A2,10,8.274999859563732,0.2396211039020077,0.1737964621800888,MRO-10046;MRO-80001;MRO-20031,MRO-10046;MRO-80001;MRO-20031,Hydraulic Press,PUN-01,train,12,risk,risk,approved_on_validation,우선 점검 후보
2023-04-14,AST-2031,A2,10,7.76240733972458,0.2059977445480299,0.1443396862644712,MRO-10045;MRO-20031;MRO-80001,MRO-10045;MRO-20031;MRO-80001,Hydraulic Press,CHN-02,train,12,risk,risk,approved_on_validation,우선 점검 후보
2023-04-14,AST-3008,A2,4,5.844291986697143,0.0948656144759411,0.0590228149812947,MRO-10047;MRO-10045;MRO-80001,MRO-10047;MRO-10045;MRO-80001,Belt Conveyor,CHN-02,train,12,caution,risk,approved_on_validation,우선 점검 후보
2023-04-14,AST-3019,A2,7,5.431252253670676,0.076962756037746,0.0455303264607922,MRO-40022;MRO-10047;MRO-20031,MRO-10047;MRO-20031;MRO-80001,Belt Conveyor,CHN-02,train,12,risk,caution,approved_on_validation,우선 점검 후보
2023-04-14,AST-4055,A2,11,8.506856675664958,0.2567223029692819,0.1867256427796543,MRO-50009;MRO-20031;MRO-10047,MRO-50009;MRO-20031;MRO-10047,Screw Compressor,DHR-03,train,12,risk,risk,approved_on_validation,우선 점검 후보
2023-04-14,AST-4061,A2,1,6.058053079328827,0.1035988704352044,0.066193064171177,MRO-20031;MRO-50009;MRO-80001,MRO-20031;MRO-50009;MRO-80001,Screw Compressor,DHR-03,train,12,caution,risk,approved_on_validation,우선 점검 후보
2023-04-14,AST-5003,A2,12,7.327545871156292,0.1750024839608245,0.1197674463640034,MRO-20031;MRO-10046;MRO-10047,MRO-20031;MRO-10046;MRO-10047,EOT Crane,DHR-03,train,12,high_risk,risk,approved_on_validation,우선 점검 후보
2023-04-14,AST-5007,A2,8,5.258545774680269,0.0669042063488621,0.0403569319190421,MRO-20032;MRO-10047;MRO-20031,MRO-10047;MRO-20031;MRO-10045,EOT Crane,PUN-01,train,12,risk,caution,approved_on_validation,우선 점검 후보
2023-04-15,AST-1041,A2,0,0.0031481090180115,4.9192622484287695e-12,5.0266844543623604e-15,MRO-30012;MRO-30011;MRO-10045,MRO-10045;MRO-10046;MRO-10047,CNC Lathe,PUN-01,train,12,normal,normal,approved_on_validation,우선 점검 후보
2023-04-15,AST-1042,A2,0,0.0032293090171996,6.574104304812216e-12,6.630103129687415e-15,MRO-10045;MRO-10046;MRO-10047,MRO-10045;MRO-10046;MRO-10047,CNC Lathe,PUN-01,train,12,normal,normal,approved_on_validation,우선 점검 후보
2023-04-15,AST-2017,A2,0,0.0033118394657877,7.438190295188721e-12,7.564407734963128e-15,MRO-20031;MRO-10047;MRO-40021,MRO-20031;MRO-10047;MRO-10046,Hydraulic Press,PUN-01,train,12,normal,normal,approved_on_validation,우선 점검 후보
2023-04-15,AST-2031,A2,0,0.0032408208888011,6.741200284563246e-12,6.791307515836992e-15,MRO-80001;MRO-10046;MRO-10045,MRO-80001;MRO-10046;MRO-10045,Hydraulic Press,CHN-02,train,12,normal,normal,approved_on_validation,우선 점검 후보
2023-04-15,AST-3008,A2,0,0.0032209773116992,6.570741513899472e-12,6.60251005030239e-15,MRO-10046;MRO-10047;MRO-20031,MRO-10046;MRO-10047;MRO-20031,Belt Conveyor,CHN-02,train,12,normal,normal,approved_on_validation,우선 점검 후보
2023-04-15,AST-3019,A2,0,0.0032085192429585,6.505211835407742e-12,6.4936337637737345e-15,MRO-10045;MRO-10046;MRO-10047,MRO-10045;MRO-10046;MRO-10047,Belt Conveyor,CHN-02,train,12,normal,normal,approved_on_validation,우선 점검 후보
2023-04-15,AST-4055,A2,0,0.0032484407627593,6.643291324827999e-12,6.748012975737032e-15,MRO-10046;MRO-50009;MRO-10045,MRO-10046;MRO-50009;MRO-10045,Screw Compressor,DHR-03,train,12,normal,normal,approved_on_validation,우선 점검 후보
2023-04-15,AST-4061,A2,0,0.0032443952710082,6.551430594181846e-12,6.6778500309635536e-15,MRO-70005;MRO-10045;MRO-10047,MRO-10045;MRO-10047;MRO-20031,Screw Compressor,DHR-03,train,12,normal,normal,approved_on_validation,우선 점검 후보
2023-04-15,AST-5003,A2,0,0.0032772476003402,7.165357499146079e-12,7.217863072299499e-15,MRO-50009;MRO-10045;MRO-10046,MRO-50009;MRO-10045;MRO-10046,EOT Crane,DHR-03,train,12,normal,normal,approved_on_validation,우선 점검 후보
2023-04-15,AST-5007,A2,0,0.0032593262839188,6.72269606852938e-12,6.82980684975323e-15,MRO-10047;MRO-30011;MRO-30012,MRO-10047;MRO-10045;MRO-10046,EOT Crane,PUN-01,train,12,normal,normal,approved_on_validation,우선 점검 후보
2023-04-16,AST-1041,A2,0,0.0031824319010864,6.15026777631931e-12,6.1604171357870944e-15,MRO-70004;MRO-30012;MRO-30011,MRO-10045;MRO-10046;MRO-10047,CNC Lathe,PUN-01,train,12,normal,normal,approved_on_validation,우선 점검 후보
2023-04-16,AST-1042,A2,0,0.0032373494514985,6.574265951290663e-12,6.655934504809723e-15,MRO-10045;MRO-10046;MRO-10047,MRO-10045;MRO-10046;MRO-10047,CNC Lathe,PUN-01,train,12,normal,normal,approved_on_validation,우선 점검 후보
2023-04-16,AST-2017,A2,0,0.0032808013455934,6.942888325823867e-12,7.092249532657137e-15,MRO-80001;MRO-40022;MRO-10046,MRO-80001;MRO-10046;MRO-50009,Hydraulic Press,PUN-01,train,12,normal,normal,approved_on_validation,우선 점검 후보
2023-04-16,AST-2031,A2,0,0.0035237479805473,1.0733441804549742e-11,1.0854154998661387e-14,MRO-80001;MRO-10046;MRO-20031,MRO-80001;MRO-10046;MRO-20031,Hydraulic Press,CHN-02,train,12,normal,normal,approved_on_validation,우선 점검 후보
2023-04-16,AST-3008,A2,0,0.0031959795904597,6.465252159529226e-12,6.410168515238313e-15,MRO-10046;MRO-10047;MRO-20031,MRO-10046;MRO-10047;MRO-20031,Belt Conveyor,CHN-02,train,12,normal,normal,approved_on_validation,우선 점검 후보
2023-04-16,AST-3019,A2,0,0.0032045623859553,6.532994404691434e-12,6.491618433438192e-15,MRO-70005;MRO-10045;MRO-10046,MRO-10045;MRO-10046;MRO-10047,Belt Conveyor,CHN-02,train,12,normal,normal,approved_on_validation,우선 점검 후보
2023-04-16,AST-4055,A2,0,0.0032523921525521,6.679189303212987e-12,6.790036438075195e-15,MRO-10046;MRO-50009;MRO-10045,MRO-10046;MRO-50009;MRO-10045,Screw Compressor,DHR-03,train,12,normal,normal,approved_on_validation,우선 점검 후보
2023-04-16,AST-4061,A2,0,0.0032505726261403,6.657247620795056e-12,6.765915391258538e-15,MRO-10045;MRO-10046;MRO-10047,MRO-10045;MRO-10046;MRO-10047,Screw Compressor,DHR-03,train,12,normal,normal,approved_on_validation,우선 점검 후보
2023-04-16,AST-5003,A2,0,0.0031490833825966,5.583309725298562e-12,5.6299789518801816e-15,MRO-10046;MRO-10047;MRO-20031,MRO-10046;MRO-10047;MRO-20031,EOT Crane,DHR-03,train,12,normal,normal,approved_on_validation,우선 점검 후보
2023-04-16,AST-5007,A2,0,0.0030694740344886,4.851092429594972e-12,4.8787338824330715e-15,MRO-30011;MRO-70004;MRO-10045,MRO-10045;MRO-10046;MRO-20031,EOT Crane,PUN-01,train,12,normal,normal,approved_on_validation,우선 점검 후보
2023-04-17,AST-1041,A2,19,6.4666555968808535,0.1264386981707936,0.082215054688891,MRO-10047;MRO-10045;MRO-50009,MRO-10047;MRO-10045;MRO-50009,CNC Lathe,PUN-01,train,12,high_risk,risk,approved_on_validation,우선 점검 후보
2023-04-17,AST-1042,A2,10,5.885320856712722,0.0963107645284295,0.0597248911909821,MRO-10045;MRO-50009;MRO-80001,MRO-10045;MRO-50009;MRO-80001,CNC Lathe,PUN-01,train,12,risk,risk,approved_on_validation,우선 점검 후보
2023-04-17,AST-2017,A2,13,8.269278012541303,0.2394917748854699,0.1723322903834065,MRO-80001;MRO-10047;MRO-20031,MRO-80001;MRO-10047;MRO-20031,Hydraulic Press,PUN-01,train,12,high_risk,risk,approved_on_validation,우선 점검 후보
2023-04-17,AST-2031,A2,9,7.414278461105024,0.1822284975168106,0.125881420387647,MRO-80001;MRO-20031;MRO-10047,MRO-80001;MRO-20031;MRO-10047,Hydraulic Press,CHN-02,train,12,risk,risk,approved_on_validation,우선 점검 후보
2023-04-17,AST-3008,A2,10,6.372296893472743,0.120673110138958,0.0781041444109428,MRO-10045;MRO-10047;MRO-10046,MRO-10045;MRO-10047;MRO-10046,Belt Conveyor,CHN-02,train,12,risk,risk,approved_on_validation,우선 점검 후보
2023-04-17,AST-3019,A2,6,5.489052227710684,0.0789845849186363,0.0478507003929946,MRO-20031;MRO-80001;MRO-50009,MRO-20031;MRO-80001;MRO-50009,Belt Conveyor,CHN-02,train,12,risk,caution,approved_on_validation,우선 점검 후보
2023-04-17,AST-4055,A2,8,8.024212208192434,0.2233350139156185,0.1580825424026224,MRO-10046;MRO-10047;MRO-50009,MRO-10046;MRO-10047;MRO-50009,Screw Compressor,DHR-03,train,12,risk,risk,approved_on_validation,우선 점검 후보
2023-04-17,AST-4061,A2,4,6.488520178149352,0.126639404596533,0.0827864758884745,MRO-80001;MRO-10047;MRO-50009,MRO-80001;MRO-10047;MRO-50009,Screw Compressor,DHR-03,train,12,caution,risk,approved_on_validation,우선 점검 후보
2023-04-17,AST-5003,A2,19,6.93994024219664,0.1485092564192958,0.101055277665985,MRO-90012;MRO-10046;MRO-50009,MRO-10046;MRO-50009;MRO-80001,EOT Crane,DHR-03,train,12,high_risk,risk,approved_on_validation,우선 점검 후보
2023-04-17,AST-5007,A2,0,5.4126399532710305,0.0727105451692349,0.0443509580133282,MRO-10045;MRO-80002;MRO-20031,MRO-10045;MRO-20031;MRO-50009,EOT Crane,PUN-01,train,12,normal,caution,approved_on_validation,우선 점검 후보
2023-04-18,AST-1041,A2,9,6.269146978299627,0.1154320124919164,0.0737442680894509,MRO-10046;MRO-10047;MRO-20031,MRO-10046;MRO-10047;MRO-20031,CNC Lathe,PUN-01,train,12,risk,risk,approved_on_validation,우선 점검 후보
2023-04-18,AST-1042,A2,11,6.296933615056854,0.1165378356473573,0.0739529794441946,MRO-50009;MRO-80001;MRO-10045,MRO-50009;MRO-80001;MRO-10045,CNC Lathe,PUN-01,train,12,risk,risk,approved_on_validation,우선 점검 후보
2023-04-18,AST-2017,A2,9,7.909429173261235,0.2070797590378652,0.1519043800245664,MRO-90012;MRO-10047;MRO-10046,MRO-10047;MRO-10046;MRO-80001,Hydraulic Press,PUN-01,train,12,risk,risk,approved_on_validation,우선 점검 후보
2023-04-18,AST-2031,A2,4,7.346940914723494,0.1768362334596557,0.1216256050122902,MRO-10047;MRO-20031;MRO-80001,MRO-10047;MRO-20031;MRO-80001,Hydraulic Press,CHN-02,train,12,caution,risk,approved_on_validation,우선 점검 후보
2023-04-18,AST-3008,A2,2,5.964536774276896,0.0968303849655172,0.0610351291196155,MRO-40022;MRO-20031;MRO-10047,MRO-20031;MRO-10047;MRO-10045,Belt Conveyor,CHN-02,train,12,caution,risk,approved_on_validation,우선 점검 후보
2023-04-18,AST-3019,A2,4,5.519352087429078,0.0800004268253671,0.0486589027478307,MRO-10047;MRO-20031;MRO-80001,MRO-10047;MRO-20031;MRO-80001,Belt Conveyor,CHN-02,train,12,caution,caution,approved_on_validation,우선 점검 후보
2023-04-18,AST-4055,A2,0,6.7590389273712645,0.1438486125626519,0.0937315985740863,MRO-50009;MRO-10047;MRO-10046,MRO-50009;MRO-10047;MRO-10046,Screw Compressor,DHR-03,train,12,normal,risk,approved_on_validation,우선 점검 후보
2023-04-18,AST-4061,A2,6,6.906681651615299,0.1512525117895811,0.1005510138304259,MRO-10045;MRO-20031;MRO-10047,MRO-10045;MRO-20031;MRO-10047,Screw Compressor,DHR-03,train,12,risk,risk,approved_on_validation,우선 점검 후보
2023-04-18,AST-5003,A2,18,8.432282143905656,0.2531837441297216,0.1832069528802762,MRO-10045;MRO-50009;MRO-80001,MRO-10045;MRO-50009;MRO-80001,EOT Crane,DHR-03,train,12,high_risk,risk,approved_on_validation,우선 점검 후보
2023-04-18,AST-5007,A2,16,9.45132108019,0.3253797570686889,0.2502068193599003,MRO-10045;MRO-20031;MRO-10046,MRO-10045;MRO-20031;MRO-10046,EOT Crane,PUN-01,train,12,high_risk,risk,approved_on_validation,우선 점검 후보
2023-04-19,AST-1041,A2,6,6.22681187974203,0.1122671013163058,0.0708752224491219,MRO-30011;MRO-10046;MRO-10047,MRO-10046;MRO-10047;MRO-50009,CNC Lathe,PUN-01,train,12,risk,risk,approved_on_validation,우선 점검 후보
2023-04-19,AST-1042,A2,0,6.002932646104607,0.1018160523885394,0.0641610248010911,MRO-50009;MRO-10045;MRO-10047,MRO-50009;MRO-10045;MRO-10047,CNC Lathe,PUN-01,train,12,normal,risk,approved_on_validation,우선 점검 후보
2023-04-19,AST-2017,A2,18,10.173417917254197,0.3817442223114138,0.3009811620683032,MRO-20031;MRO-10046;MRO-10045,MRO-20031;MRO-10046;MRO-10045,Hydraulic Press,PUN-01,train,12,high_risk,risk,approved_on_validation,우선 점검 후보
2023-04-19,AST-2031,A2,5,7.776607879110114,0.2062295357853188,0.1450983381311964,MRO-10047;MRO-20031;MRO-80001,MRO-10047;MRO-20031;MRO-80001,Hydraulic Press,CHN-02,train,12,caution,risk,approved_on_validation,우선 점검 후보
2023-04-19,AST-3008,A2,10,6.417847598427559,0.1228813786621064,0.0793456018396798,MRO-20031;MRO-50009;MRO-10047,MRO-20031;MRO-50009;MRO-10047,Belt Conveyor,CHN-02,train,12,risk,risk,approved_on_validation,우선 점검 후보
2023-04-19,AST-3019,A2,4,5.3164172290466825,0.0711379675003422,0.0433413313833938,MRO-10047;MRO-20031;MRO-80001,MRO-10047;MRO-20031;MRO-80001,Belt Conveyor,CHN-02,train,12,caution,caution,approved_on_validation,우선 점검 후보
2023-04-19,AST-4055,A2,10,8.851815627177745,0.2820267627038742,0.2082805772396266,MRO-50009;MRO-10047;MRO-20031,MRO-50009;MRO-10047;MRO-20031,Screw Compressor,DHR-03,train,12,risk,risk,approved_on_validation,우선 점검 후보
2023-04-19,AST-4061,A2,12,6.4306549582620285,0.1248412763638289,0.0807475140785512,MRO-80001;MRO-50009;MRO-10047,MRO-80001;MRO-50009;MRO-10047,Screw Compressor,DHR-03,train,12,high_risk,risk,approved_on_validation,우선 점검 후보
2023-04-19,AST-5003,A2,4,8.18163156281956,0.2327713396098456,0.166683358902918,MRO-10045;MRO-10047;MRO-10046,MRO-10045;MRO-10047;MRO-10046,EOT Crane,DHR-03,train,12,caution,risk,approved_on_validation,우선 점검 후보
2023-04-19,AST-5007,A2,14,6.064345746740198,0.1046534914442187,0.0654691707889958,MRO-40022;MRO-50009;MRO-10047,MRO-50009;MRO-10047;MRO-10045,EOT Crane,PUN-01,train,12,high_risk,risk,approved_on_validation,우선 점검 후보
2023-04-20,AST-1041,A2,10,6.032911770241361,0.1044137017597474,0.0660772567336782,MRO-20031;MRO-10046;MRO-50009,MRO-20031;MRO-10046;MRO-50009,CNC Lathe,PUN-01,train,12,risk,risk,approved_on_validation,우선 점검 후보
2023-04-20,AST-1042,A2,10,5.797331198462192,0.0933134843723297,0.0567625545850345,MRO-50009;MRO-10047;MRO-80001,MRO-50009;MRO-10047;MRO-80001,CNC Lathe,PUN-01,train,12,risk,risk,approved_on_validation,우선 점검 후보
2023-04-20,AST-2017,A2,7,8.595271650077652,0.2640149593627911,0.1934561301708365,MRO-10046;MRO-80001;MRO-10045,MRO-10046;MRO-80001;MRO-10045,Hydraulic Press,PUN-01,train,12,risk,risk,approved_on_validation,우선 점검 후보
2023-04-20,AST-2031,A2,4,7.031847900517009,0.15842276003977,0.1071442732163463,MRO-10047;MRO-20031;MRO-50009,MRO-10047;MRO-20031;MRO-50009,Hydraulic Press,CHN-02,train,12,caution,risk,approved_on_validation,우선 점검 후보
2023-04-20,AST-3008,A2,8,6.583680746235665,0.1331598469001538,0.0873053858938941,MRO-50009;MRO-10046;MRO-20031,MRO-50009;MRO-10046;MRO-20031,Belt Conveyor,CHN-02,train,12,risk,risk,approved_on_validation,우선 점검 후보
2023-04-20,AST-3019,A2,5,5.743483088847593,0.0893230079355187,0.0560437591784957,MRO-10047;MRO-20031;MRO-80001,MRO-10047;MRO-20031;MRO-80001,Belt Conveyor,CHN-02,train,12,caution,caution,approved_on_validation,우선 점검 후보
2023-04-20,AST-4055,A2,11,8.173282689845282,0.2322320409637219,0.1662769396754477,MRO-50009;MRO-10045;MRO-80001,MRO-50009;MRO-10045;MRO-80001,Screw Compressor,DHR-03,train,12,risk,risk,approved_on_validation,우선 점검 후보
2023-04-20,AST-4061,A2,9,6.283205168795938,0.1153399803532978,0.0749035047546061,MRO-10045;MRO-40022;MRO-10047,MRO-10045;MRO-10047;MRO-20031,Screw Compressor,DHR-03,train,12,risk,risk,approved_on_validation,우선 점검 후보
2023-04-20,AST-5003,A2,11,8.377007566120314,0.2475174742616829,0.1798753743591372,MRO-10047;MRO-80001;MRO-10045,MRO-10047;MRO-80001;MRO-10045,EOT Crane,DHR-03,train,12,risk,risk,approved_on_validation,우선 점검 후보
2023-04-20,AST-5007,A2,6,5.33227028980695,0.0719227622347629,0.0427403690727688,MRO-10045;MRO-50009;MRO-10046,MRO-10045;MRO-50009;MRO-10046,EOT Crane,PUN-01,train,12,risk,caution,approved_on_validation,우선 점검 후보
2023-04-21,AST-1041,A2,0,5.761631114770339,0.0933508398836521,0.0562505579088718,MRO-10047;MRO-50009;MRO-10046,MRO-10047;MRO-50009;MRO-10046,CNC Lathe,PUN-01,train,12,normal,risk,approved_on_validation,우선 점검 후보
2023-04-21,AST-1042,A2,2,5.931432000141779,0.0998214776776393,0.0611467149787688,MRO-10045;MRO-10047;MRO-80001,MRO-10045;MRO-10047;MRO-80001,CNC Lathe,PUN-01,train,12,caution,risk,approved_on_validation,우선 점검 후보
2023-04-21,AST-2017,A2,6,8.577599095218376,0.2621053894889316,0.1920699586389005,MRO-80001;MRO-10046;MRO-10047,MRO-80001;MRO-10046;MRO-10047,Hydraulic Press,PUN-01,train,12,risk,risk,approved_on_validation,우선 점검 후보
2023-04-21,AST-2031,A2,2,6.697174855970195,0.1349491484227179,0.0914269216655172,MRO-50009;MRO-20031;MRO-90012,MRO-50009;MRO-20031;MRO-10047,Hydraulic Press,CHN-02,train,12,caution,risk,approved_on_validation,우선 점검 후보
2023-04-21,AST-3008,A2,6,6.290764753114004,0.1177020233287553,0.0754899607489126,MRO-10046;MRO-20031;MRO-50009,MRO-10046;MRO-20031;MRO-50009,Belt Conveyor,CHN-02,train,12,risk,risk,approved_on_validation,우선 점검 후보
2023-04-21,AST-3019,A2,4,5.569651400321492,0.083395034927717,0.0502463554790183,MRO-50009;MRO-80001;MRO-10045,MRO-50009;MRO-80001;MRO-10045,Belt Conveyor,CHN-02,train,12,caution,caution,approved_on_validation,우선 점검 후보
2023-04-21,AST-4055,A2,2,8.173781570801879,0.2322720226464814,0.1672751612382347,MRO-80001;MRO-50009;MRO-20031,MRO-80001;MRO-50009;MRO-20031,Screw Compressor,DHR-03,train,12,caution,risk,approved_on_validation,우선 점검 후보
2023-04-21,AST-4061,A2,13,6.466494552754055,0.126790042964845,0.0822190761107471,MRO-10047;MRO-20031;MRO-50009,MRO-10047;MRO-20031;MRO-50009,Screw Compressor,DHR-03,train,12,high_risk,risk,approved_on_validation,우선 점검 후보
2023-04-21,AST-5003,A2,13,8.227201055752328,0.2376406224167972,0.1705650190829388,MRO-10046;MRO-80001;MRO-50009,MRO-10046;MRO-80001;MRO-50009,EOT Crane,DHR-03,train,12,high_risk,risk,approved_on_validation,우선 점검 후보
2023-04-21,AST-5007,A2,1,5.5390461550077275,0.0789704901830245,0.0488400032681177,MRO-10045;MRO-50009;MRO-10046,MRO-10045;MRO-50009;MRO-10046,EOT Crane,PUN-01,train,12,caution,caution,approved_on_validation,우선 점검 후보
2023-04-22,AST-1041,A2,0,0.0029231727467164,4.190389365605127e-12,3.964289437892373e-15,MRO-30011;MRO-70004;MRO-80002,MRO-10045;MRO-10046;MRO-20031,CNC Lathe,PUN-01,train,12,normal,normal,approved_on_validation,우선 점검 후보
2023-04-22,AST-1042,A2,0,0.0029476775142295,4.8498722120810515e-12,4.492049191194428e-15,MRO-30011;MRO-10046;MRO-10047,MRO-10046;MRO-10047;MRO-20031,CNC Lathe,PUN-01,train,12,normal,normal,approved_on_validation,우선 점검 후보
2023-04-22,AST-2017,A2,0,0.0032471086403354,6.652068581340936e-12,6.735786931633112e-15,MRO-10047;MRO-30011;MRO-10045,MRO-10047;MRO-10045;MRO-50009,Hydraulic Press,PUN-01,train,12,normal,normal,approved_on_validation,우선 점검 후보
2023-04-22,AST-2031,A2,0,0.0034031333893764,8.700130576607209e-12,8.805071506478771e-15,MRO-10047;MRO-10046;MRO-80001,MRO-10047;MRO-10046;MRO-80001,Hydraulic Press,CHN-02,train,12,normal,normal,approved_on_validation,우선 점검 후보
2023-04-22,AST-3008,A2,0,0.0032198582152933,6.4638640079773e-12,6.604816558138472e-15,MRO-70004;MRO-10045;MRO-10047,MRO-10045;MRO-10047;MRO-80001,Belt Conveyor,CHN-02,train,12,normal,normal,approved_on_validation,우선 점검 후보
2023-04-22,AST-3019,A2,0,0.0032386994556322,6.5257913589327826e-12,6.7583428842732946e-15,MRO-90012;MRO-90011;MRO-70004,MRO-10045;MRO-10046;MRO-10047,Belt Conveyor,CHN-02,train,12,normal,normal,approved_on_validation,우선 점검 후보
2023-04-22,AST-4055,A2,0,0.0032410063070332,6.556016014010341e-12,6.6585937981349704e-15,MRO-80001;MRO-10045;MRO-10047,MRO-80001;MRO-10045;MRO-10047,Screw Compressor,DHR-03,train,12,normal,normal,approved_on_validation,우선 점검 후보
2023-04-22,AST-4061,A2,0,0.0032407590849718,6.574017074258955e-12,6.6693183017479e-15,MRO-10046;MRO-50009;MRO-20033,MRO-10046;MRO-50009;MRO-10045,Screw Compressor,DHR-03,train,12,normal,normal,approved_on_validation,우선 점검 후보
2023-04-22,AST-5003,A2,0,0.0032069365413404,6.216072650406922e-12,6.272332061417943e-15,MRO-20031;MRO-50009;MRO-20033,MRO-20031;MRO-50009;MRO-10047,EOT Crane,DHR-03,train,12,normal,normal,approved_on_validation,우선 점검 후보
2023-04-22,AST-5007,A2,0,0.0032638352236642,6.647780369139966e-12,6.850922424040643e-15,MRO-70004;MRO-70005;MRO-10045,MRO-10045;MRO-10047;MRO-20031,EOT Crane,PUN-01,train,12,normal,normal,approved_on_validation,우선 점검 후보
2023-04-23,AST-1041,A2,0,0.0032258207816954,6.5740365549297615e-12,6.618489529469854e-15,MRO-10045;MRO-10046;MRO-10047,MRO-10045;MRO-10046;MRO-10047,CNC Lathe,PUN-01,train,12,normal,normal,approved_on_validation,우선 점검 후보
2023-04-23,AST-1042,A2,0,0.0032372029716205,6.574260213089639e-12,6.6559301525258025e-15,MRO-10045;MRO-10046;MRO-10047,MRO-10045;MRO-10046;MRO-10047,CNC Lathe,PUN-01,train,12,normal,normal,approved_on_validation,우선 점검 후보
2023-04-23,AST-2017,A2,0,0.0031930207302775,5.736917818981907e-12,5.9545862305783544e-15,MRO-20032;MRO-10045;MRO-10046,MRO-10045;MRO-10046;MRO-50009,Hydraulic Press,PUN-01,train,12,normal,normal,approved_on_validation,우선 점검 후보
2023-04-23,AST-2031,A2,0,0.0032171339062337,6.451237753813369e-12,6.496629729302916e-15,MRO-10045;MRO-10047;MRO-20031,MRO-10045;MRO-10047;MRO-20031,Hydraulic Press,CHN-02,train,12,normal,normal,approved_on_validation,우선 점검 후보
2023-04-23,AST-3008,A2,0,0.0032079618122847,6.495608500351391e-12,6.4577157661909555e-15,MRO-10045;MRO-10047;MRO-20031,MRO-10045;MRO-10047;MRO-20031,Belt Conveyor,CHN-02,train,12,normal,normal,approved_on_validation,우선 점검 후보
2023-04-23,AST-3019,A2,0,0.0032923683765042,6.533205728209701e-12,7.029292636128178e-15,MRO-90011;MRO-10045;MRO-10046,MRO-10045;MRO-10046;MRO-10047,Belt Conveyor,CHN-02,train,12,normal,normal,approved_on_validation,우선 점검 후보
2023-04-23,AST-4055,A2,0,0.003243106659786,6.565154965976116e-12,6.673357404285645e-15,MRO-10045;MRO-10047;MRO-20031,MRO-10045;MRO-10047;MRO-20031,Screw Compressor,DHR-03,train,12,normal,normal,approved_on_validation,우선 점검 후보
2023-04-23,AST-4061,A2,0,0.0032473551902013,6.614720379082524e-12,6.724133716614001e-15,MRO-10046;MRO-50009;MRO-80001,MRO-10046;MRO-50009;MRO-80001,Screw Compressor,DHR-03,train,12,normal,normal,approved_on_validation,우선 점검 후보
2023-04-23,AST-5003,A2,0,0.0033441760716052,9.678528803450362e-12,8.899759298835803e-15,MRO-10045;MRO-50009;MRO-10047,MRO-10045;MRO-50009;MRO-10047,EOT Crane,DHR-03,train,12,normal,normal,approved_on_validation,우선 점검 후보
2023-04-23,AST-5007,A2,0,0.0032649602629295,6.574266286155314e-12,6.8372838357190205e-15,MRO-70004;MRO-10045;MRO-10046,MRO-10045;MRO-10046;MRO-10047,EOT Crane,PUN-01,train,12,normal,normal,approved_on_validation,우선 점검 후보
2023-04-24,AST-1041,A2,10,6.080503275502677,0.1064007253071486,0.0676565650997929,MRO-20031;MRO-80001;MRO-50009,MRO-20031;MRO-80001;MRO-50009,CNC Lathe,PUN-01,train,12,risk,risk,approved_on_validation,우선 점검 후보
2023-04-24,AST-1042,A2,10,6.127835125651017,0.1087124478476121,0.0688006243121746,MRO-10045;MRO-80001;MRO-10047,MRO-10045;MRO-80001;MRO-10047,CNC Lathe,PUN-01,train,12,risk,risk,approved_on_validation,우선 점검 후보
2023-04-24,AST-2017,A2,8,7.576968682535472,0.1846717591773407,0.1324903844034897,MRO-90012;MRO-10047;MRO-40022,MRO-10047;MRO-10045;MRO-10046,Hydraulic Press,PUN-01,train,12,risk,risk,approved_on_validation,우선 점검 후보
2023-04-24,AST-2031,A2,2,7.176742267161406,0.1661095171191963,0.113861045319583,MRO-10047;MRO-20031;MRO-50009,MRO-10047;MRO-20031;MRO-50009,Hydraulic Press,CHN-02,train,12,caution,risk,approved_on_validation,우선 점검 후보
2023-04-24,AST-3008,A2,7,6.2986624790938714,0.1146052783693489,0.0756611188238826,MRO-10046;MRO-20031;MRO-50009,MRO-10046;MRO-20031;MRO-50009,Belt Conveyor,CHN-02,train,12,risk,risk,approved_on_validation,우선 점검 후보
2023-04-24,AST-3019,A2,0,5.4909079451307665,0.0792166283512417,0.0477484253172532,MRO-80001;MRO-10047;MRO-10045,MRO-80001;MRO-10047;MRO-10045,Belt Conveyor,CHN-02,train,12,normal,caution,approved_on_validation,우선 점검 후보
2023-04-24,AST-4055,A2,4,7.625472377548496,0.1958432500954727,0.1369449019680921,MRO-10047;MRO-80001;MRO-20031,MRO-10047;MRO-80001;MRO-20031,Screw Compressor,DHR-03,train,12,caution,risk,approved_on_validation,우선 점검 후보
2023-04-24,AST-4061,A2,9,8.018999342241111,0.2213596726376258,0.1578906023618646,MRO-20031;MRO-40021;MRO-10045,MRO-20031;MRO-10045;MRO-10047,Screw Compressor,DHR-03,train,12,risk,risk,approved_on_validation,우선 점검 후보
2023-04-24,AST-5003,A2,8,7.728893416266965,0.2008261426158873,0.1411082579699215,MRO-10046;MRO-10047;MRO-80001,MRO-10046;MRO-10047;MRO-80001,EOT Crane,DHR-03,train,12,risk,risk,approved_on_validation,우선 점검 후보
2023-04-24,AST-5007,A2,4,5.3359971928908605,0.0670342054562245,0.0403203151160194,MRO-40022;MRO-60015;MRO-60016,MRO-10047;MRO-10045;MRO-50009,EOT Crane,PUN-01,train,12,caution,caution,approved_on_validation,우선 점검 후보
2023-04-25,AST-1041,A2,4,5.952959189930734,0.0997381859277191,0.0626557737179959,MRO-20031;MRO-30011;MRO-10046,MRO-20031;MRO-10046;MRO-10045,CNC Lathe,PUN-01,train,12,caution,risk,approved_on_validation,우선 점검 후보
2023-04-25,AST-1042,A2,9,5.958684740432059,0.0996414816890012,0.062350521214666,MRO-10045;MRO-10047;MRO-80001,MRO-10045;MRO-10047;MRO-80001,CNC Lathe,PUN-01,train,12,risk,risk,approved_on_validation,우선 점검 후보
2023-04-25,AST-2017,A2,5,8.804460853366985,0.2736916195472639,0.2067652633943445,MRO-90012;MRO-10047;MRO-80001,MRO-10047;MRO-80001;MRO-50009,Hydraulic Press,PUN-01,train,12,caution,risk,approved_on_validation,우선 점검 후보
2023-04-25,AST-2031,A2,1,6.993639354930879,0.1506254577400531,0.1048631414755923,MRO-20032;MRO-10045;MRO-10047,MRO-10045;MRO-10047;MRO-50009,Hydraulic Press,CHN-02,train,12,caution,risk,approved_on_validation,우선 점검 후보
2023-04-25,AST-3008,A2,7,6.418891868555928,0.1229529206997277,0.0802155343290111,MRO-80001;MRO-10046;MRO-20031,MRO-80001;MRO-10046;MRO-20031,Belt Conveyor,CHN-02,train,12,risk,risk,approved_on_validation,우선 점검 후보
2023-04-25,AST-3019,A2,5,5.543639629610807,0.0803677859120263,0.0494633200109492,MRO-80001;MRO-10047;MRO-10045,MRO-80001;MRO-10047;MRO-10045,Belt Conveyor,CHN-02,train,12,caution,caution,approved_on_validation,우선 점검 후보
2023-04-25,AST-4055,A2,6,8.257375638885222,0.2337078882650063,0.172451105710531,MRO-20031;MRO-80001;MRO-50009,MRO-20031;MRO-80001;MRO-50009,Screw Compressor,DHR-03,train,12,risk,risk,approved_on_validation,우선 점검 후보
2023-04-25,AST-4061,A2,6,6.52587193618529,0.1298549149384145,0.0846346952990257,MRO-80001;MRO-50009;MRO-10045,MRO-80001;MRO-50009;MRO-10045,Screw Compressor,DHR-03,train,12,risk,risk,approved_on_validation,우선 점검 후보
2023-04-25,AST-5003,A2,1,7.478719819749066,0.1835972571664858,0.128579160389102,MRO-10046;MRO-80001;MRO-10047,MRO-10046;MRO-80001;MRO-10047,EOT Crane,DHR-03,train,12,caution,risk,approved_on_validation,우선 점검 후보
2023-04-25,AST-5007,A2,4,5.401761215313343,0.0732606524787177,0.0443140554558522,MRO-40022;MRO-10046;MRO-10045,MRO-10046;MRO-10045;MRO-50009,EOT Crane,PUN-01,train,12,caution,caution,approved_on_validation,우선 점검 후보
2023-04-26,AST-1041,A2,10,6.245576186980367,0.1149791613971317,0.0737039148556754,MRO-10045;MRO-10046;MRO-20031,MRO-10045;MRO-10046;MRO-20031,CNC Lathe,PUN-01,train,12,risk,risk,approved_on_validation,우선 점검 후보
2023-04-26,AST-1042,A2,0,6.060886591955194,0.1066346965158909,0.0660696998067476,MRO-10047;MRO-10045;MRO-80001,MRO-10047;MRO-10045;MRO-80001,CNC Lathe,PUN-01,train,12,normal,risk,approved_on_validation,우선 점검 후보
2023-04-26,AST-2017,A2,11,8.44251230584614,0.2508740958862333,0.1844946417254173,MRO-80001;MRO-50009;MRO-10047,MRO-80001;MRO-50009;MRO-10047,Hydraulic Press,PUN-01,train,12,risk,risk,approved_on_validation,우선 점검 후보
2023-04-26,AST-2031,A2,10,7.067137412835792,0.1602503688660483,0.1085411843012933,MRO-10047;MRO-50009;MRO-20031,MRO-10047;MRO-50009;MRO-20031,Hydraulic Press,CHN-02,train,12,risk,risk,approved_on_validation,우선 점검 후보
2023-04-26,AST-3008,A2,6,6.007026852131399,0.1011286288458743,0.0645826732432036,MRO-80001;MRO-10045;MRO-10046,MRO-80001;MRO-10045;MRO-10046,Belt Conveyor,CHN-02,train,12,risk,risk,approved_on_validation,우선 점검 후보
2023-04-26,AST-3019,A2,8,5.52858526176602,0.0810542167330182,0.0489780539510346,MRO-10045;MRO-10046;MRO-10047,MRO-10045;MRO-10046;MRO-10047,Belt Conveyor,CHN-02,train,12,risk,caution,approved_on_validation,우선 점검 후보
2023-04-26,AST-4055,A2,10,7.970377568696738,0.2189112279574709,0.1552634506343856,MRO-10045;MRO-20031;MRO-10047,MRO-10045;MRO-20031;MRO-10047,Screw Compressor,DHR-03,train,12,risk,risk,approved_on_validation,우선 점검 후보
2023-04-26,AST-4061,A2,2,5.927048478995475,0.0978076283136697,0.0611145007853237,MRO-20031;MRO-10045;MRO-10047,MRO-20031;MRO-10045;MRO-10047,Screw Compressor,DHR-03,train,12,caution,risk,approved_on_validation,우선 점검 후보
2023-04-26,AST-5003,A2,5,7.622518707251667,0.1923793515596648,0.1353700048292769,MRO-10047;MRO-10045;MRO-50009,MRO-10047;MRO-10045;MRO-50009,EOT Crane,DHR-03,train,12,caution,risk,approved_on_validation,우선 점검 후보
2023-04-26,AST-5007,A2,5,5.279409268783269,0.0661569458415681,0.0407870791435471,MRO-70005;MRO-10045;MRO-50009,MRO-10045;MRO-50009;MRO-10046,EOT Crane,PUN-01,train,12,caution,caution,approved_on_validation,우선 점검 후보
2023-04-27,AST-1041,A2,13,6.176336669404747,0.1115976084971386,0.0711683243378922,MRO-10046;MRO-80001;MRO-10045,MRO-10046;MRO-80001;MRO-10045,CNC Lathe,PUN-01,train,12,high_risk,risk,approved_on_validation,우선 점검 후보
2023-04-27,AST-1042,A2,7,5.908645844649762,0.0979662645090282,0.0603187798605926,MRO-80001;MRO-10047;MRO-10045,MRO-80001;MRO-10047;MRO-10045,CNC Lathe,PUN-01,train,12,risk,risk,approved_on_validation,우선 점검 후보
2023-04-27,AST-2017,A2,12,8.741850184089383,0.2736315778303596,0.2018940456082721,MRO-80001;MRO-10046;MRO-50009,MRO-80001;MRO-10046;MRO-50009,Hydraulic Press,PUN-01,train,12,high_risk,risk,approved_on_validation,우선 점검 후보
2023-04-27,AST-2031,A2,3,7.163604006154871,0.1653442559791017,0.1134560573833655,MRO-10047;MRO-20031;MRO-50009,MRO-10047;MRO-20031;MRO-50009,Hydraulic Press,CHN-02,train,12,caution,risk,approved_on_validation,우선 점검 후보
2023-04-27,AST-3008,A2,1,5.713727659036773,0.0860892946205002,0.0542924349790098,MRO-80001;MRO-50009;MRO-90012,MRO-80001;MRO-50009;MRO-10046,Belt Conveyor,CHN-02,train,12,caution,caution,approved_on_validation,우선 점검 후보
2023-04-27,AST-3019,A2,4,5.477318233703598,0.0782694102291224,0.0472337237645092,MRO-10046;MRO-80001;MRO-10047,MRO-10046;MRO-80001;MRO-10047,Belt Conveyor,CHN-02,train,12,caution,caution,approved_on_validation,우선 점검 후보
2023-04-27,AST-4055,A2,15,8.630230085646797,0.2672836739636582,0.1943760688336976,MRO-20031;MRO-10046;MRO-10045,MRO-20031;MRO-10046;MRO-10045,Screw Compressor,DHR-03,train,12,high_risk,risk,approved_on_validation,우선 점검 후보
2023-04-27,AST-4061,A2,3,6.08895877822712,0.1066450515539106,0.0680507735273069,MRO-20031;MRO-80001;MRO-10045,MRO-20031;MRO-80001;MRO-10045,Screw Compressor,DHR-03,train,12,caution,risk,approved_on_validation,우선 점검 후보
2023-04-27,AST-5003,A2,10,7.062930353172883,0.1586295173947917,0.1074088613214437,MRO-10047;MRO-10046;MRO-80001,MRO-10047;MRO-10046;MRO-80001,EOT Crane,DHR-03,train,12,risk,risk,approved_on_validation,우선 점검 후보
2023-04-27,AST-5007,A2,6,5.255448001865359,0.0674805783286901,0.0398159534190989,MRO-40022;MRO-50009;MRO-10045,MRO-50009;MRO-10045;MRO-10046,EOT Crane,PUN-01,train,12,risk,caution,approved_on_validation,우선 점검 후보
2023-04-28,AST-1041,A2,3,5.731215917604062,0.0899586991879159,0.0556588748585301,MRO-10046;MRO-10045;MRO-80001,MRO-10046;MRO-10045;MRO-80001,CNC Lathe,PUN-01,train,12,caution,caution,approved_on_validation,우선 점검 후보
2023-04-28,AST-1042,A2,2,5.9239933418048265,0.0990418886036339,0.0613350902015338,MRO-10045;MRO-80001;MRO-20031,MRO-10045;MRO-80001;MRO-20031,CNC Lathe,PUN-01,train,12,caution,risk,approved_on_validation,우선 점검 후보
2023-04-28,AST-2017,A2,9,8.938760508271267,0.2900728679203161,0.215674621852469,MRO-10047;MRO-10046;MRO-20031,MRO-10047;MRO-10046;MRO-20031,Hydraulic Press,PUN-01,train,12,risk,risk,approved_on_validation,우선 점검 후보
2023-04-28,AST-2031,A2,12,7.139567464568497,0.1646874861457622,0.1117966852103181,MRO-10046;MRO-20031;MRO-10047,MRO-10046;MRO-20031;MRO-10047,Hydraulic Press,CHN-02,train,12,high_risk,risk,approved_on_validation,우선 점검 후보
2023-04-28,AST-3008,A2,4,6.304829971194929,0.1180326974161797,0.075771407986859,MRO-10045;MRO-80001;MRO-50009,MRO-10045;MRO-80001;MRO-50009,Belt Conveyor,CHN-02,train,12,caution,risk,approved_on_validation,우선 점검 후보
2023-04-28,AST-3019,A2,6,5.550076218383008,0.0800134345432599,0.0491556780323624,MRO-30012;MRO-90011;MRO-10046,MRO-10046;MRO-80001;MRO-10047,Belt Conveyor,CHN-02,train,12,risk,caution,approved_on_validation,우선 점검 후보
2023-04-28,AST-4055,A2,6,8.032298232490378,0.2232371453221534,0.1589266232638972,MRO-80001;MRO-20031;MRO-10045,MRO-80001;MRO-20031;MRO-10045,Screw Compressor,DHR-03,train,12,risk,risk,approved_on_validation,우선 점검 후보
2023-04-28,AST-4061,A2,6,6.112880839331776,0.1064017811501223,0.0675874613902612,MRO-20031;MRO-80001;MRO-10045,MRO-20031;MRO-80001;MRO-10045,Screw Compressor,DHR-03,train,12,risk,risk,approved_on_validation,우선 점검 후보
2023-04-28,AST-5003,A2,4,7.531778138946465,0.1881774430917187,0.1311170867109523,MRO-10046;MRO-10047;MRO-80001,MRO-10046;MRO-10047;MRO-80001,EOT Crane,DHR-03,train,12,caution,risk,approved_on_validation,우선 점검 후보
2023-04-28,AST-5007,A2,6,5.978127678129471,0.1006417973567569,0.0619638370645639,MRO-40022;MRO-10047;MRO-10046,MRO-10047;MRO-10046;MRO-50009,EOT Crane,PUN-01,train,12,risk,risk,approved_on_validation,우선 점검 후보
2023-04-29,AST-1041,A2,0,0.003217881990697,6.514868946847372e-12,6.545074291014661e-15,MRO-10045;MRO-10047;MRO-50009,MRO-10045;MRO-10047;MRO-50009,CNC Lathe,PUN-01,train,12,normal,normal,approved_on_validation,우선 점검 후보
2023-04-29,AST-1042,A2,0,0.003261442021143,6.5677839924150785e-12,6.729848215755807e-15,MRO-60015;MRO-10045;MRO-10046,MRO-10045;MRO-10046;MRO-10047,CNC Lathe,PUN-01,train,12,normal,normal,approved_on_validation,우선 점검 후보
2023-04-29,AST-2017,A2,0,0.0032411657569182,6.637938836790655e-12,6.71195215952278e-15,MRO-40021;MRO-50008;MRO-80002,MRO-10047;MRO-10046;MRO-50009,Hydraulic Press,PUN-01,train,12,normal,normal,approved_on_validation,우선 점검 후보
2023-04-29,AST-2031,A2,0,0.0032489569617817,6.651893662621628e-12,6.766491166140124e-15,MRO-20033;MRO-90011;MRO-10047,MRO-10047;MRO-10046;MRO-20031,Hydraulic Press,CHN-02,train,12,normal,normal,approved_on_validation,우선 점검 후보
2023-04-29,AST-3008,A2,0,0.0031534309257007,5.9185013621308976e-12,5.838207697800817e-15,MRO-10046;MRO-10047;MRO-20031,MRO-10046;MRO-10047;MRO-20031,Belt Conveyor,CHN-02,train,12,normal,normal,approved_on_validation,우선 점검 후보
2023-04-29,AST-3019,A2,0,0.0031939463848271,6.364936398496159e-12,6.331327578226227e-15,MRO-10045;MRO-10046;MRO-10047,MRO-10045;MRO-10046;MRO-10047,Belt Conveyor,CHN-02,train,12,normal,normal,approved_on_validation,우선 점검 후보
2023-04-29,AST-4055,A2,0,0.0032670254940078,6.6287653601331576e-12,6.8000295041568626e-15,MRO-40021;MRO-10046;MRO-80001,MRO-10046;MRO-80001;MRO-20031,Screw Compressor,DHR-03,train,12,normal,normal,approved_on_validation,우선 점검 후보
2023-04-29,AST-4061,A2,0,0.0032689595268009,6.814587532484118e-12,6.946521482588591e-15,MRO-80001;MRO-50008;MRO-10045,MRO-80001;MRO-10045;MRO-10046,Screw Compressor,DHR-03,train,12,normal,normal,approved_on_validation,우선 점검 후보
2023-04-29,AST-5003,A2,0,0.0031643583601716,4.8345465855443615e-12,5.077140104581888e-15,MRO-30011;MRO-80002;MRO-70004,MRO-10045;MRO-20031;MRO-50009,EOT Crane,DHR-03,train,12,normal,normal,approved_on_validation,우선 점검 후보
2023-04-29,AST-5007,A2,0,0.0032531696380163,6.787046809360412e-12,6.8305523947150896e-15,MRO-10046;MRO-30011;MRO-10045,MRO-10046;MRO-10045;MRO-10047,EOT Crane,PUN-01,train,12,normal,normal,approved_on_validation,우선 점검 후보
2023-04-30,AST-1041,A2,0,0.0030481129392677,4.856231374659121e-12,4.778675308174817e-15,MRO-30011;MRO-70004;MRO-10045,MRO-10045;MRO-10046;MRO-10047,CNC Lathe,PUN-01,train,12,normal,normal,approved_on_validation,우선 점검 후보
2023-04-30,AST-1042,A2,0,0.0029261637009977,4.854697422653827e-12,4.443357362914034e-15,MRO-10045;MRO-10046;MRO-10047,MRO-10045;MRO-10046;MRO-10047,CNC Lathe,PUN-01,train,12,normal,normal,approved_on_validation,우선 점검 후보
2023-04-30,AST-2017,A2,0,0.0032154273539787,6.630013451532026e-12,6.608019457016779e-15,MRO-10047;MRO-10045;MRO-10046,MRO-10047;MRO-10045;MRO-10046,Hydraulic Press,PUN-01,train,12,normal,normal,approved_on_validation,우선 점검 후보
2023-04-30,AST-2031,A2,0,0.0032322680644284,6.614998194912979e-12,6.668485034434019e-15,MRO-10047;MRO-10046;MRO-20031,MRO-10047;MRO-10046;MRO-20031,Hydraulic Press,CHN-02,train,12,normal,normal,approved_on_validation,우선 점검 후보
2023-04-30,AST-3008,A2,0,0.003224388332847,6.601617276474283e-12,6.590529688659362e-15,MRO-10046;MRO-10047;MRO-20031,MRO-10046;MRO-10047;MRO-20031,Belt Conveyor,CHN-02,train,12,normal,normal,approved_on_validation,우선 점검 후보
2023-04-30,AST-3019,A2,0,0.0032895471295122,6.526217426745673e-12,7.0180626559199276e-15,MRO-70004;MRO-10045;MRO-10046,MRO-10045;MRO-10046;MRO-10047,Belt Conveyor,CHN-02,train,12,normal,normal,approved_on_validation,우선 점검 후보
2023-04-30,AST-4055,A2,0,0.003280527538163,6.3947249852880206e-12,6.647649022599702e-15,MRO-60016;MRO-20031;MRO-10045,MRO-20031;MRO-10045;MRO-10046,Screw Compressor,DHR-03,train,12,normal,normal,approved_on_validation,우선 점검 후보
2023-04-30,AST-4061,A2,0,0.0032474491596769,6.627230393706009e-12,6.734886742793303e-15,MRO-10045;MRO-10046;MRO-10047,MRO-10045;MRO-10046;MRO-10047,Screw Compressor,DHR-03,train,12,normal,normal,approved_on_validation,우선 점검 후보
2023-04-30,AST-5003,A2,0,0.0032599562814776,6.557125760170136e-12,6.6987746073895604e-15,MRO-30012;MRO-80002;MRO-10045,MRO-10045;MRO-10046;MRO-10047,EOT Crane,DHR-03,train,12,normal,normal,approved_on_validation,우선 점검 후보
2023-04-30,AST-5007,A2,0,0.0032126844109003,6.4502763680720956e-12,6.453154054245643e-15,MRO-10045;MRO-10046;MRO-10047,MRO-10045;MRO-10046;MRO-10047,EOT Crane,PUN-01,train,12,normal,normal,approved_on_validation,우선 점검 후보
2023-05-01,AST-1041,A2,5,6.322511267947418,0.1176949047872988,0.0762498479348881,MRO-10046;MRO-20031;MRO-80001,MRO-10046;MRO-20031;MRO-80001,CNC Lathe,PUN-01,train,12,caution,risk,approved_on_validation,우선 점검 후보
2023-05-01,AST-1042,A2,4,5.855524323597823,0.0952951455287443,0.0586340529873551,MRO-20031;MRO-10047;MRO-80001,MRO-20031;MRO-10047;MRO-80001,CNC Lathe,PUN-01,train,12,caution,risk,approved_on_validation,우선 점검 후보
2023-05-01,AST-2017,A2,15,8.393425631107567,0.2469283904411202,0.1797698540516872,MRO-80001;MRO-10046;MRO-10047,MRO-80001;MRO-10046;MRO-10047,Hydraulic Press,PUN-01,train,12,high_risk,risk,approved_on_validation,우선 점검 후보
2023-05-01,AST-2031,A2,8,7.501470487871092,0.1876430688794948,0.1303861467897134,MRO-80001;MRO-10046;MRO-10045,MRO-80001;MRO-10046;MRO-10045,Hydraulic Press,CHN-02,train,12,risk,risk,approved_on_validation,우선 점검 후보
2023-05-01,AST-3008,A2,4,5.861338512731764,0.0941355101035925,0.0586019111602633,MRO-10045;MRO-50009;MRO-80001,MRO-10045;MRO-50009;MRO-80001,Belt Conveyor,CHN-02,train,12,caution,risk,approved_on_validation,우선 점검 후보
2023-05-01,AST-3019,A2,2,5.675012507804189,0.0841546057217491,0.0534436382427578,MRO-90011;MRO-30012;MRO-50009,MRO-50009;MRO-20031;MRO-10047,Belt Conveyor,CHN-02,train,12,caution,caution,approved_on_validation,우선 점검 후보
2023-05-01,AST-4055,A2,10,7.065967733963612,0.163820825499545,0.1082722617290037,MRO-10046;MRO-10047;MRO-20031,MRO-10046;MRO-10047;MRO-20031,Screw Compressor,DHR-03,train,12,risk,risk,approved_on_validation,우선 점검 후보
2023-05-01,AST-4061,A2,8,6.3025438082405865,0.1173208210533132,0.0756391992704224,MRO-10046;MRO-80001;MRO-20031,MRO-10046;MRO-80001;MRO-20031,Screw Compressor,DHR-03,train,12,risk,risk,approved_on_validation,우선 점검 후보
2023-05-01,AST-5003,A2,4,7.472197175931249,0.1834786598670252,0.1276582264566323,MRO-10046;MRO-10047;MRO-10045,MRO-10046;MRO-10047;MRO-10045,EOT Crane,DHR-03,train,12,caution,risk,approved_on_validation,우선 점검 후보
2023-05-01,AST-5007,A2,2,5.195889552968621,0.064781167455245,0.038614665168339,MRO-50009;MRO-10046;MRO-80001,MRO-50009;MRO-10046;MRO-80001,EOT Crane,PUN-01,train,12,caution,caution,approved_on_validation,우선 점검 후보
2023-05-02,AST-1041,A2,4,6.025014551182074,0.1018225583436834,0.0655585076415398,MRO-80001;MRO-10046;MRO-20031,MRO-80001;MRO-10046;MRO-20031,CNC Lathe,PUN-01,train,12,caution,risk,approved_on_validation,우선 점검 후보
2023-05-02,AST-1042,A2,10,5.76064790647255,0.0904410254416226,0.0557079238593333,MRO-10045;MRO-20031;MRO-80001,MRO-10045;MRO-20031;MRO-80001,CNC Lathe,PUN-01,train,12,risk,caution,approved_on_validation,우선 점검 후보
2023-05-02,AST-2017,A2,25,8.47489235099346,0.253952559069438,0.186094873751792,MRO-10047;MRO-80001;MRO-10045,MRO-10047;MRO-80001;MRO-10045,Hydraulic Press,PUN-01,train,12,high_risk,risk,approved_on_validation,우선 점검 후보
2023-05-02,AST-2031,A2,10,7.518702676903033,0.1892416077376238,0.1310232163964356,MRO-10047;MRO-80001;MRO-10045,MRO-10047;MRO-80001;MRO-10045,Hydraulic Press,CHN-02,train,12,risk,risk,approved_on_validation,우선 점검 후보
2023-05-02,AST-3008,A2,4,5.988262227687415,0.10107663232517,0.0634723319480887,MRO-10045;MRO-50009;MRO-10046,MRO-10045;MRO-50009;MRO-10046,Belt Conveyor,CHN-02,train,12,caution,risk,approved_on_validation,우선 점검 후보
2023-05-02,AST-3019,A2,8,5.264443258639541,0.0704146661976356,0.0415754644866173,MRO-50009;MRO-10047;MRO-80001,MRO-50009;MRO-10047;MRO-80001,Belt Conveyor,CHN-02,train,12,risk,caution,approved_on_validation,우선 점검 후보
2023-05-02,AST-4055,A2,11,7.822403345421446,0.2067282384218902,0.1464377591129131,MRO-20031;MRO-50009;MRO-40021,MRO-20031;MRO-50009;MRO-10047,Screw Compressor,DHR-03,train,12,risk,risk,approved_on_validation,우선 점검 후보
2023-05-02,AST-4061,A2,12,6.717708714617899,0.1396932049196063,0.0916321444302926,MRO-80001;MRO-10046;MRO-20031,MRO-80001;MRO-10046;MRO-20031,Screw Compressor,DHR-03,train,12,high_risk,risk,approved_on_validation,우선 점검 후보
2023-05-02,AST-5003,A2,26,8.4311912746584,0.2479220844635284,0.1826200564483477,MRO-10045;MRO-80001;MRO-10046,MRO-10045;MRO-80001;MRO-10046,EOT Crane,DHR-03,train,12,high_risk,risk,approved_on_validation,우선 점검 후보
2023-05-02,AST-5007,A2,1,4.931400291592586,0.0525475425148606,0.0309730763340564,MRO-40021;MRO-80001;MRO-40022,MRO-80001;MRO-10046;MRO-50009,EOT Crane,PUN-01,train,12,caution,caution,approved_on_validation,우선 점검 후보
2023-05-03,AST-1041,A2,7,9.585441640932666,0.3364289182762648,0.2598437612181968,MRO-80001;MRO-20031;MRO-10047,MRO-80001;MRO-20031;MRO-10047,CNC Lathe,PUN-01,train,12,risk,risk,approved_on_validation,우선 점검 후보
2023-05-03,AST-1042,A2,12,6.200142610419653,0.1127895995231428,0.0713033695533802,MRO-20031;MRO-80001;MRO-10045,MRO-20031;MRO-80001;MRO-10045,CNC Lathe,PUN-01,train,12,high_risk,risk,approved_on_validation,우선 점검 후보
2023-05-03,AST-2017,A2,3,8.195202118257612,0.234636349850872,0.1693882008792997,MRO-80001;MRO-10045;MRO-10046,MRO-80001;MRO-10045;MRO-10046,Hydraulic Press,PUN-01,train,12,caution,risk,approved_on_validation,우선 점검 후보
2023-05-03,AST-2031,A2,0,6.980068392718609,0.1540024491324619,0.1042269621054516,MRO-50009;MRO-10045;MRO-20031,MRO-50009;MRO-10045;MRO-20031,Hydraulic Press,CHN-02,train,12,normal,risk,approved_on_validation,우선 점검 후보
2023-05-03,AST-3008,A2,6,6.382622270369259,0.1220233734550932,0.0787621100008909,MRO-10045;MRO-20031;MRO-50009,MRO-10045;MRO-20031;MRO-50009,Belt Conveyor,CHN-02,train,12,risk,risk,approved_on_validation,우선 점검 후보
2023-05-03,AST-3019,A2,4,5.6348940927371975,0.0855920800040947,0.051530788754545,MRO-50009;MRO-10047;MRO-80001,MRO-50009;MRO-10047;MRO-80001,Belt Conveyor,CHN-02,train,12,caution,caution,approved_on_validation,우선 점검 후보
2023-05-03,AST-4055,A2,6,8.009630188602205,0.2225620608550475,0.1575433700118207,MRO-20031;MRO-10047;MRO-10046,MRO-20031;MRO-10047;MRO-10046,Screw Compressor,DHR-03,train,12,risk,risk,approved_on_validation,우선 점검 후보
2023-05-03,AST-4061,A2,12,6.401699965418976,0.1241411525224388,0.0794423690180653,MRO-10046;MRO-10045;MRO-10047,MRO-10046;MRO-10045;MRO-10047,Screw Compressor,DHR-03,train,12,high_risk,risk,approved_on_validation,우선 점검 후보
2023-05-03,AST-5003,A2,8,7.410608718256186,0.18027502046287,0.1238232428078159,MRO-10045;MRO-10047;MRO-80001,MRO-10045;MRO-10047;MRO-80001,EOT Crane,DHR-03,train,12,risk,risk,approved_on_validation,우선 점검 후보
2023-05-03,AST-5007,A2,1,5.811195277529798,0.091232997231803,0.0575938492563667,MRO-50009;MRO-80001;MRO-10045,MRO-50009;MRO-80001;MRO-10045,EOT Crane,PUN-01,train,12,caution,caution,approved_on_validation,우선 점검 후보
2023-05-04,AST-1041,A2,2,5.739762667518174,0.0892312339307086,0.0546714073471124,MRO-30011;MRO-80001;MRO-10046,MRO-80001;MRO-10046;MRO-20031,CNC Lathe,PUN-01,train,12,caution,caution,approved_on_validation,우선 점검 후보
2023-05-04,AST-1042,A2,8,5.9655704557528315,0.1003872985259968,0.0622723934526343,MRO-10046;MRO-80001;MRO-20031,MRO-10046;MRO-80001;MRO-20031,CNC Lathe,PUN-01,train,12,risk,risk,approved_on_validation,우선 점검 후보
2023-05-04,AST-2017,A2,10,8.4792895943285,0.2556694537427978,0.1856262304087971,MRO-80001;MRO-20031;MRO-10045,MRO-80001;MRO-20031;MRO-10045,Hydraulic Press,PUN-01,train,12,risk,risk,approved_on_validation,우선 점검 후보
2023-05-04,AST-2031,A2,5,7.157331045463867,0.1629799308019515,0.1132734317543565,MRO-80001;MRO-10045;MRO-50009,MRO-80001;MRO-10045;MRO-50009,Hydraulic Press,CHN-02,train,12,caution,risk,approved_on_validation,우선 점검 후보
2023-05-04,AST-3008,A2,3,6.233860944367862,0.1123935807658707,0.0721799703175134,MRO-10045;MRO-20031;MRO-10046,MRO-10045;MRO-20031;MRO-10046,Belt Conveyor,CHN-02,train,12,caution,risk,approved_on_validation,우선 점검 후보
2023-05-04,AST-3019,A2,2,5.418461066908529,0.0758736798559514,0.0456952938431878,MRO-10047;MRO-50009;MRO-80001,MRO-10047;MRO-50009;MRO-80001,Belt Conveyor,CHN-02,train,12,caution,caution,approved_on_validation,우선 점검 후보
2023-05-04,AST-4055,A2,6,7.629448794772785,0.1961734201494149,0.1369883957118331,MRO-80001;MRO-10046;MRO-50009,MRO-80001;MRO-10046;MRO-50009,Screw Compressor,DHR-03,train,12,risk,risk,approved_on_validation,우선 점검 후보
2023-05-04,AST-4061,A2,8,6.505112784393408,0.1273599865163427,0.0837376081721302,MRO-10046;MRO-10047;MRO-80001,MRO-10046;MRO-10047;MRO-80001,Screw Compressor,DHR-03,train,12,risk,risk,approved_on_validation,우선 점검 후보
2023-05-04,AST-5003,A2,0,7.055842834275799,0.1584890994355307,0.107252055975659,MRO-10045;MRO-10047;MRO-20031,MRO-10045;MRO-10047;MRO-20031,EOT Crane,DHR-03,train,12,normal,risk,approved_on_validation,우선 점검 후보
2023-05-04,AST-5007,A2,6,4.822612097901462,0.0518934931266574,0.0296688407171748,MRO-20031;MRO-50009;MRO-10045,MRO-20031;MRO-50009;MRO-10045,EOT Crane,PUN-01,train,12,risk,caution,approved_on_validation,우선 점검 후보
2023-05-05,AST-1041,A2,0,5.700616090775489,0.0888284100774874,0.0544208147958165,MRO-10047;MRO-80001;MRO-10046,MRO-10047;MRO-80001;MRO-10046,CNC Lathe,PUN-01,train,12,normal,caution,approved_on_validation,우선 점검 후보
2023-05-05,AST-1042,A2,2,6.731462052153852,0.1353765998369419,0.0920720616674884,MRO-80001;MRO-10046;MRO-20031,MRO-80001;MRO-10046;MRO-20031,CNC Lathe,PUN-01,train,12,caution,risk,approved_on_validation,우선 점검 후보
2023-05-05,AST-2017,A2,4,8.498138608230299,0.2545210320805671,0.1868407659104077,MRO-80001;MRO-10045;MRO-10047,MRO-80001;MRO-10045;MRO-10047,Hydraulic Press,PUN-01,train,12,caution,risk,approved_on_validation,우선 점검 후보
2023-05-05,AST-2031,A2,13,7.502192045748115,0.1877019985889266,0.1308192036673112,MRO-10045;MRO-50009;MRO-80001,MRO-10045;MRO-50009;MRO-80001,Hydraulic Press,CHN-02,train,12,high_risk,risk,approved_on_validation,우선 점검 후보
2023-05-05,AST-3008,A2,9,6.360987622499522,0.1192499068363451,0.077598673781897,MRO-10045;MRO-80001;MRO-20031,MRO-10045;MRO-80001;MRO-20031,Belt Conveyor,CHN-02,train,12,risk,risk,approved_on_validation,우선 점검 후보
2023-05-05,AST-3019,A2,9,5.617883920986861,0.0837866531748914,0.0515466735097103,MRO-50009;MRO-10047;MRO-80001,MRO-50009;MRO-10047;MRO-80001,Belt Conveyor,CHN-02,train,12,risk,caution,approved_on_validation,우선 점검 후보
2023-05-05,AST-4055,A2,11,7.768638325507628,0.2053264588866961,0.1433205997746156,MRO-10046;MRO-20031;MRO-50009,MRO-10046;MRO-20031;MRO-50009,Screw Compressor,DHR-03,train,12,risk,risk,approved_on_validation,우선 점검 후보
2023-05-05,AST-4061,A2,8,6.191843796542227,0.1116978567200152,0.0710383020325878,MRO-10045;MRO-10046;MRO-10047,MRO-10045;MRO-10046;MRO-10047,Screw Compressor,DHR-03,train,12,risk,risk,approved_on_validation,우선 점검 후보
2023-05-05,AST-5003,A2,12,7.639429672762943,0.1947329964764308,0.1361814031015277,MRO-10045;MRO-50009;MRO-10047,MRO-10045;MRO-50009;MRO-10047,EOT Crane,DHR-03,train,12,high_risk,risk,approved_on_validation,우선 점검 후보
2023-05-05,AST-5007,A2,1,4.71260806898496,0.0462518277642671,0.0265741427540797,MRO-40022;MRO-20032;MRO-30011,MRO-20031;MRO-10045;MRO-10047,EOT Crane,PUN-01,train,12,caution,caution,approved_on_validation,우선 점검 후보
2023-05-06,AST-1041,A2,0,0.0029227522500429,4.8546849413871706e-12,4.428889150157865e-15,MRO-10045;MRO-10046;MRO-10047,MRO-10045;MRO-10046;MRO-10047,CNC Lathe,PUN-01,train,12,normal,normal,approved_on_validation,우선 점검 후보
2023-05-06,AST-1042,A2,0,0.003236410663787,6.567287955164861e-12,6.648352333814394e-15,MRO-10045;MRO-10047;MRO-20031,MRO-10045;MRO-10047;MRO-20031,CNC Lathe,PUN-01,train,12,normal,normal,approved_on_validation,우선 점검 후보
2023-05-06,AST-2017,A2,0,0.0033997869827836,8.258059443426089e-12,8.477817201377776e-15,MRO-80001;MRO-40022;MRO-30011,MRO-80001;MRO-10046;MRO-10045,Hydraulic Press,PUN-01,train,12,normal,normal,approved_on_validation,우선 점검 후보
2023-05-06,AST-2031,A2,0,0.0033157858845823,7.8645888881578e-12,7.842577539439485e-15,MRO-10047;MRO-10045;MRO-20031,MRO-10047;MRO-10045;MRO-20031,Hydraulic Press,CHN-02,train,12,normal,normal,approved_on_validation,우선 점검 후보
2023-05-06,AST-3008,A2,0,0.0032430858879241,6.597940735207323e-12,6.723369637915814e-15,MRO-70004;MRO-10045;MRO-10046,MRO-10045;MRO-10046;MRO-10047,Belt Conveyor,CHN-02,train,12,normal,normal,approved_on_validation,우선 점검 후보
2023-05-06,AST-3019,A2,0,0.003216699873322,6.4982479460587075e-12,6.518062510609756e-15,MRO-90012;MRO-10045;MRO-10046,MRO-10045;MRO-10046;MRO-10047,Belt Conveyor,CHN-02,train,12,normal,normal,approved_on_validation,우선 점검 후보
2023-05-06,AST-4055,A2,0,0.0031151436828709,5.568129096535424e-12,5.522953125850845e-15,MRO-10045;MRO-10047;MRO-20031,MRO-10045;MRO-10047;MRO-20031,Screw Compressor,DHR-03,train,12,normal,normal,approved_on_validation,우선 점검 후보
2023-05-06,AST-4061,A2,0,0.0032660568537323,6.676777521277911e-12,6.8335910638606266e-15,MRO-50009;MRO-20033;MRO-40022,MRO-50009;MRO-10045;MRO-10046,Screw Compressor,DHR-03,train,12,normal,normal,approved_on_validation,우선 점검 후보
2023-05-06,AST-5003,A2,0,0.0033372045083885,7.893056436718693e-12,7.971970187400699e-15,MRO-10045;MRO-80001;MRO-10046,MRO-10045;MRO-80001;MRO-10046,EOT Crane,DHR-03,train,12,normal,normal,approved_on_validation,우선 점검 후보
2023-05-06,AST-5007,A2,0,0.0032384763484781,6.5672937107443674e-12,6.660948803118694e-15,MRO-20032;MRO-10045;MRO-10046,MRO-10045;MRO-10046;MRO-10047,EOT Crane,PUN-01,train,12,normal,normal,approved_on_validation,우선 점검 후보
2023-05-07,AST-1041,A2,0,0.0029407259017384,4.854701369322486e-12,4.513352871458102e-15,MRO-70004;MRO-10045;MRO-10046,MRO-10045;MRO-10046;MRO-10047,CNC Lathe,PUN-01,train,12,normal,normal,approved_on_validation,우선 점검 후보
2023-05-07,AST-1042,A2,0,0.0032372041197381,6.574265949532173e-12,6.654979957191661e-15,MRO-10045;MRO-10046;MRO-10047,MRO-10045;MRO-10046;MRO-10047,CNC Lathe,PUN-01,train,12,normal,normal,approved_on_validation,우선 점검 후보
2023-05-07,AST-2017,A2,0,0.0032456508142683,6.442111791585937e-12,6.5827574306434125e-15,MRO-30011;MRO-40021;MRO-10045,MRO-10045;MRO-50009;MRO-80001,Hydraulic Press,PUN-01,train,12,normal,normal,approved_on_validation,우선 점검 후보
2023-05-07,AST-2031,A2,0,0.0032177536726469,6.451318543030388e-12,6.496708900058872e-15,MRO-10045;MRO-10047;MRO-20031,MRO-10045;MRO-10047;MRO-20031,Hydraulic Press,CHN-02,train,12,normal,normal,approved_on_validation,우선 점검 후보
2023-05-07,AST-3008,A2,0,0.0032216178022041,6.495571005991703e-12,6.552622021080124e-15,MRO-70004;MRO-10045;MRO-10046,MRO-10045;MRO-10046;MRO-10047,Belt Conveyor,CHN-02,train,12,normal,normal,approved_on_validation,우선 점검 후보
2023-05-07,AST-3019,A2,0,0.0032092460385617,6.505368557795045e-12,6.472025641136231e-15,MRO-10045;MRO-10046;MRO-10047,MRO-10045;MRO-10046;MRO-10047,Belt Conveyor,CHN-02,train,12,normal,normal,approved_on_validation,우선 점검 후보
2023-05-07,AST-4055,A2,0,0.0032455320602929,6.602847534018377e-12,6.709445725183154e-15,MRO-10045;MRO-10047;MRO-20031,MRO-10045;MRO-10047;MRO-20031,Screw Compressor,DHR-03,train,12,normal,normal,approved_on_validation,우선 점검 후보
2023-05-07,AST-4061,A2,0,0.0032450845730689,6.598123816250149e-12,6.70501277784619e-15,MRO-10045;MRO-10046;MRO-10047,MRO-10045;MRO-10046;MRO-10047,Screw Compressor,DHR-03,train,12,normal,normal,approved_on_validation,우선 점검 후보
2023-05-07,AST-5003,A2,0,0.003204303731456,6.252782531838579e-12,6.29283719740304e-15,MRO-10046;MRO-10047;MRO-20031,MRO-10046;MRO-10047;MRO-20031,EOT Crane,DHR-03,train,12,normal,normal,approved_on_validation,우선 점검 후보
2023-05-07,AST-5007,A2,0,0.0032284850558916,6.574265844544979e-12,6.597712552914972e-15,MRO-10045;MRO-10046;MRO-10047,MRO-10045;MRO-10046;MRO-10047,EOT Crane,PUN-01,train,12,normal,normal,approved_on_validation,우선 점검 후보
2023-05-08,AST-1041,A2,9,6.2961988018524355,0.1167743728232575,0.0752113154523795,MRO-80001;MRO-10045;MRO-10046,MRO-80001;MRO-10045;MRO-10046,CNC Lathe,PUN-01,train,12,risk,risk,approved_on_validation,우선 점검 후보
2023-05-08,AST-1042,A2,4,5.7452532233164275,0.0898049885256439,0.055431681474969,MRO-10045;MRO-20031;MRO-80001,MRO-10045;MRO-20031;MRO-80001,CNC Lathe,PUN-01,train,12,caution,caution,approved_on_validation,우선 점검 후보
2023-05-08,AST-2017,A2,8,8.265868144182491,0.2384412280972703,0.1723167941842879,MRO-80001;MRO-10046;MRO-10045,MRO-80001;MRO-10046;MRO-10045,Hydraulic Press,PUN-01,train,12,risk,risk,approved_on_validation,우선 점검 후보
2023-05-08,AST-2031,A2,12,7.210563467076983,0.1672510785990184,0.1158028741050573,MRO-50009;MRO-80001;MRO-10046,MRO-50009;MRO-80001;MRO-10046,Hydraulic Press,CHN-02,train,12,high_risk,risk,approved_on_validation,우선 점검 후보
2023-05-08,AST-3008,A2,8,6.3556721576772315,0.1190938789549948,0.077106372643738,MRO-20033;MRO-20031;MRO-10046,MRO-20031;MRO-10046;MRO-50009,Belt Conveyor,CHN-02,train,12,risk,risk,approved_on_validation,우선 점검 후보
2023-05-08,AST-3019,A2,12,5.794027817717427,0.0913447605330047,0.0571836314283008,MRO-50009;MRO-10045;MRO-10046,MRO-50009;MRO-10045;MRO-10046,Belt Conveyor,CHN-02,train,12,high_risk,caution,approved_on_validation,우선 점검 후보
2023-05-08,AST-4055,A2,4,7.490458255044314,0.1886408167052056,0.1287807939970856,MRO-80001;MRO-10047;MRO-20031,MRO-80001;MRO-10047;MRO-20031,Screw Compressor,DHR-03,train,12,caution,risk,approved_on_validation,우선 점검 후보
2023-05-08,AST-4061,A2,6,6.5281423523440605,0.1297604844810296,0.0848624237813266,MRO-10046;MRO-10047;MRO-20031,MRO-10046;MRO-10047;MRO-20031,Screw Compressor,DHR-03,train,12,risk,risk,approved_on_validation,우선 점검 후보
2023-05-08,AST-5003,A2,12,7.8627360946498115,0.2104824813704252,0.1483069748637918,MRO-10045;MRO-50009;MRO-10047,MRO-10045;MRO-50009;MRO-10047,EOT Crane,DHR-03,train,12,high_risk,risk,approved_on_validation,우선 점검 후보
2023-05-08,AST-5007,A2,7,5.127692329642377,0.0620362321829025,0.0367522669594476,MRO-20031;MRO-50009;MRO-40022,MRO-20031;MRO-50009;MRO-10046,EOT Crane,PUN-01,train,12,risk,caution,approved_on_validation,우선 점검 후보
2023-05-09,AST-1041,A2,9,6.11168110762807,0.1063478938454469,0.0676286468055379,MRO-10047;MRO-80001;MRO-10045,MRO-10047;MRO-80001;MRO-10045,CNC Lathe,PUN-01,train,12,risk,risk,approved_on_validation,우선 점검 후보
2023-05-09,AST-1042,A2,0,5.869847758971135,0.0953701984232524,0.0595115106951987,MRO-80001;MRO-20031;MRO-10047,MRO-80001;MRO-20031;MRO-10047,CNC Lathe,PUN-01,train,12,normal,risk,approved_on_validation,우선 점검 후보
2023-05-09,AST-2017,A2,3,8.209589800458271,0.2352053736073492,0.1692753536274679,MRO-10047;MRO-80001;MRO-10046,MRO-10047;MRO-80001;MRO-10046,Hydraulic Press,PUN-01,train,12,caution,risk,approved_on_validation,우선 점검 후보
2023-05-09,AST-2031,A2,4,7.288793304971867,0.1740263935118915,0.1195770760185512,MRO-80001;MRO-50009;MRO-10047,MRO-80001;MRO-50009;MRO-10047,Hydraulic Press,CHN-02,train,12,caution,risk,approved_on_validation,우선 점검 후보
2023-05-09,AST-3008,A2,0,5.9514711495792465,0.0989262380377519,0.0623961876129606,MRO-50009;MRO-20031;MRO-10045,MRO-50009;MRO-20031;MRO-10045,Belt Conveyor,CHN-02,train,12,normal,risk,approved_on_validation,우선 점검 후보
2023-05-09,AST-3019,A2,4,5.588710715897466,0.0827521070249263,0.0504940602560575,MRO-50009;MRO-20031;MRO-80001,MRO-50009;MRO-20031;MRO-80001,Belt Conveyor,CHN-02,train,12,caution,caution,approved_on_validation,우선 점검 후보
2023-05-09,AST-4055,A2,2,7.396224543558084,0.1806670677622597,0.1246082883791632,MRO-80001;MRO-10046;MRO-50009,MRO-80001;MRO-10046;MRO-50009,Screw Compressor,DHR-03,train,12,caution,risk,approved_on_validation,우선 점검 후보
2023-05-09,AST-4061,A2,2,6.8158037411767785,0.1454138660097794,0.0963708009205695,MRO-80001;MRO-10045;MRO-50009,MRO-80001;MRO-10045;MRO-50009,Screw Compressor,DHR-03,train,12,caution,risk,approved_on_validation,우선 점검 후보
2023-05-09,AST-5003,A2,0,6.900113619525119,0.147768665503502,0.0998582116534177,MRO-20031;MRO-50009;MRO-10045,MRO-20031;MRO-50009;MRO-10045,EOT Crane,DHR-03,train,12,normal,risk,approved_on_validation,우선 점검 후보
2023-05-09,AST-5007,A2,2,5.094748447931745,0.0616410360625544,0.0361100117556872,MRO-20031;MRO-50009;MRO-10045,MRO-20031;MRO-50009;MRO-10045,EOT Crane,PUN-01,train,12,caution,caution,approved_on_validation,우선 점검 후보
2023-05-10,AST-1041,A2,8,5.745585658932347,0.0881819430416943,0.0545335027056499,MRO-10046;MRO-10045;MRO-10047,MRO-10046;MRO-10045;MRO-10047,CNC Lathe,PUN-01,train,12,risk,caution,approved_on_validation,우선 점검 후보
2023-05-10,AST-1042,A2,3,5.765706616741035,0.0903570571914988,0.0561831808018823,MRO-20031;MRO-10047;MRO-10045,MRO-20031;MRO-10047;MRO-10045,CNC Lathe,PUN-01,train,12,caution,caution,approved_on_validation,우선 점검 후보
2023-05-10,AST-2017,A2,16,8.713682503370958,0.2732263589718485,0.2007238233227571,MRO-80001;MRO-10046;MRO-10045,MRO-80001;MRO-10046;MRO-10045,Hydraulic Press,PUN-01,train,12,high_risk,risk,approved_on_validation,우선 점검 후보
2023-05-10,AST-2031,A2,6,7.378076273419027,0.1783578934636557,0.1237185765270175,MRO-10046;MRO-10047;MRO-50009,MRO-10046;MRO-10047;MRO-50009,Hydraulic Press,CHN-02,train,12,risk,risk,approved_on_validation,우선 점검 후보
2023-05-10,AST-3008,A2,11,6.314664945983741,0.1164825788147565,0.0752271446201587,MRO-50009;MRO-10046;MRO-60016,MRO-50009;MRO-10046;MRO-20031,Belt Conveyor,CHN-02,train,12,risk,risk,approved_on_validation,우선 점검 후보
2023-05-10,AST-3019,A2,7,5.470624356230731,0.0783092650408344,0.0470248798217779,MRO-50009;MRO-10046;MRO-20031,MRO-50009;MRO-10046;MRO-20031,Belt Conveyor,CHN-02,train,12,risk,caution,approved_on_validation,우선 점검 후보
2023-05-10,AST-4055,A2,2,7.772576935387687,0.2076999297924457,0.1438680689814552,MRO-50009;MRO-10046;MRO-80001,MRO-50009;MRO-10046;MRO-80001,Screw Compressor,DHR-03,train,12,caution,risk,approved_on_validation,우선 점검 후보
2023-05-10,AST-4061,A2,5,6.4640992199883,0.1260714833285839,0.0820892258960186,MRO-10045;MRO-50009;MRO-10046,MRO-10045;MRO-50009;MRO-10046,Screw Compressor,DHR-03,train,12,caution,risk,approved_on_validation,우선 점검 후보
2023-05-10,AST-5003,A2,12,8.536016109876618,0.2588785645366429,0.1893154465544563,MRO-50009;MRO-20031;MRO-10045,MRO-50009;MRO-20031;MRO-10045,EOT Crane,DHR-03,train,12,high_risk,risk,approved_on_validation,우선 점검 후보
2023-05-10,AST-5007,A2,4,5.231646063108335,0.0652134360161965,0.0395639477464467,MRO-50009;MRO-20031;MRO-10045,MRO-50009;MRO-20031;MRO-10045,EOT Crane,PUN-01,train,12,caution,caution,approved_on_validation,우선 점검 후보
2023-05-11,AST-1041,A2,10,8.518774118399676,0.2559902883578347,0.1886019968846673,MRO-10047;MRO-10046;MRO-20031,MRO-10047;MRO-10046;MRO-20031,CNC Lathe,PUN-01,train,12,risk,risk,approved_on_validation,우선 점검 후보
2023-05-11,AST-1042,A2,2,5.8782115184933135,0.0942066727057407,0.0583140285098072,MRO-40022;MRO-80001;MRO-20031,MRO-80001;MRO-20031;MRO-10046,CNC Lathe,PUN-01,train,12,caution,risk,approved_on_validation,우선 점검 후보
2023-05-11,AST-2017,A2,7,8.610254234912869,0.2628146365533212,0.193869255993997,MRO-10046;MRO-80001;MRO-10047,MRO-10046;MRO-80001;MRO-10047,Hydraulic Press,PUN-01,train,12,risk,risk,approved_on_validation,우선 점검 후보
2023-05-11,AST-2031,A2,4,7.74222349447922,0.1996494555183844,0.1435135721101434,MRO-10046;MRO-10047;MRO-50009,MRO-10046;MRO-10047;MRO-50009,Hydraulic Press,CHN-02,train,12,caution,risk,approved_on_validation,우선 점검 후보
2023-05-11,AST-3008,A2,3,6.16348915674034,0.1096794936656666,0.0700780881037422,MRO-10046;MRO-10045;MRO-50009,MRO-10046;MRO-10045;MRO-50009,Belt Conveyor,CHN-02,train,12,caution,risk,approved_on_validation,우선 점검 후보
2023-05-11,AST-3019,A2,4,5.315942983014093,0.071666665747226,0.0428185795509474,MRO-10047;MRO-50009;MRO-10046,MRO-10047;MRO-50009;MRO-10046,Belt Conveyor,CHN-02,train,12,caution,caution,approved_on_validation,우선 점검 후보
2023-05-11,AST-4055,A2,6,7.416130265791817,0.1819500842497797,0.125730715748844,MRO-10046;MRO-80001;MRO-10047,MRO-10046;MRO-80001;MRO-10047,Screw Compressor,DHR-03,train,12,risk,risk,approved_on_validation,우선 점검 후보
2023-05-11,AST-4061,A2,2,6.2947245000347305,0.1168908799300444,0.0748996006154,MRO-10045;MRO-80001;MRO-50009,MRO-10045;MRO-80001;MRO-50009,Screw Compressor,DHR-03,train,12,caution,risk,approved_on_validation,우선 점검 후보
2023-05-11,AST-5003,A2,1,7.571018244056107,0.1894675583800321,0.1319572645539375,MRO-10046;MRO-20031;MRO-50009,MRO-10046;MRO-20031;MRO-50009,EOT Crane,DHR-03,train,12,caution,risk,approved_on_validation,우선 점검 후보
2023-05-11,AST-5007,A2,5,5.614709106229872,0.0811278579755816,0.0503312581066741,MRO-80001;MRO-50009;MRO-50008,MRO-80001;MRO-50009;MRO-10045,EOT Crane,PUN-01,train,12,caution,caution,approved_on_validation,우선 점검 후보
2023-05-12,AST-1041,A2,3,6.073523839882858,0.1057673009863995,0.0667782598743649,MRO-10046;MRO-10047;MRO-20031,MRO-10046;MRO-10047;MRO-20031,CNC Lathe,PUN-01,train,12,caution,risk,approved_on_validation,우선 점검 후보
2023-05-12,AST-1042,A2,4,5.666791565549132,0.0866799981125884,0.0525771619394029,MRO-80001;MRO-10046;MRO-10045,MRO-80001;MRO-10046;MRO-10045,CNC Lathe,PUN-01,train,12,caution,caution,approved_on_validation,우선 점검 후보
2023-05-12,AST-2017,A2,5,8.768789848541637,0.2743087955627794,0.2046612723199003,MRO-10046;MRO-80001;MRO-10047,MRO-10046;MRO-80001;MRO-10047,Hydraulic Press,PUN-01,train,12,caution,risk,approved_on_validation,우선 점검 후보
2023-05-12,AST-2031,A2,10,7.502719395079227,0.1869671362995431,0.1305955253595324,MRO-80001;MRO-10047;MRO-50009,MRO-80001;MRO-10047;MRO-50009,Hydraulic Press,CHN-02,train,12,risk,risk,approved_on_validation,우선 점검 후보
2023-05-12,AST-3008,A2,5,6.192365861986353,0.1099188464115267,0.0707318063709616,MRO-10046;MRO-10045;MRO-50009,MRO-10046;MRO-10045;MRO-50009,Belt Conveyor,CHN-02,train,12,caution,risk,approved_on_validation,우선 점검 후보
2023-05-12,AST-3019,A2,6,5.388203500215686,0.0755773019847174,0.0450312504513976,MRO-80001;MRO-10047;MRO-50009,MRO-80001;MRO-10047;MRO-50009,Belt Conveyor,CHN-02,train,12,risk,caution,approved_on_validation,우선 점검 후보
2023-05-12,AST-4055,A2,12,8.866601719055156,0.2813647080551619,0.2088879633144523,MRO-80001;MRO-50009;MRO-10047,MRO-80001;MRO-50009;MRO-10047,Screw Compressor,DHR-03,train,12,high_risk,risk,approved_on_validation,우선 점검 후보
2023-05-12,AST-4061,A2,9,7.051466032251856,0.1592416648569052,0.1076020463798446,MRO-10045;MRO-50009;MRO-20031,MRO-10045;MRO-50009;MRO-20031,Screw Compressor,DHR-03,train,12,risk,risk,approved_on_validation,우선 점검 후보
2023-05-12,AST-5003,A2,12,7.63795332161661,0.1944509574890969,0.1371984598774852,MRO-10046;MRO-50009;MRO-20031,MRO-10046;MRO-50009;MRO-20031,EOT Crane,DHR-03,train,12,high_risk,risk,approved_on_validation,우선 점검 후보
2023-05-12,AST-5007,A2,8,5.417594748622029,0.0734721217862655,0.0445914081388337,MRO-50009;MRO-80001;MRO-40022,MRO-50009;MRO-80001;MRO-10045,EOT Crane,PUN-01,train,12,risk,caution,approved_on_validation,우선 점검 후보
2023-05-13,AST-1041,A2,0,0.002940062760136,4.833997624517508e-12,4.50247742665264e-15,MRO-70004;MRO-10045;MRO-10046,MRO-10045;MRO-10046;MRO-50009,CNC Lathe,PUN-01,train,12,normal,normal,approved_on_validation,우선 점검 후보
2023-05-13,AST-1042,A2,0,0.0032373737466419,6.5762934942869535e-12,6.6580243221267825e-15,MRO-50009;MRO-10045;MRO-10046,MRO-50009;MRO-10045;MRO-10046,CNC Lathe,PUN-01,train,12,normal,normal,approved_on_validation,우선 점검 후보
2023-05-13,AST-2017,A2,0,0.0032282608415014,6.108377982080928e-12,6.294535275918436e-15,MRO-30011;MRO-40021;MRO-20032,MRO-50009;MRO-10045;MRO-80001,Hydraulic Press,PUN-01,train,12,normal,normal,approved_on_validation,우선 점검 후보
2023-05-13,AST-2031,A2,0,0.0032632396300139,6.669447586075151e-12,6.911160611829567e-15,MRO-70005;MRO-90011;MRO-90012,MRO-10047;MRO-10045;MRO-10046,Hydraulic Press,CHN-02,train,12,normal,normal,approved_on_validation,우선 점검 후보
2023-05-13,AST-3008,A2,0,0.0032691262718095,6.492031474186836e-12,6.857159765815757e-15,MRO-70005;MRO-90012;MRO-20032,MRO-10046;MRO-10047;MRO-20031,Belt Conveyor,CHN-02,train,12,normal,normal,approved_on_validation,우선 점검 후보
2023-05-13,AST-3019,A2,0,0.00318000099842,6.525642515584469e-12,6.4012845659662605e-15,MRO-10045;MRO-10046;MRO-10047,MRO-10045;MRO-10046;MRO-10047,Belt Conveyor,CHN-02,train,12,normal,normal,approved_on_validation,우선 점검 후보
2023-05-13,AST-4055,A2,0,0.0033536111721056,6.89807537664476e-12,7.291391782398136e-15,MRO-60016;MRO-20031;MRO-10045,MRO-20031;MRO-10045;MRO-10047,Screw Compressor,DHR-03,train,12,normal,normal,approved_on_validation,우선 점검 후보
2023-05-13,AST-4061,A2,0,0.0032756326652476,6.768892259385503e-12,6.947378364201503e-15,MRO-50009;MRO-20033;MRO-80002,MRO-50009;MRO-10045;MRO-10046,Screw Compressor,DHR-03,train,12,normal,normal,approved_on_validation,우선 점검 후보
2023-05-13,AST-5003,A2,0,0.0035376892814607,1.226539575360037e-11,1.1859684112457235e-14,MRO-80001;MRO-10046;MRO-10045,MRO-80001;MRO-10046;MRO-10045,EOT Crane,DHR-03,train,12,normal,normal,approved_on_validation,우선 점검 후보
2023-05-13,AST-5007,A2,0,0.0032923696719493,6.9648713013479356e-12,7.170151130808671e-15,MRO-90011;MRO-50009;MRO-20032,MRO-50009;MRO-10046;MRO-10045,EOT Crane,PUN-01,train,12,normal,normal,approved_on_validation,우선 점검 후보
2023-05-14,AST-1041,A2,0,0.0032366172693694,6.5742543954942784e-12,6.6530533326698056e-15,MRO-10045;MRO-10046;MRO-10047,MRO-10045;MRO-10046;MRO-10047,CNC Lathe,PUN-01,train,12,normal,normal,approved_on_validation,우선 점검 후보
2023-05-14,AST-1042,A2,0,0.002924179083741,4.832828046661969e-12,4.42363000478261e-15,MRO-10045;MRO-10046;MRO-10047,MRO-10045;MRO-10046;MRO-10047,CNC Lathe,PUN-01,train,12,normal,normal,approved_on_validation,우선 점검 후보
2023-05-14,AST-2017,A2,0,0.0032608447805805,6.354018322261201e-12,6.598777211367166e-15,MRO-30011;MRO-40021;MRO-20032,MRO-50009;MRO-10045;MRO-10047,Hydraulic Press,PUN-01,train,12,normal,normal,approved_on_validation,우선 점검 후보
2023-05-14,AST-2031,A2,0,0.0034229733469607,9.016534893519054e-12,9.183895661720607e-15,MRO-10047;MRO-20031;MRO-70004,MRO-10047;MRO-20031;MRO-10045,Hydraulic Press,CHN-02,train,12,normal,normal,approved_on_validation,우선 점검 후보
2023-05-14,AST-3008,A2,0,0.0032196592304216,6.6015898390077385e-12,6.563907791463944e-15,MRO-10046;MRO-10047;MRO-20031,MRO-10046;MRO-10047;MRO-20031,Belt Conveyor,CHN-02,train,12,normal,normal,approved_on_validation,우선 점검 후보
2023-05-14,AST-3019,A2,0,0.0032032417304411,6.533232065124026e-12,6.442964563295428e-15,MRO-10045;MRO-10046;MRO-10047,MRO-10045;MRO-10046;MRO-10047,Belt Conveyor,CHN-02,train,12,normal,normal,approved_on_validation,우선 점검 후보
2023-05-14,AST-4055,A2,0,0.0033554986436749,6.9090605431970945e-12,7.307650192054185e-15,MRO-60016;MRO-20031;MRO-10045,MRO-20031;MRO-10045;MRO-10046,Screw Compressor,DHR-03,train,12,normal,normal,approved_on_validation,우선 점검 후보
2023-05-14,AST-4061,A2,0,0.0032447901998405,6.598123812651215e-12,6.703072307051032e-15,MRO-10045;MRO-10046;MRO-10047,MRO-10045;MRO-10046;MRO-10047,Screw Compressor,DHR-03,train,12,normal,normal,approved_on_validation,우선 점검 후보
2023-05-14,AST-5003,A2,0,0.0034921576205098,1.2185059339385205e-11,1.1277411813687798e-14,MRO-80001;MRO-10046;MRO-10045,MRO-80001;MRO-10046;MRO-10045,EOT Crane,DHR-03,train,12,normal,normal,approved_on_validation,우선 점검 후보
2023-05-14,AST-5007,A2,0,0.0032526988941327,6.533818915039583e-12,6.747715013401717e-15,MRO-90011;MRO-10045;MRO-10047,MRO-10045;MRO-10047;MRO-20031,EOT Crane,PUN-01,train,12,normal,normal,approved_on_validation,우선 점검 후보
2023-05-15,AST-1041,A2,6,5.957433949891983,0.0994432646254601,0.0631786821560954,MRO-10046;MRO-10047;MRO-20031,MRO-10046;MRO-10047;MRO-20031,CNC Lathe,PUN-01,train,12,risk,risk,approved_on_validation,우선 점검 후보
2023-05-15,AST-1042,A2,8,6.129096402668932,0.1079951978159795,0.0694296336719985,MRO-50009;MRO-80001;MRO-10045,MRO-50009;MRO-80001;MRO-10045,CNC Lathe,PUN-01,train,12,risk,risk,approved_on_validation,우선 점검 후보
2023-05-15,AST-2017,A2,12,8.143228155194175,0.2301106609526002,0.1654580488933139,MRO-80001;MRO-10046;MRO-10045,MRO-80001;MRO-10046;MRO-10045,Hydraulic Press,PUN-01,train,12,high_risk,risk,approved_on_validation,우선 점검 후보
2023-05-15,AST-2031,A2,8,7.155351323684021,0.1629566693136327,0.1132578974291374,MRO-20031;MRO-10047;MRO-70004,MRO-20031;MRO-10047;MRO-10046,Hydraulic Press,CHN-02,train,12,risk,risk,approved_on_validation,우선 점검 후보
2023-05-15,AST-3008,A2,3,6.334373998083659,0.1188817467334796,0.0768787227885255,MRO-10045;MRO-10046;MRO-50009,MRO-10045;MRO-10046;MRO-50009,Belt Conveyor,CHN-02,train,12,caution,risk,approved_on_validation,우선 점검 후보
2023-05-15,AST-3019,A2,7,5.77961964308578,0.0864322867892348,0.0566079646745712,MRO-70005;MRO-10045;MRO-50009,MRO-10045;MRO-50009;MRO-10046,Belt Conveyor,CHN-02,train,12,risk,caution,approved_on_validation,우선 점검 후보
2023-05-15,AST-4055,A2,10,10.715657740177347,0.4252893373857305,0.3397927034521594,MRO-10045;MRO-50009;MRO-10047,MRO-10045;MRO-50009;MRO-10047,Screw Compressor,DHR-03,train,12,risk,risk,approved_on_validation,우선 점검 후보
2023-05-15,AST-4061,A2,4,6.318667312222323,0.116457160545402,0.0750738139118845,MRO-50009;MRO-10045;MRO-10046,MRO-50009;MRO-10045;MRO-10046,Screw Compressor,DHR-03,train,12,caution,risk,approved_on_validation,우선 점검 후보
2023-05-15,AST-5003,A2,2,7.230283203029936,0.165047099654989,0.1139299360158693,MRO-40021;MRO-20033;MRO-10046,MRO-10046;MRO-10045;MRO-50009,EOT Crane,DHR-03,train,12,caution,risk,approved_on_validation,우선 점검 후보
2023-05-15,AST-5007,A2,7,5.921814719796156,0.0936451929640482,0.0599102706382645,MRO-10047;MRO-90011;MRO-40022,MRO-10047;MRO-50009;MRO-10046,EOT Crane,PUN-01,train,12,risk,caution,approved_on_validation,우선 점검 후보
2023-05-16,AST-1041,A2,4,6.197813147570693,0.1114936981680546,0.0712241620938345,MRO-20031;MRO-10047;MRO-10046,MRO-20031;MRO-10047;MRO-10046,CNC Lathe,PUN-01,train,12,caution,risk,approved_on_validation,우선 점검 후보
2023-05-16,AST-1042,A2,16,6.056005618034496,0.1047239586188087,0.0657949733743861,MRO-20031;MRO-50009;MRO-80001,MRO-20031;MRO-50009;MRO-80001,CNC Lathe,PUN-01,train,12,high_risk,risk,approved_on_validation,우선 점검 후보
2023-05-16,AST-2017,A2,2,8.088208128842574,0.2266423844025183,0.1622516821613839,MRO-80001;MRO-20031;MRO-10046,MRO-80001;MRO-20031;MRO-10046,Hydraulic Press,PUN-01,train,12,caution,risk,approved_on_validation,우선 점검 후보
2023-05-16,AST-2031,A2,3,7.445552389891389,0.1806469989097719,0.1269244428170736,MRO-70004;MRO-10046;MRO-10047,MRO-10046;MRO-10047;MRO-20031,Hydraulic Press,CHN-02,train,12,caution,risk,approved_on_validation,우선 점검 후보
2023-05-16,AST-3008,A2,4,6.10058440649247,0.1047920354307607,0.067915462462391,MRO-20031;MRO-10046;MRO-50009,MRO-20031;MRO-10046;MRO-50009,Belt Conveyor,CHN-02,train,12,caution,risk,approved_on_validation,우선 점검 후보
2023-05-16,AST-3019,A2,1,5.248089121973828,0.0682030839736012,0.040784495923918,MRO-10046;MRO-80001;MRO-10047,MRO-10046;MRO-80001;MRO-10047,Belt Conveyor,CHN-02,train,12,caution,caution,approved_on_validation,우선 점검 후보
2023-05-16,AST-4055,A2,12,7.957792224195817,0.217505700639977,0.1547227962272623,MRO-20031;MRO-80001;MRO-10046,MRO-20031;MRO-80001;MRO-10046,Screw Compressor,DHR-03,train,12,high_risk,risk,approved_on_validation,우선 점검 후보
2023-05-16,AST-4061,A2,8,6.449168258033679,0.1245100407324218,0.0809854609631481,MRO-50009;MRO-10045;MRO-10046,MRO-50009;MRO-10045;MRO-10046,Screw Compressor,DHR-03,train,12,risk,risk,approved_on_validation,우선 점검 후보
2023-05-16,AST-5003,A2,9,7.6044759213615025,0.193213400382384,0.135336358174922,MRO-10045;MRO-10046;MRO-50009,MRO-10045;MRO-10046;MRO-50009,EOT Crane,DHR-03,train,12,risk,risk,approved_on_validation,우선 점검 후보
2023-05-16,AST-5007,A2,3,4.680853477668323,0.0459391976275514,0.0260329648310919,MRO-10047;MRO-30011;MRO-40022,MRO-10047;MRO-10046;MRO-50009,EOT Crane,PUN-01,train,12,caution,caution,approved_on_validation,우선 점검 후보
2023-05-17,AST-1041,A2,5,6.747809008168048,0.1398856497640633,0.0927072417707668,MRO-10046;MRO-10047;MRO-10045,MRO-10046;MRO-10047;MRO-10045,CNC Lathe,PUN-01,train,12,caution,risk,approved_on_validation,우선 점검 후보
2023-05-17,AST-1042,A2,3,5.9919634505309105,0.1017837382971576,0.0636926394798746,MRO-20031;MRO-50009;MRO-10045,MRO-20031;MRO-50009;MRO-10045,CNC Lathe,PUN-01,train,12,caution,risk,approved_on_validation,우선 점검 후보
2023-05-17,AST-2017,A2,10,8.796177334485073,0.2762509584052094,0.2053600774505277,MRO-80001;MRO-20031;MRO-10045,MRO-80001;MRO-20031;MRO-10045,Hydraulic Press,PUN-01,train,12,risk,risk,approved_on_validation,우선 점검 후보
2023-05-17,AST-2031,A2,5,7.170592480223511,0.1663048073374001,0.113462096765779,MRO-10046;MRO-20031;MRO-50009,MRO-10046;MRO-20031;MRO-50009,Hydraulic Press,CHN-02,train,12,caution,risk,approved_on_validation,우선 점검 후보
2023-05-17,AST-3008,A2,14,6.079042688029684,0.1030412190847674,0.0663247585525576,MRO-80002;MRO-10045;MRO-20031,MRO-10045;MRO-20031;MRO-10046,Belt Conveyor,CHN-02,train,12,high_risk,risk,approved_on_validation,우선 점검 후보
2023-05-17,AST-3019,A2,6,5.531397251871474,0.0787799132160869,0.0485612464759749,MRO-30012;MRO-10047;MRO-80001,MRO-10047;MRO-80001;MRO-20031,Belt Conveyor,CHN-02,train,12,risk,caution,approved_on_validation,우선 점검 후보
2023-05-17,AST-4055,A2,8,8.728209309183011,0.2747889816277116,0.1997971059143072,MRO-10045;MRO-20031;MRO-10047,MRO-10045;MRO-20031;MRO-10047,Screw Compressor,DHR-03,train,12,risk,risk,approved_on_validation,우선 점검 후보
2023-05-17,AST-4061,A2,12,6.577396842800458,0.1328348743031191,0.0864498897787416,MRO-10045;MRO-10046;MRO-50009,MRO-10045;MRO-10046;MRO-50009,Screw Compressor,DHR-03,train,12,high_risk,risk,approved_on_validation,우선 점검 후보
2023-05-17,AST-5003,A2,16,8.704489494774059,0.2711405375224587,0.1983949838160081,MRO-10046;MRO-10047;MRO-10045,MRO-10046;MRO-10047;MRO-10045,EOT Crane,DHR-03,train,12,high_risk,risk,approved_on_validation,우선 점검 후보
2023-05-17,AST-5007,A2,6,5.6782932364533005,0.0858164295851029,0.0526407254710096,MRO-10047;MRO-10046;MRO-50009,MRO-10047;MRO-10046;MRO-50009,EOT Crane,PUN-01,train,12,risk,caution,approved_on_validation,우선 점검 후보
2023-05-18,AST-1041,A2,8,6.12424489072645,0.1082387567347341,0.0688460687605567,MRO-20031;MRO-10047;MRO-10045,MRO-20031;MRO-10047;MRO-10045,CNC Lathe,PUN-01,train,12,risk,risk,approved_on_validation,우선 점검 후보
2023-05-18,AST-1042,A2,5,5.769923766552278,0.0913046404894805,0.0556975486372449,MRO-20031;MRO-50009;MRO-80001,MRO-20031;MRO-50009;MRO-80001,CNC Lathe,PUN-01,train,12,caution,caution,approved_on_validation,우선 점검 후보
2023-05-18,AST-2017,A2,6,8.157779570381953,0.231716934574154,0.1664772293291782,MRO-80001;MRO-20031;MRO-10046,MRO-80001;MRO-20031;MRO-10046,Hydraulic Press,PUN-01,train,12,risk,risk,approved_on_validation,우선 점검 후보
2023-05-18,AST-2031,A2,4,6.949815633825451,0.1533970633314023,0.1031598069982071,MRO-20031;MRO-10047;MRO-50009,MRO-20031;MRO-10047;MRO-50009,Hydraulic Press,CHN-02,train,12,caution,risk,approved_on_validation,우선 점검 후보
2023-05-18,AST-3008,A2,14,6.51514004353739,0.128420918412735,0.0845006922596299,MRO-10045;MRO-10047;MRO-20031,MRO-10045;MRO-10047;MRO-20031,Belt Conveyor,CHN-02,train,12,high_risk,risk,approved_on_validation,우선 점검 후보
2023-05-18,AST-3019,A2,6,5.215171469389935,0.0685352398825679,0.0403188839037369,MRO-10046;MRO-20031;MRO-80001,MRO-10046;MRO-20031;MRO-80001,Belt Conveyor,CHN-02,train,12,risk,caution,approved_on_validation,우선 점검 후보
2023-05-18,AST-4055,A2,2,8.024992975069372,0.2248953204807703,0.1582261617901474,MRO-10046;MRO-10045;MRO-10047,MRO-10046;MRO-10045;MRO-10047,Screw Compressor,DHR-03,train,12,caution,risk,approved_on_validation,우선 점검 후보
2023-05-18,AST-4061,A2,3,6.545942766307543,0.1298399976779891,0.0842684027345184,MRO-80001;MRO-10045;MRO-10046,MRO-80001;MRO-10045;MRO-10046,Screw Compressor,DHR-03,train,12,caution,risk,approved_on_validation,우선 점검 후보
2023-05-18,AST-5003,A2,10,7.868475233023532,0.2138253529229444,0.1506210666645537,MRO-10045;MRO-10046;MRO-10047,MRO-10045;MRO-10046;MRO-10047,EOT Crane,DHR-03,train,12,risk,risk,approved_on_validation,우선 점검 후보
2023-05-18,AST-5007,A2,4,5.982362988620284,0.0973342760203117,0.062188437899492,MRO-10047;MRO-10046;MRO-50009,MRO-10047;MRO-10046;MRO-50009,EOT Crane,PUN-01,train,12,caution,risk,approved_on_validation,우선 점검 후보
2023-05-19,AST-1041,A2,2,6.250395256261663,0.1147669913180294,0.0735899048426895,MRO-10047;MRO-20031;MRO-10045,MRO-10047;MRO-20031;MRO-10045,CNC Lathe,PUN-01,train,12,caution,risk,approved_on_validation,우선 점검 후보
2023-05-19,AST-1042,A2,6,6.107329226938112,0.1068032516813892,0.0678119384060966,MRO-10045;MRO-20031;MRO-50009,MRO-10045;MRO-20031;MRO-50009,CNC Lathe,PUN-01,train,12,risk,risk,approved_on_validation,우선 점검 후보
2023-05-19,AST-2017,A2,10,8.693077513429053,0.2692102027240927,0.1994739207777591,MRO-80001;MRO-20031;MRO-10046,MRO-80001;MRO-20031;MRO-10046,Hydraulic Press,PUN-01,train,12,risk,risk,approved_on_validation,우선 점검 후보
2023-05-19,AST-2031,A2,15,7.479168795129754,0.183988124608555,0.1294379887196015,MRO-20031;MRO-50009;MRO-10046,MRO-20031;MRO-50009;MRO-10046,Hydraulic Press,CHN-02,train,12,high_risk,risk,approved_on_validation,우선 점검 후보
2023-05-19,AST-3008,A2,11,6.877560643378442,0.1471000345741863,0.1013131617581555,MRO-70004;MRO-80001;MRO-10046,MRO-80001;MRO-10046;MRO-10047,Belt Conveyor,CHN-02,train,12,risk,risk,approved_on_validation,우선 점검 후보
2023-05-19,AST-3019,A2,4,5.47999426669206,0.0796349282729877,0.0472134665379553,MRO-80001;MRO-20031;MRO-10046,MRO-80001;MRO-20031;MRO-10046,Belt Conveyor,CHN-02,train,12,caution,caution,approved_on_validation,우선 점검 후보
2023-05-19,AST-4055,A2,7,7.847073416386817,0.2106493033608591,0.1476958070660737,MRO-10047;MRO-10045;MRO-10046,MRO-10047;MRO-10045;MRO-10046,Screw Compressor,DHR-03,train,12,risk,risk,approved_on_validation,우선 점검 후보
2023-05-19,AST-4061,A2,10,6.234783422949276,0.1134705264460157,0.0730029630717243,MRO-80001;MRO-10045;MRO-10046,MRO-80001;MRO-10045;MRO-10046,Screw Compressor,DHR-03,train,12,risk,risk,approved_on_validation,우선 점검 후보
2023-05-19,AST-5003,A2,8,7.407510697672387,0.1795390327432242,0.1234098543582615,MRO-10046;MRO-10047;MRO-20031,MRO-10046;MRO-10047;MRO-20031,EOT Crane,DHR-03,train,12,risk,risk,approved_on_validation,우선 점검 후보
2023-05-19,AST-5007,A2,4,5.682274884702011,0.0870153673979955,0.0529325340617561,MRO-10047;MRO-10046;MRO-50009,MRO-10047;MRO-10046;MRO-50009,EOT Crane,PUN-01,train,12,caution,caution,approved_on_validation,우선 점검 후보
2023-05-20,AST-1041,A2,0,0.0028532741356351,4.52100298181501e-12,4.021327228168134e-15,MRO-10045;MRO-10046;MRO-20031,MRO-10045;MRO-10046;MRO-20031,CNC Lathe,PUN-01,train,12,normal,normal,approved_on_validation,우선 점검 후보
2023-05-20,AST-1042,A2,0,0.0032616136885881,6.576772508282387e-12,6.7373060633412785e-15,MRO-40021;MRO-50009;MRO-10045,MRO-50009;MRO-10045;MRO-10046,CNC Lathe,PUN-01,train,12,normal,normal,approved_on_validation,우선 점검 후보
2023-05-20,AST-2017,A2,0,0.0033232508104821,6.8630845901617825e-12,7.166992375786771e-15,MRO-60015;MRO-50008;MRO-10046,MRO-10046;MRO-10045;MRO-10047,Hydraulic Press,PUN-01,train,12,normal,normal,approved_on_validation,우선 점검 후보
2023-05-20,AST-2031,A2,0,0.0033334831745706,7.950535634539458e-12,7.989501739976248e-15,MRO-10047;MRO-10045;MRO-20031,MRO-10047;MRO-10045;MRO-20031,Hydraulic Press,CHN-02,train,12,normal,normal,approved_on_validation,우선 점검 후보
2023-05-20,AST-3008,A2,0,0.0032170951187491,6.5521936220254826e-12,6.528646454935839e-15,MRO-10045;MRO-20031;MRO-20033,MRO-10045;MRO-20031;MRO-10046,Belt Conveyor,CHN-02,train,12,normal,normal,approved_on_validation,우선 점검 후보
2023-05-20,AST-3019,A2,0,0.0032346014710452,6.508664843442474e-12,6.662473478876483e-15,MRO-90011;MRO-10045;MRO-10047,MRO-10045;MRO-10047;MRO-20031,Belt Conveyor,CHN-02,train,12,normal,normal,approved_on_validation,우선 점검 후보
2023-05-20,AST-4055,A2,0,0.0032900529599803,6.904027059900309e-12,7.077366451108252e-15,MRO-60016;MRO-20031;MRO-10045,MRO-20031;MRO-10045;MRO-10046,Screw Compressor,DHR-03,train,12,normal,normal,approved_on_validation,우선 점검 후보
2023-05-20,AST-4061,A2,0,0.0032728346194141,6.861905761176148e-12,6.995648509154966e-15,MRO-20031;MRO-50008;MRO-80001,MRO-20031;MRO-80001;MRO-10045,Screw Compressor,DHR-03,train,12,normal,normal,approved_on_validation,우선 점검 후보
2023-05-20,AST-5003,A2,0,0.0031805213014329,6.061278128652629e-12,6.073606509176065e-15,MRO-10045;MRO-10047;MRO-50009,MRO-10045;MRO-10047;MRO-50009,EOT Crane,DHR-03,train,12,normal,normal,approved_on_validation,우선 점검 후보
2023-05-20,AST-5007,A2,0,0.0032656214745594,6.964604394534142e-12,7.0292633129692554e-15,MRO-10046;MRO-10047;MRO-10045,MRO-10046;MRO-10047;MRO-10045,EOT Crane,PUN-01,train,12,normal,normal,approved_on_validation,우선 점검 후보
2023-05-21,AST-1041,A2,0,0.0029253051308831,4.854684962000717e-12,4.44127201011098e-15,MRO-10045;MRO-10046;MRO-10047,MRO-10045;MRO-10046;MRO-10047,CNC Lathe,PUN-01,train,12,normal,normal,approved_on_validation,우선 점검 후보
2023-05-21,AST-1042,A2,0,0.0032366178541352,6.567293688524341e-12,6.648755009221296e-15,MRO-10045;MRO-10046;MRO-10047,MRO-10045;MRO-10046;MRO-10047,CNC Lathe,PUN-01,train,12,normal,normal,approved_on_validation,우선 점검 후보
2023-05-21,AST-2017,A2,0,0.0033111297320001,7.2061398697932645e-12,7.387799372728432e-15,MRO-10046;MRO-10045;MRO-60015,MRO-10046;MRO-10045;MRO-10047,Hydraulic Press,PUN-01,train,12,normal,normal,approved_on_validation,우선 점검 후보
2023-05-21,AST-2031,A2,0,0.003294894984799,7.204610389531309e-12,7.344997523240604e-15,MRO-10046;MRO-10047;MRO-50009,MRO-10046;MRO-10047;MRO-50009,Hydraulic Press,CHN-02,train,12,normal,normal,approved_on_validation,우선 점검 후보
2023-05-21,AST-3008,A2,0,0.003234934573226,6.587491107983731e-12,6.659889256605955e-15,MRO-10045;MRO-10046;MRO-20031,MRO-10045;MRO-10046;MRO-20031,Belt Conveyor,CHN-02,train,12,normal,normal,approved_on_validation,우선 점검 후보
2023-05-21,AST-3019,A2,0,0.0032134153549845,6.526292864262486e-12,6.5088742761888146e-15,MRO-10045;MRO-10047;MRO-20031,MRO-10045;MRO-10047;MRO-20031,Belt Conveyor,CHN-02,train,12,normal,normal,approved_on_validation,우선 점검 후보
2023-05-21,AST-4055,A2,0,0.0032497752639081,6.647780194443361e-12,6.757543776126226e-15,MRO-10045;MRO-10046;MRO-10047,MRO-10045;MRO-10046;MRO-10047,Screw Compressor,DHR-03,train,12,normal,normal,approved_on_validation,우선 점검 후보
2023-05-21,AST-4061,A2,0,0.0032498365927392,6.648014614956543e-12,6.758546528117896e-15,MRO-80001;MRO-10045;MRO-10046,MRO-80001;MRO-10045;MRO-10046,Screw Compressor,DHR-03,train,12,normal,normal,approved_on_validation,우선 점검 후보
2023-05-21,AST-5003,A2,0,0.0033392161858462,7.330083734741037e-12,7.3111325427093e-15,MRO-40021;MRO-10046;MRO-10045,MRO-10046;MRO-40021;MRO-10045,EOT Crane,DHR-03,train,12,normal,normal,approved_on_validation,우선 점검 후보
2023-05-21,AST-5007,A2,0,0.0032525800628689,6.804971778664049e-12,6.865360063583492e-15,MRO-10047;MRO-10045;MRO-10046,MRO-10047;MRO-10045;MRO-10046,EOT Crane,PUN-01,train,12,normal,normal,approved_on_validation,우선 점검 후보
2023-05-22,AST-1041,A2,3,5.659856963079397,0.0831786388502869,0.0516370760645331,MRO-10047;MRO-20031;MRO-10045,MRO-10047;MRO-20031;MRO-10045,CNC Lathe,PUN-01,train,12,caution,caution,approved_on_validation,우선 점검 후보
2023-05-22,AST-1042,A2,2,5.989987503304752,0.1018733033963071,0.063611955880024,MRO-50009;MRO-10046;MRO-20031,MRO-50009;MRO-10046;MRO-20031,CNC Lathe,PUN-01,train,12,caution,risk,approved_on_validation,우선 점검 후보
2023-05-22,AST-2017,A2,10,8.113998630517138,0.2282205433885362,0.1637105989672782,MRO-80001;MRO-10045;MRO-20031,MRO-80001;MRO-10045;MRO-20031,Hydraulic Press,PUN-01,train,12,risk,risk,approved_on_validation,우선 점검 후보
2023-05-22,AST-2031,A2,7,7.372475936745873,0.1780619470815204,0.1241681627439986,MRO-80001;MRO-10046;MRO-10047,MRO-80001;MRO-10046;MRO-10047,Hydraulic Press,CHN-02,train,12,risk,risk,approved_on_validation,우선 점검 후보
2023-05-22,AST-3008,A2,22,10.422792886851452,0.4011700056956284,0.3213271666783004,MRO-10047;MRO-50009;MRO-10046,MRO-10047;MRO-50009;MRO-10046,Belt Conveyor,CHN-02,train,12,high_risk,risk,approved_on_validation,우선 점검 후보
2023-05-22,AST-3019,A2,7,5.659218111499253,0.0862666079166797,0.0525200903330011,MRO-40022;MRO-80001;MRO-10046,MRO-80001;MRO-10046;MRO-20031,Belt Conveyor,CHN-02,train,12,risk,caution,approved_on_validation,우선 점검 후보
2023-05-22,AST-4055,A2,8,7.736830809986111,0.2035825592490783,0.1414882503510934,MRO-50009;MRO-80001;MRO-10045,MRO-50009;MRO-80001;MRO-10045,Screw Compressor,DHR-03,train,12,risk,risk,approved_on_validation,우선 점검 후보
2023-05-22,AST-4061,A2,1,6.481166117131609,0.1262362486762803,0.0825467693179258,MRO-20031;MRO-10045;MRO-10046,MRO-20031;MRO-10045;MRO-10046,Screw Compressor,DHR-03,train,12,caution,risk,approved_on_validation,우선 점검 후보
2023-05-22,AST-5003,A2,13,7.76402145114019,0.2034273623971384,0.1432898127318201,MRO-10046;MRO-20031;MRO-80001,MRO-10046;MRO-20031;MRO-80001,EOT Crane,DHR-03,train,12,high_risk,risk,approved_on_validation,우선 점검 후보
2023-05-22,AST-5007,A2,4,5.310632199342648,0.0690948645763807,0.0414645474125208,MRO-10047;MRO-10046;MRO-40022,MRO-10047;MRO-10046;MRO-50009,EOT Crane,PUN-01,train,12,caution,caution,approved_on_validation,우선 점검 후보
2023-05-23,AST-1041,A2,4,5.893540756271251,0.0953422682576163,0.0589488441933503,MRO-10047;MRO-20031;MRO-10045,MRO-10047;MRO-20031;MRO-10045,CNC Lathe,PUN-01,train,12,caution,risk,approved_on_validation,우선 점검 후보
2023-05-23,AST-1042,A2,2,5.711874332968542,0.0867907915829506,0.0536672668721458,MRO-50009;MRO-60016;MRO-20031,MRO-50009;MRO-20031;MRO-80001,CNC Lathe,PUN-01,train,12,caution,caution,approved_on_validation,우선 점검 후보
2023-05-23,AST-2017,A2,6,8.360740770957834,0.2454502491035154,0.1786476695799069,MRO-80001;MRO-10047;MRO-10045,MRO-80001;MRO-10047;MRO-10045,Hydraulic Press,PUN-01,train,12,risk,risk,approved_on_validation,우선 점검 후보
2023-05-23,AST-2031,A2,4,7.173570064353056,0.1666405413320447,0.114135276050321,MRO-80001;MRO-10046;MRO-10047,MRO-80001;MRO-10046;MRO-10047,Hydraulic Press,CHN-02,train,12,caution,risk,approved_on_validation,우선 점검 후보
2023-05-23,AST-3008,A2,1,6.584389012514439,0.1320651528286955,0.0873556356208176,MRO-10047;MRO-10046;MRO-50009,MRO-10047;MRO-10046;MRO-50009,Belt Conveyor,CHN-02,train,12,caution,risk,approved_on_validation,우선 점검 후보
2023-05-23,AST-3019,A2,2,5.573191594607994,0.0816031422524877,0.0495237460143521,MRO-80001;MRO-60016;MRO-60015,MRO-80001;MRO-20031;MRO-10047,Belt Conveyor,CHN-02,train,12,caution,caution,approved_on_validation,우선 점검 후보
2023-05-23,AST-4055,A2,15,8.02500351213327,0.2184336190438141,0.1584353648472506,MRO-10045;MRO-10046;MRO-80001,MRO-10045;MRO-10046;MRO-80001,Screw Compressor,DHR-03,train,12,high_risk,risk,approved_on_validation,우선 점검 후보
2023-05-23,AST-4061,A2,8,6.540373247213629,0.1303810591568626,0.0854198034902656,MRO-80001;MRO-20031;MRO-10045,MRO-80001;MRO-20031;MRO-10045,Screw Compressor,DHR-03,train,12,risk,risk,approved_on_validation,우선 점검 후보
2023-05-23,AST-5003,A2,13,7.389087312982846,0.1783786394465319,0.1231793237148961,MRO-10046;MRO-10045;MRO-80001,MRO-10046;MRO-10045;MRO-80001,EOT Crane,DHR-03,train,12,high_risk,risk,approved_on_validation,우선 점검 후보
2023-05-23,AST-5007,A2,2,5.613055953652942,0.0835409324395227,0.0513128888807072,MRO-20031;MRO-10047;MRO-10046,MRO-20031;MRO-10047;MRO-10046,EOT Crane,PUN-01,train,12,caution,caution,approved_on_validation,우선 점검 후보
2023-05-24,AST-1041,A2,6,6.275508107767255,0.1151926078606599,0.0746178162274033,MRO-10047;MRO-10045;MRO-10046,MRO-10047;MRO-10045;MRO-10046,CNC Lathe,PUN-01,train,12,risk,risk,approved_on_validation,우선 점검 후보
2023-05-24,AST-1042,A2,6,5.708569677313251,0.0885083282265202,0.0541139981458877,MRO-50009;MRO-20031;MRO-80001,MRO-50009;MRO-20031;MRO-80001,CNC Lathe,PUN-01,train,12,risk,caution,approved_on_validation,우선 점검 후보
2023-05-24,AST-2017,A2,15,8.801201340651277,0.278007304724724,0.2064922834057021,MRO-80001;MRO-20031;MRO-10047,MRO-80001;MRO-20031;MRO-10047,Hydraulic Press,PUN-01,train,12,high_risk,risk,approved_on_validation,우선 점검 후보
2023-05-24,AST-2031,A2,3,7.314621931452573,0.1741750832657387,0.120957231950578,MRO-10046;MRO-10045;MRO-80001,MRO-10046;MRO-10045;MRO-80001,Hydraulic Press,CHN-02,train,12,caution,risk,approved_on_validation,우선 점검 후보
2023-05-24,AST-3008,A2,8,6.68553385207046,0.1384554136627473,0.0912934472913259,MRO-10046;MRO-50009;MRO-80001,MRO-10046;MRO-50009;MRO-80001,Belt Conveyor,CHN-02,train,12,risk,risk,approved_on_validation,우선 점검 후보
2023-05-24,AST-3019,A2,2,5.390032822204486,0.0761782612447187,0.0447948281877505,MRO-20031;MRO-10046;MRO-80001,MRO-20031;MRO-10046;MRO-80001,Belt Conveyor,CHN-02,train,12,caution,caution,approved_on_validation,우선 점검 후보
2023-05-24,AST-4055,A2,6,8.303392851186143,0.2429423888371661,0.1732025185135908,MRO-40022;MRO-10045;MRO-10046,MRO-10045;MRO-10046;MRO-50009,Screw Compressor,DHR-03,train,12,risk,risk,approved_on_validation,우선 점검 후보
2023-05-24,AST-4061,A2,2,6.504642582431369,0.1266231417907668,0.0815530682079809,MRO-40022;MRO-10045;MRO-10046,MRO-10045;MRO-10046;MRO-10047,Screw Compressor,DHR-03,train,12,caution,risk,approved_on_validation,우선 점검 후보
2023-05-24,AST-5003,A2,5,7.605923533214521,0.195028823186442,0.13535426468342,MRO-80001;MRO-50009;MRO-10046,MRO-80001;MRO-50009;MRO-10046,EOT Crane,DHR-03,train,12,caution,risk,approved_on_validation,우선 점검 후보
2023-05-24,AST-5007,A2,3,5.365411996503613,0.0715307775154241,0.0429200276262149,MRO-10047;MRO-50009;MRO-10046,MRO-10047;MRO-50009;MRO-10046,EOT Crane,PUN-01,train,12,caution,caution,approved_on_validation,우선 점검 후보
2023-05-25,AST-1041,A2,3,6.156645238312402,0.1088094227890278,0.0695802528093919,MRO-10046;MRO-10047;MRO-10045,MRO-10046;MRO-10047;MRO-10045,CNC Lathe,PUN-01,train,12,caution,risk,approved_on_validation,우선 점검 후보
2023-05-25,AST-1042,A2,5,5.818017942920403,0.0927023195042636,0.0573066386562671,MRO-50009;MRO-20031;MRO-10045,MRO-50009;MRO-20031;MRO-10045,CNC Lathe,PUN-01,train,12,caution,caution,approved_on_validation,우선 점검 후보
2023-05-25,AST-2017,A2,8,8.492496258691657,0.2573676133000551,0.1870032883663257,MRO-80001;MRO-10045;MRO-10047,MRO-80001;MRO-10045;MRO-10047,Hydraulic Press,PUN-01,train,12,risk,risk,approved_on_validation,우선 점검 후보
2023-05-25,AST-2031,A2,7,7.081793778469122,0.1597158615001411,0.1091877564638862,MRO-10045;MRO-80001;MRO-50009,MRO-10045;MRO-80001;MRO-50009,Hydraulic Press,CHN-02,train,12,risk,risk,approved_on_validation,우선 점검 후보
2023-05-25,AST-3008,A2,5,6.664410471260462,0.1365852255620871,0.0905979759501172,MRO-10046;MRO-10047;MRO-50009,MRO-10046;MRO-10047;MRO-50009,Belt Conveyor,CHN-02,train,12,caution,risk,approved_on_validation,우선 점검 후보
2023-05-25,AST-3019,A2,0,5.290732846127296,0.0708794197677148,0.0423677445068663,MRO-20031;MRO-80001;MRO-10047,MRO-20031;MRO-80001;MRO-10047,Belt Conveyor,CHN-02,train,12,normal,caution,approved_on_validation,우선 점검 후보
2023-05-25,AST-4055,A2,6,8.202564497757495,0.2337888592214765,0.1692233098557467,MRO-10047;MRO-10046;MRO-10045,MRO-10047;MRO-10046;MRO-10045,Screw Compressor,DHR-03,train,12,risk,risk,approved_on_validation,우선 점검 후보
2023-05-25,AST-4061,A2,4,6.472018032822747,0.1262043691894193,0.082430531686094,MRO-10045;MRO-10046;MRO-20031,MRO-10045;MRO-10046;MRO-20031,Screw Compressor,DHR-03,train,12,caution,risk,approved_on_validation,우선 점검 후보
2023-05-25,AST-5003,A2,8,7.930755475763179,0.2143511435110639,0.1528623554415458,MRO-50009;MRO-80001;MRO-10047,MRO-50009;MRO-80001;MRO-10047,EOT Crane,DHR-03,train,12,risk,risk,approved_on_validation,우선 점검 후보
2023-05-25,AST-5007,A2,4,5.466270093651981,0.075194513294068,0.0459320841422682,MRO-10045;MRO-80002;MRO-10047,MRO-10045;MRO-10047;MRO-50009,EOT Crane,PUN-01,train,12,caution,caution,approved_on_validation,우선 점검 후보
2023-05-26,AST-1041,A2,4,5.127440745711764,0.062179921939078,0.0361507508775731,MRO-40022;MRO-50008;MRO-10046,MRO-10046;MRO-10047;MRO-20031,CNC Lathe,PUN-01,train,12,caution,caution,approved_on_validation,우선 점검 후보
2023-05-26,AST-1042,A2,4,5.710910565205997,0.0880799600451352,0.0543819479085033,MRO-50009;MRO-20031;MRO-10045,MRO-50009;MRO-20031;MRO-10045,CNC Lathe,PUN-01,train,12,caution,caution,approved_on_validation,우선 점검 후보
2023-05-26,AST-2017,A2,3,8.798751578251006,0.2778786792976347,0.2059301461093509,MRO-80001;MRO-20031;MRO-10045,MRO-80001;MRO-20031;MRO-10045,Hydraulic Press,PUN-01,train,12,caution,risk,approved_on_validation,우선 점검 후보
2023-05-26,AST-2031,A2,4,7.676586496289286,0.1991047408010765,0.1397710764219988,MRO-80001;MRO-10046;MRO-10047,MRO-80001;MRO-10046;MRO-10047,Hydraulic Press,CHN-02,train,12,caution,risk,approved_on_validation,우선 점검 후보
2023-05-26,AST-3008,A2,4,6.569078156791239,0.1313286145669713,0.0864911182488437,MRO-10045;MRO-10046;MRO-80001,MRO-10045;MRO-10046;MRO-80001,Belt Conveyor,CHN-02,train,12,caution,risk,approved_on_validation,우선 점검 후보
2023-05-26,AST-3019,A2,2,5.504699071511724,0.0773947440756219,0.0481150802164458,MRO-20032;MRO-80001;MRO-10047,MRO-80001;MRO-10047;MRO-20031,Belt Conveyor,CHN-02,train,12,caution,caution,approved_on_validation,우선 점검 후보
2023-05-26,AST-4055,A2,16,8.348372454828883,0.2475704834684199,0.1775527520035052,MRO-10045;MRO-80001;MRO-10046,MRO-10045;MRO-80001;MRO-10046,Screw Compressor,DHR-03,train,12,high_risk,risk,approved_on_validation,우선 점검 후보
2023-05-26,AST-4061,A2,3,7.411312647473775,0.1755678837962488,0.1244223064522154,MRO-70005;MRO-10045;MRO-40021,MRO-10045;MRO-50009;MRO-20031,Screw Compressor,DHR-03,train,12,caution,risk,approved_on_validation,우선 점검 후보
2023-05-26,AST-5003,A2,3,7.249860099363661,0.1686338133249435,0.1163217200920216,MRO-10045;MRO-20031;MRO-50009,MRO-10045;MRO-20031;MRO-50009,EOT Crane,DHR-03,train,12,caution,risk,approved_on_validation,우선 점검 후보
2023-05-26,AST-5007,A2,4,5.293353979069278,0.0695582788010401,0.040970076989559,MRO-10045;MRO-40022;MRO-10047,MRO-10045;MRO-10047;MRO-50009,EOT Crane,PUN-01,train,12,caution,caution,approved_on_validation,우선 점검 후보
2023-05-27,AST-1041,A2,0,0.0028722593919414,4.5415533187194475e-12,4.1013309882916426e-15,MRO-70004;MRO-40022;MRO-50008,MRO-10045;MRO-10046;MRO-10047,CNC Lathe,PUN-01,train,12,normal,normal,approved_on_validation,우선 점검 후보
2023-05-27,AST-1042,A2,0,0.002912559223321,4.854539311301647e-12,4.4038272596629175e-15,MRO-10045;MRO-10046;MRO-10047,MRO-10045;MRO-10046;MRO-10047,CNC Lathe,PUN-01,train,12,normal,normal,approved_on_validation,우선 점검 후보
2023-05-27,AST-2017,A2,0,0.0032893952198866,6.943607799952301e-12,7.122257523414879e-15,MRO-20031;MRO-40021;MRO-90012,MRO-20031;MRO-10047;MRO-10045,Hydraulic Press,PUN-01,train,12,normal,normal,approved_on_validation,우선 점검 후보
2023-05-27,AST-2031,A2,0,0.0032561636939524,6.737529691243617e-12,6.855080182884363e-15,MRO-80001;MRO-20033;MRO-70005,MRO-80001;MRO-10045;MRO-10047,Hydraulic Press,CHN-02,train,12,normal,normal,approved_on_validation,우선 점검 후보
2023-05-27,AST-3008,A2,0,0.0032620770230792,6.601561316842393e-12,6.848540849861764e-15,MRO-90012;MRO-70005;MRO-10045,MRO-10045;MRO-10046;MRO-10047,Belt Conveyor,CHN-02,train,12,normal,normal,approved_on_validation,우선 점검 후보
2023-05-27,AST-3019,A2,0,0.0033697057708041,6.534506877123164e-12,7.316162314616673e-15,MRO-70004;MRO-30012;MRO-20032,MRO-10045;MRO-10046;MRO-10047,Belt Conveyor,CHN-02,train,12,normal,normal,approved_on_validation,우선 점검 후보
2023-05-27,AST-4055,A2,0,0.0032455848938887,6.613532258981432e-12,6.718218213527913e-15,MRO-50009;MRO-10045;MRO-20031,MRO-50009;MRO-10045;MRO-20031,Screw Compressor,DHR-03,train,12,normal,normal,approved_on_validation,우선 점검 후보
2023-05-27,AST-4061,A2,0,0.0032489005134744,6.6430329214227875e-12,6.7504422577068505e-15,MRO-10046;MRO-10047;MRO-20031,MRO-10046;MRO-10047;MRO-20031,Screw Compressor,DHR-03,train,12,normal,normal,approved_on_validation,우선 점검 후보
2023-05-27,AST-5003,A2,0,0.0034336473900533,9.65896374124586e-12,9.344372419974168e-15,MRO-10046;MRO-10045;MRO-40021,MRO-10046;MRO-10045;MRO-10047,EOT Crane,DHR-03,train,12,normal,normal,approved_on_validation,우선 점검 후보
2023-05-27,AST-5007,A2,0,0.0032232030276608,6.516361516838053e-12,6.535911943430979e-15,MRO-10046;MRO-20031;MRO-50009,MRO-10046;MRO-20031;MRO-50009,EOT Crane,PUN-01,train,12,normal,normal,approved_on_validation,우선 점검 후보
2023-05-28,AST-1041,A2,0,0.0029364274367327,4.915942189235308e-12,4.5133636785878646e-15,MRO-10045;MRO-10046;MRO-10047,MRO-10045;MRO-10046;MRO-10047,CNC Lathe,PUN-01,train,12,normal,normal,approved_on_validation,우선 점검 후보
2023-05-28,AST-1042,A2,0,0.0029233467728501,4.854693570857284e-12,4.430333149441097e-15,MRO-10045;MRO-10046;MRO-10047,MRO-10045;MRO-10046;MRO-10047,CNC Lathe,PUN-01,train,12,normal,normal,approved_on_validation,우선 점검 후보
2023-05-28,AST-2017,A2,0,0.003218680286754,6.535783069489305e-12,6.5493301669086705e-15,MRO-10045;MRO-10046;MRO-10047,MRO-10045;MRO-10046;MRO-10047,Hydraulic Press,PUN-01,train,12,normal,normal,approved_on_validation,우선 점검 후보
2023-05-28,AST-2031,A2,0,0.0032233383138516,6.50992385674296e-12,6.5607741381459445e-15,MRO-10045;MRO-10047;MRO-20031,MRO-10045;MRO-10047;MRO-20031,Hydraulic Press,CHN-02,train,12,normal,normal,approved_on_validation,우선 점검 후보
2023-05-28,AST-3008,A2,0,0.0032054988719242,6.509455269154638e-12,6.454493962788905e-15,MRO-10045;MRO-10046;MRO-10047,MRO-10045;MRO-10046;MRO-10047,Belt Conveyor,CHN-02,train,12,normal,normal,approved_on_validation,우선 점검 후보
2023-05-28,AST-3019,A2,0,0.0033714173737667,6.534560077026013e-12,7.31841986074559e-15,MRO-70004;MRO-30012;MRO-20032,MRO-10045;MRO-10046;MRO-10047,Belt Conveyor,CHN-02,train,12,normal,normal,approved_on_validation,우선 점검 후보
2023-05-28,AST-4055,A2,0,0.0032744873098387,6.945388699749418e-12,7.065282888574283e-15,MRO-50009;MRO-10045;MRO-20031,MRO-50009;MRO-10045;MRO-20031,Screw Compressor,DHR-03,train,12,normal,normal,approved_on_validation,우선 점검 후보
2023-05-28,AST-4061,A2,0,0.0032493254870179,6.657222805628101e-12,6.761761263965685e-15,MRO-10045;MRO-10046;MRO-10047,MRO-10045;MRO-10046;MRO-10047,Screw Compressor,DHR-03,train,12,normal,normal,approved_on_validation,우선 점검 후보
2023-05-28,AST-5003,A2,0,0.0031818145457926,6.256019911398725e-12,6.220704906208409e-15,MRO-10046;MRO-10047;MRO-20031,MRO-10046;MRO-10047;MRO-20031,EOT Crane,DHR-03,train,12,normal,normal,approved_on_validation,우선 점검 후보
2023-05-28,AST-5007,A2,0,0.0032327828673409,6.533884861510112e-12,6.606674220783438e-15,MRO-10045;MRO-10046;MRO-20031,MRO-10045;MRO-10046;MRO-20031,EOT Crane,PUN-01,train,12,normal,normal,approved_on_validation,우선 점검 후보
2023-05-29,AST-1041,A2,11,6.169024494266863,0.110093543977048,0.0705434758008949,MRO-10046;MRO-10047;MRO-20031,MRO-10046;MRO-10047;MRO-20031,CNC Lathe,PUN-01,train,12,risk,risk,approved_on_validation,우선 점검 후보
2023-05-29,AST-1042,A2,7,5.970912508563226,0.0986200947273316,0.062530406766359,MRO-50009;MRO-40022;MRO-20031,MRO-50009;MRO-20031;MRO-80001,CNC Lathe,PUN-01,train,12,risk,risk,approved_on_validation,우선 점검 후보
2023-05-29,AST-2017,A2,3,8.2372531265917,0.235676096099178,0.1713259654022276,MRO-80001;MRO-10045;MRO-20031,MRO-80001;MRO-10045;MRO-20031,Hydraulic Press,PUN-01,train,12,caution,risk,approved_on_validation,우선 점검 후보
2023-05-29,AST-2031,A2,5,7.166598873211669,0.1635689636454955,0.1130760029685135,MRO-80001;MRO-10046;MRO-10045,MRO-80001;MRO-10046;MRO-10045,Hydraulic Press,CHN-02,train,12,caution,risk,approved_on_validation,우선 점검 후보
2023-05-29,AST-3008,A2,8,6.460334976826722,0.1244697606519021,0.0820003178120517,MRO-10045;MRO-80001;MRO-10046,MRO-10045;MRO-80001;MRO-10046,Belt Conveyor,CHN-02,train,12,risk,risk,approved_on_validation,우선 점검 후보
2023-05-29,AST-3019,A2,8,5.402485710516814,0.0709874854324759,0.0454950762221757,MRO-20032;MRO-10046;MRO-20031,MRO-10046;MRO-20031;MRO-80001,Belt Conveyor,CHN-02,train,12,risk,caution,approved_on_validation,우선 점검 후보
2023-05-29,AST-4055,A2,7,7.509745727920534,0.1891753096272165,0.1296056660573282,MRO-10046;MRO-10047;MRO-80001,MRO-10046;MRO-10047;MRO-80001,Screw Compressor,DHR-03,train,12,risk,risk,approved_on_validation,우선 점검 후보
2023-05-29,AST-4061,A2,2,6.413040615022866,0.1233931822628676,0.0802126056576689,MRO-10045;MRO-10046;MRO-20031,MRO-10045;MRO-10046;MRO-20031,Screw Compressor,DHR-03,train,12,caution,risk,approved_on_validation,우선 점검 후보
2023-05-29,AST-5003,A2,5,7.750150420884602,0.2010253181940695,0.1421734630534528,MRO-10045;MRO-10047;MRO-20031,MRO-10045;MRO-10047;MRO-20031,EOT Crane,DHR-03,train,12,caution,risk,approved_on_validation,우선 점검 후보
2023-05-29,AST-5007,A2,6,5.224411303361433,0.0659619322104542,0.0396353539208425,MRO-10045;MRO-20031;MRO-10047,MRO-10045;MRO-20031;MRO-10047,EOT Crane,PUN-01,train,12,risk,caution,approved_on_validation,우선 점검 후보
2023-05-30,AST-1041,A2,2,6.266332820410208,0.1144228123120725,0.0725798891103464,MRO-10046;MRO-30012;MRO-10045,MRO-10046;MRO-10045;MRO-10047,CNC Lathe,PUN-01,train,12,caution,risk,approved_on_validation,우선 점검 후보
2023-05-30,AST-1042,A2,9,6.164711104206797,0.1100830392652937,0.0704034600327681,MRO-10045;MRO-50009;MRO-20031,MRO-10045;MRO-50009;MRO-20031,CNC Lathe,PUN-01,train,12,risk,risk,approved_on_validation,우선 점검 후보
2023-05-30,AST-2017,A2,8,8.191445220120716,0.2343067276821815,0.1685184807207785,MRO-50009;MRO-10047;MRO-20031,MRO-50009;MRO-10047;MRO-20031,Hydraulic Press,PUN-01,train,12,risk,risk,approved_on_validation,우선 점검 후보
2023-05-30,AST-2031,A2,5,7.0726326125928045,0.160476223863194,0.1087124929676201,MRO-10046;MRO-20031;MRO-80001,MRO-10046;MRO-20031;MRO-80001,Hydraulic Press,CHN-02,train,12,caution,risk,approved_on_validation,우선 점검 후보
2023-05-30,AST-3008,A2,14,6.6535536189938025,0.1363847283763151,0.0904252726891789,MRO-10045;MRO-80001;MRO-10046,MRO-10045;MRO-80001;MRO-10046,Belt Conveyor,CHN-02,train,12,high_risk,risk,approved_on_validation,우선 점검 후보
2023-05-30,AST-3019,A2,1,5.386894377420949,0.0731809867042436,0.0450299839188439,MRO-20031;MRO-80001;MRO-10045,MRO-20031;MRO-80001;MRO-10045,Belt Conveyor,CHN-02,train,12,caution,caution,approved_on_validation,우선 점검 후보
2023-05-30,AST-4055,A2,12,7.776476840768167,0.206864047535858,0.1441351419053793,MRO-20031;MRO-10046;MRO-80001,MRO-20031;MRO-10046;MRO-80001,Screw Compressor,DHR-03,train,12,high_risk,risk,approved_on_validation,우선 점검 후보
2023-05-30,AST-4061,A2,3,6.214181911811898,0.110419976076407,0.0724697998913349,MRO-10045;MRO-10046;MRO-20031,MRO-10045;MRO-10046;MRO-20031,Screw Compressor,DHR-03,train,12,caution,risk,approved_on_validation,우선 점검 후보
2023-05-30,AST-5003,A2,8,7.565591806700167,0.1893408827599533,0.1324327448854007,MRO-50009;MRO-10046;MRO-10047,MRO-50009;MRO-10046;MRO-10047,EOT Crane,DHR-03,train,12,risk,risk,approved_on_validation,우선 점검 후보
2023-05-30,AST-5007,A2,0,5.206540157961994,0.0658331800774951,0.0388635527192693,MRO-10045;MRO-10047;MRO-10046,MRO-10045;MRO-10047;MRO-10046,EOT Crane,PUN-01,train,12,normal,caution,approved_on_validation,우선 점검 후보
2023-05-31,AST-1041,A2,2,6.126457165647507,0.1078233226903016,0.0689806977368342,MRO-10045;MRO-10046;MRO-10047,MRO-10045;MRO-10046;MRO-10047,CNC Lathe,PUN-01,train,12,caution,risk,approved_on_validation,우선 점검 후보
2023-05-31,AST-1042,A2,4,6.142813259815135,0.110119759960148,0.0693341763945334,MRO-10045;MRO-50009;MRO-10046,MRO-10045;MRO-50009;MRO-10046,CNC Lathe,PUN-01,train,12,caution,risk,approved_on_validation,우선 점검 후보
2023-05-31,AST-2017,A2,9,8.404580724570037,0.2497173019287178,0.180833593212334,MRO-10045;MRO-20031;MRO-10047,MRO-10045;MRO-20031;MRO-10047,Hydraulic Press,PUN-01,train,12,risk,risk,approved_on_validation,우선 점검 후보
2023-05-31,AST-2031,A2,8,7.169692080516269,0.1653100074424893,0.1133011992164005,MRO-20031;MRO-10046;MRO-10047,MRO-20031;MRO-10046;MRO-10047,Hydraulic Press,CHN-02,train,12,risk,risk,approved_on_validation,우선 점검 후보
2023-05-31,AST-3008,A2,8,6.643971906397255,0.1352673917660992,0.0897131575022858,MRO-10046;MRO-20031;MRO-10045,MRO-10046;MRO-20031;MRO-10045,Belt Conveyor,CHN-02,train,12,risk,risk,approved_on_validation,우선 점검 후보
2023-05-31,AST-3019,A2,7,5.254912205421175,0.0694711326081381,0.0416750315173498,MRO-10047;MRO-20031;MRO-80001,MRO-10047;MRO-20031;MRO-80001,Belt Conveyor,CHN-02,train,12,risk,caution,approved_on_validation,우선 점검 후보
2023-05-31,AST-4055,A2,11,8.394391335352509,0.249101315012206,0.1797635030138722,MRO-80001;MRO-10047;MRO-20031,MRO-80001;MRO-10047;MRO-20031,Screw Compressor,DHR-03,train,12,risk,risk,approved_on_validation,우선 점검 후보
2023-05-31,AST-4061,A2,0,6.311443972538206,0.1162890162252598,0.0760253481472774,MRO-10045;MRO-10046;MRO-20031,MRO-10045;MRO-10046;MRO-20031,Screw Compressor,DHR-03,train,12,normal,risk,approved_on_validation,우선 점검 후보
2023-05-31,AST-5003,A2,14,10.419870699385328,0.4001901010229731,0.3154456527055141,MRO-60015;MRO-10046;MRO-10045,MRO-10046;MRO-10045;MRO-50009,EOT Crane,DHR-03,train,12,high_risk,risk,approved_on_validation,우선 점검 후보
2023-05-31,AST-5007,A2,4,5.93751672997957,0.0945122760582946,0.0610123405885036,MRO-20031;MRO-10045;MRO-80002,MRO-20031;MRO-10045;MRO-10047,EOT Crane,PUN-01,train,12,caution,caution,approved_on_validation,우선 점검 후보
2023-06-01,AST-1041,A2,2,6.190744550776805,0.1119953899265315,0.0715261100218802,MRO-10045;MRO-10046;MRO-10047,MRO-10045;MRO-10046;MRO-10047,CNC Lathe,PUN-01,train,12,caution,risk,approved_on_validation,우선 점검 후보
2023-06-01,AST-1042,A2,0,5.795147455634143,0.0928187508900307,0.0567385688143442,MRO-10045;MRO-20031;MRO-10046,MRO-10045;MRO-20031;MRO-10046,CNC Lathe,PUN-01,train,12,normal,risk,approved_on_validation,우선 점검 후보
2023-06-01,AST-2017,A2,6,8.544868655139304,0.2601614910321341,0.1896613086956827,MRO-10047;MRO-10045;MRO-80001,MRO-10047;MRO-10045;MRO-80001,Hydraulic Press,PUN-01,train,12,risk,risk,approved_on_validation,우선 점검 후보
2023-06-01,AST-2031,A2,14,7.758667893733157,0.203371830776883,0.1437329660941916,MRO-20031;MRO-10046;MRO-50009,MRO-20031;MRO-10046;MRO-50009,Hydraulic Press,CHN-02,train,12,high_risk,risk,approved_on_validation,우선 점검 후보
2023-06-01,AST-3008,A2,13,6.401213392238361,0.1214744331124545,0.0798489159903648,MRO-10046;MRO-20031;MRO-80001,MRO-10046;MRO-20031;MRO-80001,Belt Conveyor,CHN-02,train,12,high_risk,risk,approved_on_validation,우선 점검 후보
2023-06-01,AST-3019,A2,8,5.425411889109876,0.0749917045200521,0.0461794031540041,MRO-90011;MRO-10047;MRO-80001,MRO-10047;MRO-80001;MRO-20031,Belt Conveyor,CHN-02,train,12,risk,caution,approved_on_validation,우선 점검 후보
2023-06-01,AST-4055,A2,16,8.62353116954578,0.2647287419291778,0.1929672078486652,MRO-20031;MRO-10046;MRO-10047,MRO-20031;MRO-10046;MRO-10047,Screw Compressor,DHR-03,train,12,high_risk,risk,approved_on_validation,우선 점검 후보
2023-06-01,AST-4061,A2,7,6.343854120606496,0.1162741889166329,0.0769020830669345,MRO-10047;MRO-40021;MRO-20032,MRO-10047;MRO-80001;MRO-10045,Screw Compressor,DHR-03,train,12,risk,risk,approved_on_validation,우선 점검 후보
2023-06-01,AST-5003,A2,11,7.680911613043059,0.198229072519306,0.1392094369539877,MRO-50009;MRO-10046;MRO-20031,MRO-50009;MRO-10046;MRO-20031,EOT Crane,DHR-03,train,12,risk,risk,approved_on_validation,우선 점검 후보
2023-06-01,AST-5007,A2,6,5.898851850758393,0.0958694700573619,0.0597275457067667,MRO-40022;MRO-10045;MRO-10047,MRO-10045;MRO-10047;MRO-20031,EOT Crane,PUN-01,train,12,risk,risk,approved_on_validation,우선 점검 후보
2023-06-02,AST-1041,A2,0,5.796440594599472,0.0929014292279826,0.0570777409736547,MRO-10045;MRO-10046;MRO-20031,MRO-10045;MRO-10046;MRO-20031,CNC Lathe,PUN-01,train,12,normal,caution,approved_on_validation,우선 점검 후보
2023-06-02,AST-1042,A2,4,5.778628890328577,0.0922993936095171,0.0563727685380657,MRO-10045;MRO-20031;MRO-10046,MRO-10045;MRO-20031;MRO-10046,CNC Lathe,PUN-01,train,12,caution,caution,approved_on_validation,우선 점검 후보
2023-06-02,AST-2017,A2,11,8.60193362365352,0.2636653853263352,0.1927852167596198,MRO-10047;MRO-80001;MRO-10045,MRO-10047;MRO-80001;MRO-10045,Hydraulic Press,PUN-01,train,12,risk,risk,approved_on_validation,우선 점검 후보
2023-06-02,AST-2031,A2,9,7.565604267817077,0.1904224420093779,0.1329380728518241,MRO-10045;MRO-10047;MRO-50009,MRO-10045;MRO-10047;MRO-50009,Hydraulic Press,CHN-02,train,12,risk,risk,approved_on_validation,우선 점검 후보
2023-06-02,AST-3008,A2,7,6.761848541286472,0.1421854332911213,0.0952319598362465,MRO-10045;MRO-10047;MRO-10046,MRO-10045;MRO-10047;MRO-10046,Belt Conveyor,CHN-02,train,12,risk,risk,approved_on_validation,우선 점검 후보
2023-06-02,AST-3019,A2,3,5.28282885521945,0.0719300313645126,0.0422082644988894,MRO-80001;MRO-10047;MRO-10046,MRO-80001;MRO-10047;MRO-10046,Belt Conveyor,CHN-02,train,12,caution,caution,approved_on_validation,우선 점검 후보
2023-06-02,AST-4055,A2,10,8.090983443562038,0.2264184181316746,0.1613567071689467,MRO-80001;MRO-10047;MRO-20031,MRO-80001;MRO-10047;MRO-20031,Screw Compressor,DHR-03,train,12,risk,risk,approved_on_validation,우선 점검 후보
2023-06-02,AST-4061,A2,1,6.025198441727829,0.1032116359112964,0.0652076910072279,MRO-50009;MRO-80001;MRO-10045,MRO-50009;MRO-80001;MRO-10045,Screw Compressor,DHR-03,train,12,caution,risk,approved_on_validation,우선 점검 후보
2023-06-02,AST-5003,A2,18,11.26653437946738,0.4652090970602203,0.3844632550447294,MRO-10046;MRO-10045;MRO-70005,MRO-10046;MRO-10045;MRO-10047,EOT Crane,DHR-03,train,12,high_risk,high_risk,approved_on_validation,우선 점검 후보
2023-06-02,AST-5007,A2,4,5.758457057307072,0.0880748875857028,0.0560794975616665,MRO-90011;MRO-10045;MRO-10046,MRO-10045;MRO-10046;MRO-10047,EOT Crane,PUN-01,train,12,caution,caution,approved_on_validation,우선 점검 후보
2023-06-03,AST-1041,A2,0,0.0028861862237271,4.598893249049699e-12,4.1760963841806804e-15,MRO-70004;MRO-30012;MRO-80002,MRO-10045;MRO-10046;MRO-10047,CNC Lathe,PUN-01,train,12,normal,normal,approved_on_validation,우선 점검 후보
2023-06-03,AST-1042,A2,0,0.0029028201208819,4.6468297337630465e-12,4.240036903853998e-15,MRO-10045;MRO-10046;MRO-10047,MRO-10045;MRO-10046;MRO-10047,CNC Lathe,PUN-01,train,12,normal,normal,approved_on_validation,우선 점검 후보
2023-06-03,AST-2017,A2,0,0.0032481897394044,6.570257848676049e-12,6.697402570453375e-15,MRO-20031;MRO-50008;MRO-90012,MRO-20031;MRO-50009;MRO-80001,Hydraulic Press,PUN-01,train,12,normal,normal,approved_on_validation,우선 점검 후보
2023-06-03,AST-2031,A2,0,0.0033334160819066,7.932281161318429e-12,8.112191909196384e-15,MRO-70005;MRO-10045;MRO-20031,MRO-10045;MRO-20031;MRO-10047,Hydraulic Press,CHN-02,train,12,normal,normal,approved_on_validation,우선 점검 후보
2023-06-03,AST-3008,A2,0,0.0032234268394585,6.555794540818212e-12,6.5698526226346625e-15,MRO-10046;MRO-80001;MRO-30012,MRO-10046;MRO-80001;MRO-10047,Belt Conveyor,CHN-02,train,12,normal,normal,approved_on_validation,우선 점검 후보
2023-06-03,AST-3019,A2,0,0.0035874816899902,1.1004493605045508e-11,1.1400606019273631e-14,MRO-10047;MRO-50009;MRO-70005,MRO-10047;MRO-50009;MRO-10045,Belt Conveyor,CHN-02,train,12,normal,normal,approved_on_validation,우선 점검 후보
2023-06-03,AST-4055,A2,0,0.0032103626119562,6.2171357137120275e-12,6.290793463181509e-15,MRO-60016;MRO-20031;MRO-10045,MRO-20031;MRO-10045;MRO-10046,Screw Compressor,DHR-03,train,12,normal,normal,approved_on_validation,우선 점검 후보
2023-06-03,AST-4061,A2,0,0.0032506753027215,6.627255158555777e-12,6.752125114582248e-15,MRO-70004;MRO-10045;MRO-10046,MRO-10045;MRO-10046;MRO-10047,Screw Compressor,DHR-03,train,12,normal,normal,approved_on_validation,우선 점검 후보
2023-06-03,AST-5003,A2,0,0.0039975699999421,1.7666131371614297e-11,1.8207909457986095e-14,MRO-10046;MRO-40021;MRO-10045,MRO-10046;MRO-10045;MRO-20031,EOT Crane,DHR-03,train,12,normal,normal,approved_on_validation,우선 점검 후보
2023-06-03,AST-5007,A2,0,0.0029416869642058,4.876081974460633e-12,4.5380722822615376e-15,MRO-90011;MRO-70004;MRO-50009,MRO-50009;MRO-10045;MRO-10047,EOT Crane,PUN-01,train,12,normal,normal,approved_on_validation,우선 점검 후보
2023-06-04,AST-1041,A2,0,0.0029264277483051,4.854701254841607e-12,4.443998698762163e-15,MRO-10045;MRO-10046;MRO-10047,MRO-10045;MRO-10046;MRO-10047,CNC Lathe,PUN-01,train,12,normal,normal,approved_on_validation,우선 점검 후보
2023-06-04,AST-1042,A2,0,0.0029236613487284,4.84955650838096e-12,4.4283662303548585e-15,MRO-10045;MRO-10046;MRO-10047,MRO-10045;MRO-10046;MRO-10047,CNC Lathe,PUN-01,train,12,normal,normal,approved_on_validation,우선 점검 후보
2023-06-04,AST-2017,A2,0,0.0032907454899354,7.0423532753704546e-12,7.207099607736083e-15,MRO-10047;MRO-20031;MRO-50008,MRO-10047;MRO-20031;MRO-10045,Hydraulic Press,PUN-01,train,12,normal,normal,approved_on_validation,우선 점검 후보
2023-06-04,AST-2031,A2,0,0.0032202957604244,6.509876762926769e-12,6.548857237336e-15,MRO-10045;MRO-10047;MRO-20031,MRO-10045;MRO-10047;MRO-20031,Hydraulic Press,CHN-02,train,12,normal,normal,approved_on_validation,우선 점검 후보
2023-06-04,AST-3008,A2,0,0.0032009650357815,6.4955816377195456e-12,6.4167806934748416e-15,MRO-10046;MRO-10047;MRO-20031,MRO-10046;MRO-10047;MRO-20031,Belt Conveyor,CHN-02,train,12,normal,normal,approved_on_validation,우선 점검 후보
2023-06-04,AST-3019,A2,0,0.0032086011639616,6.5330417175250705e-12,6.509890314026736e-15,MRO-10045;MRO-10046;MRO-10047,MRO-10045;MRO-10046;MRO-10047,Belt Conveyor,CHN-02,train,12,normal,normal,approved_on_validation,우선 점검 후보
2023-06-04,AST-4055,A2,0,0.0032401553070783,6.906843852642046e-12,6.909130231960686e-15,MRO-20031;MRO-10045;MRO-10046,MRO-20031;MRO-10045;MRO-10046,Screw Compressor,DHR-03,train,12,normal,normal,approved_on_validation,우선 점검 후보
2023-06-04,AST-4061,A2,0,0.0032330981060583,6.550356395163975e-12,6.621572707290043e-15,MRO-10045;MRO-10046;MRO-10047,MRO-10045;MRO-10046;MRO-10047,Screw Compressor,DHR-03,train,12,normal,normal,approved_on_validation,우선 점검 후보
2023-06-04,AST-5003,A2,0,0.0035502095804549,1.225239392183984e-11,1.1787870706170031e-14,MRO-10045;MRO-20031;MRO-10046,MRO-10045;MRO-20031;MRO-10046,EOT Crane,DHR-03,train,12,normal,normal,approved_on_validation,우선 점검 후보
2023-06-04,AST-5007,A2,0,0.0032646213321256,6.567299767616704e-12,6.8315306878046836e-15,MRO-90011;MRO-70004;MRO-10045,MRO-10045;MRO-10046;MRO-10047,EOT Crane,PUN-01,train,12,normal,normal,approved_on_validation,우선 점검 후보
2023-06-05,AST-1041,A2,2,5.666995225728195,0.087245119595357,0.0530532152128892,MRO-20031;MRO-10045;MRO-10046,MRO-20031;MRO-10045;MRO-10046,CNC Lathe,PUN-01,train,12,caution,caution,approved_on_validation,우선 점검 후보
2023-06-05,AST-1042,A2,3,6.565807491661287,0.1295620013577895,0.0859087968342886,MRO-50009;MRO-10045;MRO-10046,MRO-50009;MRO-10045;MRO-10046,CNC Lathe,PUN-01,train,12,caution,risk,approved_on_validation,우선 점검 후보
2023-06-05,AST-2017,A2,8,8.001823863265267,0.2200699036176574,0.1573270229633263,MRO-10045;MRO-10047;MRO-20031,MRO-10045;MRO-10047;MRO-20031,Hydraulic Press,PUN-01,train,12,risk,risk,approved_on_validation,우선 점검 후보
2023-06-05,AST-2031,A2,10,7.420976615009496,0.1817070859256309,0.12552318965183,MRO-10045;MRO-20031;MRO-10046,MRO-10045;MRO-20031;MRO-10046,Hydraulic Press,CHN-02,train,12,risk,risk,approved_on_validation,우선 점검 후보
2023-06-05,AST-3008,A2,4,6.709164705889946,0.1382151527629714,0.0926813672628205,MRO-10047;MRO-20031;MRO-50009,MRO-10047;MRO-20031;MRO-50009,Belt Conveyor,CHN-02,train,12,caution,risk,approved_on_validation,우선 점검 후보
2023-06-05,AST-3019,A2,8,5.723282188351829,0.0871777910317907,0.0541302191128891,MRO-40022;MRO-80001;MRO-10046,MRO-80001;MRO-10046;MRO-10047,Belt Conveyor,CHN-02,train,12,risk,caution,approved_on_validation,우선 점검 후보
2023-06-05,AST-4055,A2,10,7.797623090478269,0.2081945108131693,0.145520630667656,MRO-20031;MRO-80001;MRO-10046,MRO-20031;MRO-80001;MRO-10046,Screw Compressor,DHR-03,train,12,risk,risk,approved_on_validation,우선 점검 후보
2023-06-05,AST-4061,A2,13,6.246035564948529,0.1138861152571555,0.0733738048495869,MRO-50009;MRO-10045;MRO-10046,MRO-50009;MRO-10045;MRO-10046,Screw Compressor,DHR-03,train,12,high_risk,risk,approved_on_validation,우선 점검 후보
2023-06-05,AST-5003,A2,4,7.85285927383143,0.2079530432062567,0.1488919209189942,MRO-10045;MRO-10047;MRO-20031,MRO-10045;MRO-10047;MRO-20031,EOT Crane,DHR-03,train,12,caution,risk,approved_on_validation,우선 점검 후보
2023-06-05,AST-5007,A2,11,5.8364587771913365,0.0894968960366039,0.0585237542484521,MRO-90011;MRO-50009;MRO-10046,MRO-50009;MRO-10046;MRO-10045,EOT Crane,PUN-01,train,12,risk,caution,approved_on_validation,우선 점검 후보
2023-06-06,AST-1041,A2,6,6.087018752795921,0.1062119715718397,0.0673884900927374,MRO-10045;MRO-10046;MRO-50009,MRO-10045;MRO-10046;MRO-50009,CNC Lathe,PUN-01,train,12,risk,risk,approved_on_validation,우선 점검 후보
2023-06-06,AST-1042,A2,10,6.240617917955019,0.1126299320707093,0.0721893782796431,MRO-40022;MRO-50009;MRO-10046,MRO-50009;MRO-10046;MRO-20031,CNC Lathe,PUN-01,train,12,risk,risk,approved_on_validation,우선 점검 후보
2023-06-06,AST-2017,A2,6,8.275168862800808,0.2375644802667461,0.1739515856154269,MRO-20031;MRO-10045;MRO-10047,MRO-20031;MRO-10045;MRO-10047,Hydraulic Press,PUN-01,train,12,risk,risk,approved_on_validation,우선 점검 후보
2023-06-06,AST-2031,A2,6,7.138815107188145,0.1640659606902363,0.1121635823229269,MRO-10046;MRO-50009;MRO-10045,MRO-10046;MRO-50009;MRO-10045,Hydraulic Press,CHN-02,train,12,risk,risk,approved_on_validation,우선 점검 후보
2023-06-06,AST-3008,A2,8,6.436394571277888,0.1230778510629825,0.0810183332784129,MRO-10047;MRO-10045;MRO-20031,MRO-10047;MRO-10045;MRO-20031,Belt Conveyor,CHN-02,train,12,risk,risk,approved_on_validation,우선 점검 후보
2023-06-06,AST-3019,A2,24,11.874427601774928,0.5176343518592366,0.4291205811169462,MRO-20031;MRO-10045;MRO-50009,MRO-20031;MRO-10045;MRO-50009,Belt Conveyor,CHN-02,train,12,high_risk,high_risk,approved_on_validation,우선 점검 후보
2023-06-06,AST-4055,A2,7,8.758486616778077,0.2751006918975585,0.2033431493113677,MRO-20031;MRO-10046;MRO-50009,MRO-20031;MRO-10046;MRO-50009,Screw Compressor,DHR-03,train,12,risk,risk,approved_on_validation,우선 점검 후보
2023-06-06,AST-4061,A2,3,6.523892463563919,0.1275331901519814,0.0843574835989103,MRO-10045;MRO-50009;MRO-80001,MRO-10045;MRO-50009;MRO-80001,Screw Compressor,DHR-03,train,12,caution,risk,approved_on_validation,우선 점검 후보
2023-06-06,AST-5003,A2,7,7.311453364987569,0.1723997295061921,0.119449132905222,MRO-10045;MRO-10047;MRO-20031,MRO-10045;MRO-10047;MRO-20031,EOT Crane,DHR-03,train,12,risk,risk,approved_on_validation,우선 점검 후보
2023-06-06,AST-5007,A2,1,5.216562010890033,0.0652644437257759,0.0394478539886513,MRO-50009;MRO-10046;MRO-10045,MRO-50009;MRO-10046;MRO-10045,EOT Crane,PUN-01,train,12,caution,caution,approved_on_validation,우선 점검 후보
2023-06-07,AST-1041,A2,2,5.8903380250796635,0.0961993048909389,0.0601899170063982,MRO-10045;MRO-10046;MRO-10047,MRO-10045;MRO-10046;MRO-10047,CNC Lathe,PUN-01,train,12,caution,risk,approved_on_validation,우선 점검 후보
2023-06-07,AST-1042,A2,15,5.740780365541113,0.0903697035239456,0.0550730349228316,MRO-10046;MRO-50009;MRO-20031,MRO-10046;MRO-50009;MRO-20031,CNC Lathe,PUN-01,train,12,high_risk,caution,approved_on_validation,우선 점검 후보
2023-06-07,AST-2017,A2,6,8.042651741376606,0.2231583682927783,0.1591434692241852,MRO-10045;MRO-20031;MRO-10047,MRO-10045;MRO-20031;MRO-10047,Hydraulic Press,PUN-01,train,12,risk,risk,approved_on_validation,우선 점검 후보
2023-06-07,AST-2031,A2,8,7.195220128506812,0.1674128771174464,0.1149612206833326,MRO-10046;MRO-50009;MRO-10045,MRO-10046;MRO-50009;MRO-10045,Hydraulic Press,CHN-02,train,12,risk,risk,approved_on_validation,우선 점검 후보
2023-06-07,AST-3008,A2,2,5.824646699177669,0.0919141431860361,0.057738442592103,MRO-10045;MRO-20031;MRO-10047,MRO-10045;MRO-20031;MRO-10047,Belt Conveyor,CHN-02,train,12,caution,caution,approved_on_validation,우선 점검 후보
2023-06-07,AST-3019,A2,6,5.851518127195125,0.0934754108224954,0.0583760815904119,MRO-30012;MRO-10045;MRO-10047,MRO-10045;MRO-10047;MRO-20031,Belt Conveyor,CHN-02,train,12,risk,risk,approved_on_validation,우선 점검 후보
2023-06-07,AST-4055,A2,4,7.676028343340136,0.2011348450850361,0.1394188634128713,MRO-50009;MRO-20031;MRO-10046,MRO-50009;MRO-20031;MRO-10046,Screw Compressor,DHR-03,train,12,caution,risk,approved_on_validation,우선 점검 후보
2023-06-07,AST-4061,A2,6,7.228835711849828,0.168588955636589,0.1149593168656225,MRO-10046;MRO-40022;MRO-10045,MRO-10046;MRO-10045;MRO-80001,Screw Compressor,DHR-03,train,12,risk,risk,approved_on_validation,우선 점검 후보
2023-06-07,AST-5003,A2,4,7.045014939088788,0.1576534523856506,0.1054427382088265,MRO-40022;MRO-10046;MRO-80001,MRO-10046;MRO-80001;MRO-50009,EOT Crane,DHR-03,train,12,caution,risk,approved_on_validation,우선 점검 후보
2023-06-07,AST-5007,A2,3,5.785006264706424,0.0900991812058244,0.0562767733115389,MRO-50009;MRO-10047;MRO-10045,MRO-50009;MRO-10047;MRO-10045,EOT Crane,PUN-01,train,12,caution,caution,approved_on_validation,우선 점검 후보
2023-06-08,AST-1041,A2,6,6.47902668548247,0.1261474436824239,0.0826267534662957,MRO-10045;MRO-10046;MRO-10047,MRO-10045;MRO-10046;MRO-10047,CNC Lathe,PUN-01,train,12,risk,risk,approved_on_validation,우선 점검 후보
2023-06-08,AST-1042,A2,8,6.140991585919632,0.1095775980851199,0.0691743694611856,MRO-50009;MRO-10046;MRO-10047,MRO-50009;MRO-10046;MRO-10047,CNC Lathe,PUN-01,train,12,risk,risk,approved_on_validation,우선 점검 후보
2023-06-08,AST-2017,A2,14,8.227737754484652,0.2372774480389222,0.1708302065361764,MRO-10045;MRO-50009;MRO-10047,MRO-10045;MRO-50009;MRO-10047,Hydraulic Press,PUN-01,train,12,high_risk,risk,approved_on_validation,우선 점검 후보
2023-06-08,AST-2031,A2,4,7.388737531914756,0.1797791102986677,0.1244516297787245,MRO-10045;MRO-10046;MRO-50009,MRO-10045;MRO-10046;MRO-50009,Hydraulic Press,CHN-02,train,12,caution,risk,approved_on_validation,우선 점검 후보
2023-06-08,AST-3008,A2,6,6.573735783101388,0.1298840117199916,0.0866234452075103,MRO-10047;MRO-20031;MRO-50009,MRO-10047;MRO-20031;MRO-50009,Belt Conveyor,CHN-02,train,12,risk,risk,approved_on_validation,우선 점검 후보
2023-06-08,AST-3019,A2,9,5.884921077796577,0.0958739790978638,0.060093075313918,MRO-50009;MRO-10046;MRO-30012,MRO-50009;MRO-10046;MRO-10045,Belt Conveyor,CHN-02,train,12,risk,risk,approved_on_validation,우선 점검 후보
2023-06-08,AST-4055,A2,16,8.496964151110918,0.2530285830916402,0.1869092417601208,MRO-20031;MRO-10045;MRO-10046,MRO-20031;MRO-10045;MRO-10046,Screw Compressor,DHR-03,train,12,high_risk,risk,approved_on_validation,우선 점검 후보
2023-06-08,AST-4061,A2,7,6.861121167391786,0.1473176625902116,0.0993517227371118,MRO-80001;MRO-20031;MRO-10045,MRO-80001;MRO-20031;MRO-10045,Screw Compressor,DHR-03,train,12,risk,risk,approved_on_validation,우선 점검 후보
2023-06-08,AST-5003,A2,7,7.712591959927048,0.198149467058852,0.1395088653781574,MRO-40022;MRO-20031;MRO-50009,MRO-20031;MRO-50009;MRO-10045,EOT Crane,DHR-03,train,12,risk,risk,approved_on_validation,우선 점검 후보
2023-06-08,AST-5007,A2,6,5.729041317964019,0.0875851191030457,0.0544244391604084,MRO-10047;MRO-50009;MRO-10045,MRO-10047;MRO-50009;MRO-10045,EOT Crane,PUN-01,train,12,risk,caution,approved_on_validation,우선 점검 후보
2023-06-09,AST-1041,A2,2,5.801356500975969,0.089241510844428,0.0553213022370875,MRO-20031;MRO-40022;MRO-60015,MRO-20031;MRO-10045;MRO-10046,CNC Lathe,PUN-01,train,12,caution,caution,approved_on_validation,우선 점검 후보
2023-06-09,AST-1042,A2,8,6.430944554340698,0.1222933474162425,0.0796333218621296,MRO-10046;MRO-10047;MRO-80001,MRO-10046;MRO-10047;MRO-80001,CNC Lathe,PUN-01,train,12,risk,risk,approved_on_validation,우선 점검 후보
2023-06-09,AST-2017,A2,10,10.628670502004908,0.4146706509220552,0.3355301444001275,MRO-50009;MRO-10047;MRO-10045,MRO-50009;MRO-10047;MRO-10045,Hydraulic Press,PUN-01,train,12,risk,risk,approved_on_validation,우선 점검 후보
2023-06-09,AST-2031,A2,16,7.347533277357128,0.176084217361835,0.1225348715142755,MRO-10045;MRO-10046;MRO-50009,MRO-10045;MRO-10046;MRO-50009,Hydraulic Press,CHN-02,train,12,high_risk,risk,approved_on_validation,우선 점검 후보
2023-06-09,AST-3008,A2,2,6.90329641899025,0.1477257466761709,0.1007266921778004,MRO-10047;MRO-20031;MRO-80001,MRO-10047;MRO-20031;MRO-80001,Belt Conveyor,CHN-02,train,12,caution,risk,approved_on_validation,우선 점검 후보
2023-06-09,AST-3019,A2,10,5.5085913273432485,0.0807271215824037,0.0485492981752457,MRO-10046;MRO-50009;MRO-10045,MRO-10046;MRO-50009;MRO-10045,Belt Conveyor,CHN-02,train,12,risk,caution,approved_on_validation,우선 점검 후보
2023-06-09,AST-4055,A2,16,8.938853397521841,0.2883005002081796,0.2127424540879781,MRO-20031;MRO-10047;MRO-80001,MRO-20031;MRO-10047;MRO-80001,Screw Compressor,DHR-03,train,12,high_risk,risk,approved_on_validation,우선 점검 후보
2023-06-09,AST-4061,A2,7,6.588332273438081,0.1317290800822131,0.0871913288449448,MRO-80001;MRO-10045;MRO-50009,MRO-80001;MRO-10045;MRO-50009,Screw Compressor,DHR-03,train,12,risk,risk,approved_on_validation,우선 점검 후보
2023-06-09,AST-5003,A2,1,7.698857494481138,0.1953125182023913,0.1405246756728567,MRO-70005;MRO-40022;MRO-10045,MRO-10045;MRO-20031;MRO-80001,EOT Crane,DHR-03,train,12,caution,risk,approved_on_validation,우선 점검 후보
2023-06-09,AST-5007,A2,8,5.159367387565282,0.0635712503022586,0.0373038211279001,MRO-10047;MRO-80001;MRO-10045,MRO-10047;MRO-80001;MRO-10045,EOT Crane,PUN-01,train,12,risk,caution,approved_on_validation,우선 점검 후보
2023-06-10,AST-1041,A2,0,0.0029295989088085,4.893799716040671e-12,4.4692131646243414e-15,MRO-10045;MRO-10046;MRO-10047,MRO-10045;MRO-10046;MRO-10047,CNC Lathe,PUN-01,train,12,normal,normal,approved_on_validation,우선 점검 후보
2023-06-10,AST-1042,A2,0,0.0033313032019268,7.886216389036677e-12,7.625132269479931e-15,MRO-50009;MRO-40022;MRO-80001,MRO-50009;MRO-80001;MRO-10045,CNC Lathe,PUN-01,train,12,normal,normal,approved_on_validation,우선 점검 후보
2023-06-10,AST-2017,A2,0,0.003282368289006,6.75468879444283e-12,6.963500388134758e-15,MRO-40021;MRO-10047;MRO-10045,MRO-10047;MRO-10045;MRO-10046,Hydraulic Press,PUN-01,train,12,normal,normal,approved_on_validation,우선 점검 후보
2023-06-10,AST-2031,A2,0,0.0032208049390267,6.4869351020812816e-12,6.535692020702373e-15,MRO-10045;MRO-10047;MRO-20031,MRO-10045;MRO-10047;MRO-20031,Hydraulic Press,CHN-02,train,12,normal,normal,approved_on_validation,우선 점검 후보
2023-06-10,AST-3008,A2,0,0.0032008134809127,6.2865059426433595e-12,6.296357415364916e-15,MRO-10045;MRO-10046;MRO-20031,MRO-10045;MRO-10046;MRO-20031,Belt Conveyor,CHN-02,train,12,normal,normal,approved_on_validation,우선 점검 후보
2023-06-10,AST-3019,A2,0,0.0031901312030552,5.9398592303227114e-12,6.000662095899859e-15,MRO-30012;MRO-10047;MRO-40021,MRO-10047;MRO-10045;MRO-20031,Belt Conveyor,CHN-02,train,12,normal,normal,approved_on_validation,우선 점검 후보
2023-06-10,AST-4055,A2,0,0.0031541886123693,5.969406266329468e-12,5.944538813798837e-15,MRO-10045;MRO-40021;MRO-40022,MRO-10045;MRO-10046;MRO-80001,Screw Compressor,DHR-03,train,12,normal,normal,approved_on_validation,우선 점검 후보
2023-06-10,AST-4061,A2,0,0.0032442310121565,6.6094480328002566e-12,6.707519897421074e-15,MRO-10045;MRO-10046;MRO-10047,MRO-10045;MRO-10046;MRO-10047,Screw Compressor,DHR-03,train,12,normal,normal,approved_on_validation,우선 점검 후보
2023-06-10,AST-5003,A2,0,0.003224988022987,6.655930930406107e-12,6.680804331098839e-15,MRO-10045;MRO-10046;MRO-10047,MRO-10045;MRO-10046;MRO-10047,EOT Crane,DHR-03,train,12,normal,normal,approved_on_validation,우선 점검 후보
2023-06-10,AST-5007,A2,0,0.0029769035315793,4.964301947888343e-12,4.711261094214507e-15,MRO-70004;MRO-10047;MRO-30011,MRO-10047;MRO-10045;MRO-10046,EOT Crane,PUN-01,train,12,normal,normal,approved_on_validation,우선 점검 후보
2023-06-11,AST-1041,A2,0,0.0030275138283749,6.132510491179286e-12,5.573112024861742e-15,MRO-30011;MRO-60016;MRO-70005,MRO-10045;MRO-10046;MRO-10047,CNC Lathe,PUN-01,train,12,normal,normal,approved_on_validation,우선 점검 후보
2023-06-11,AST-1042,A2,0,0.0032691066700339,6.9866997114250416e-12,7.062415239689685e-15,MRO-50009;MRO-10045;MRO-10046,MRO-50009;MRO-10045;MRO-10046,CNC Lathe,PUN-01,train,12,normal,normal,approved_on_validation,우선 점검 후보
2023-06-11,AST-2017,A2,0,0.0032603443099664,6.678453436478414e-12,6.810651045485787e-15,MRO-10047;MRO-40021;MRO-50009,MRO-10047;MRO-50009;MRO-10045,Hydraulic Press,PUN-01,train,12,normal,normal,approved_on_validation,우선 점검 후보
2023-06-11,AST-2031,A2,0,0.0032981700033144,7.204603078932433e-12,7.370020022563844e-15,MRO-10046;MRO-50009;MRO-80001,MRO-10046;MRO-50009;MRO-80001,Hydraulic Press,CHN-02,train,12,normal,normal,approved_on_validation,우선 점검 후보
2023-06-11,AST-3008,A2,0,0.0032082719657569,6.4654873275690305e-12,6.450159142798515e-15,MRO-10045;MRO-10046;MRO-20031,MRO-10045;MRO-10046;MRO-20031,Belt Conveyor,CHN-02,train,12,normal,normal,approved_on_validation,우선 점검 후보
2023-06-11,AST-3019,A2,0,0.0032235080983776,5.680890261306014e-12,5.894413802619491e-15,MRO-30012;MRO-10045;MRO-20031,MRO-10045;MRO-20031;MRO-50009,Belt Conveyor,CHN-02,train,12,normal,normal,approved_on_validation,우선 점검 후보
2023-06-11,AST-4055,A2,0,0.0031900979716498,6.178454006972134e-12,6.209568137406349e-15,MRO-10045;MRO-10046;MRO-80001,MRO-10045;MRO-10046;MRO-80001,Screw Compressor,DHR-03,train,12,normal,normal,approved_on_validation,우선 점검 후보
2023-06-11,AST-4061,A2,0,0.0032355780408525,6.560231401329215e-12,6.639524670361827e-15,MRO-10045;MRO-10046;MRO-10047,MRO-10045;MRO-10046;MRO-10047,Screw Compressor,DHR-03,train,12,normal,normal,approved_on_validation,우선 점검 후보
2023-06-11,AST-5003,A2,0,0.0036483015895971,1.3343182953600005e-11,1.2949103797437751e-14,MRO-10045;MRO-10046;MRO-20031,MRO-10045;MRO-10046;MRO-20031,EOT Crane,DHR-03,train,12,normal,normal,approved_on_validation,우선 점검 후보
2023-06-11,AST-5007,A2,0,0.0032633886169898,6.647774535788003e-12,6.8489290776067696e-15,MRO-70004;MRO-10045;MRO-10046,MRO-10045;MRO-10046;MRO-20031,EOT Crane,PUN-01,train,12,normal,normal,approved_on_validation,우선 점검 후보
2023-06-12,AST-1041,A2,2,5.898807319919699,0.0968045546640672,0.0604706962565541,MRO-20031;MRO-10045;MRO-10046,MRO-20031;MRO-10045;MRO-10046,CNC Lathe,PUN-01,train,12,caution,risk,approved_on_validation,우선 점검 후보
2023-06-12,AST-1042,A2,6,6.016925445281845,0.1029557376211373,0.0646124627840096,MRO-80001;MRO-10046;MRO-10047,MRO-80001;MRO-10046;MRO-10047,CNC Lathe,PUN-01,train,12,risk,risk,approved_on_validation,우선 점검 후보
2023-06-12,AST-2017,A2,0,6.636524555803377,0.1325241653094159,0.087920534438974,MRO-50009;MRO-10047;MRO-20031,MRO-50009;MRO-10047;MRO-20031,Hydraulic Press,PUN-01,train,12,normal,risk,approved_on_validation,우선 점검 후보
2023-06-12,AST-2031,A2,5,7.257757482595768,0.1694244262148872,0.1172051838054273,MRO-50009;MRO-10045;MRO-80001,MRO-50009;MRO-10045;MRO-80001,Hydraulic Press,CHN-02,train,12,caution,risk,approved_on_validation,우선 점검 후보
2023-06-12,AST-3008,A2,4,6.299383576787446,0.1158557147314454,0.0754901625566102,MRO-20031;MRO-10045;MRO-10046,MRO-20031;MRO-10045;MRO-10046,Belt Conveyor,CHN-02,train,12,caution,risk,approved_on_validation,우선 점검 후보
2023-06-12,AST-3019,A2,5,5.586845405668076,0.0805139582490566,0.0497127382996357,MRO-30012;MRO-90011;MRO-10047,MRO-10047;MRO-50009;MRO-10045,Belt Conveyor,CHN-02,train,12,caution,caution,approved_on_validation,우선 점검 후보
2023-06-12,AST-4055,A2,12,7.73207761468304,0.2017999041022628,0.141585311443176,MRO-10046;MRO-10047;MRO-80001,MRO-10046;MRO-10047;MRO-80001,Screw Compressor,DHR-03,train,12,high_risk,risk,approved_on_validation,우선 점검 후보
2023-06-12,AST-4061,A2,7,6.443892956931231,0.1244741338943011,0.081222481248628,MRO-50009;MRO-10045;MRO-80001,MRO-50009;MRO-10045;MRO-80001,Screw Compressor,DHR-03,train,12,risk,risk,approved_on_validation,우선 점검 후보
2023-06-12,AST-5003,A2,2,7.912849264737735,0.2116961976059838,0.1505032802484671,MRO-40022;MRO-80001;MRO-10045,MRO-80001;MRO-10045;MRO-20031,EOT Crane,DHR-03,train,12,caution,risk,approved_on_validation,우선 점검 후보
2023-06-12,AST-5007,A2,5,5.279208982482346,0.0671906495730264,0.0406100114550945,MRO-10047;MRO-80001;MRO-40022,MRO-10047;MRO-80001;MRO-10045,EOT Crane,PUN-01,train,12,caution,caution,approved_on_validation,우선 점검 후보
2023-06-13,AST-1041,A2,0,5.969315883685693,0.0978560451901962,0.0629509434241485,MRO-20031;MRO-10045;MRO-10046,MRO-20031;MRO-10045;MRO-10046,CNC Lathe,PUN-01,train,12,normal,risk,approved_on_validation,우선 점검 후보
2023-06-13,AST-1042,A2,0,6.013282829957104,0.1016394433214057,0.0641736674304382,MRO-80001;MRO-10046;MRO-10047,MRO-80001;MRO-10046;MRO-10047,CNC Lathe,PUN-01,train,12,normal,risk,approved_on_validation,우선 점검 후보
2023-06-13,AST-2017,A2,6,8.244361769832171,0.2374678097961488,0.1716147460033145,MRO-80001;MRO-10047;MRO-10045,MRO-80001;MRO-10047;MRO-10045,Hydraulic Press,PUN-01,train,12,risk,risk,approved_on_validation,우선 점검 후보
2023-06-13,AST-2031,A2,4,7.296893847752384,0.1723921555721736,0.1191085964685452,MRO-10045;MRO-50009;MRO-10046,MRO-10045;MRO-50009;MRO-10046,Hydraulic Press,CHN-02,train,12,caution,risk,approved_on_validation,우선 점검 후보
2023-06-13,AST-3008,A2,5,6.22807158397561,0.1128448856818679,0.0724504777491164,MRO-80001;MRO-10047;MRO-20031,MRO-80001;MRO-10047;MRO-20031,Belt Conveyor,CHN-02,train,12,caution,risk,approved_on_validation,우선 점검 후보
2023-06-13,AST-3019,A2,1,5.321278617149895,0.070460056519779,0.0427461102282768,MRO-50009;MRO-10045;MRO-10047,MRO-50009;MRO-10045;MRO-10047,Belt Conveyor,CHN-02,train,12,caution,caution,approved_on_validation,우선 점검 후보
2023-06-13,AST-4055,A2,8,7.292295274136165,0.1745710513807848,0.1189344735047613,MRO-20031;MRO-80001;MRO-10046,MRO-20031;MRO-80001;MRO-10046,Screw Compressor,DHR-03,train,12,risk,risk,approved_on_validation,우선 점검 후보
2023-06-13,AST-4061,A2,2,6.7779186517357335,0.1420002298766004,0.0943136522310599,MRO-40022;MRO-80001;MRO-50009,MRO-80001;MRO-50009;MRO-10045,Screw Compressor,DHR-03,train,12,caution,risk,approved_on_validation,우선 점검 후보
2023-06-13,AST-5003,A2,4,7.15301445751926,0.1665003831376864,0.1116719394405077,MRO-80001;MRO-50009;MRO-20031,MRO-80001;MRO-50009;MRO-20031,EOT Crane,DHR-03,train,12,caution,risk,approved_on_validation,우선 점검 후보
2023-06-13,AST-5007,A2,2,5.282571247309239,0.0686285300682491,0.0407990333798518,MRO-40022;MRO-10045;MRO-20031,MRO-10045;MRO-20031;MRO-10046,EOT Crane,PUN-01,train,12,caution,caution,approved_on_validation,우선 점검 후보
2023-06-14,AST-1041,A2,2,6.001821323958617,0.1013615137260927,0.0637732618018802,MRO-20031;MRO-10045;MRO-10046,MRO-20031;MRO-10045;MRO-10046,CNC Lathe,PUN-01,train,12,caution,risk,approved_on_validation,우선 점검 후보
2023-06-14,AST-1042,A2,2,5.808721888305666,0.0918576934004055,0.0574263706857981,MRO-80001;MRO-10046;MRO-10047,MRO-80001;MRO-10046;MRO-10047,CNC Lathe,PUN-01,train,12,caution,caution,approved_on_validation,우선 점검 후보
2023-06-14,AST-2017,A2,12,8.407268403524176,0.2496981231751887,0.1812911817229804,MRO-80001;MRO-10047;MRO-20031,MRO-80001;MRO-10047;MRO-20031,Hydraulic Press,PUN-01,train,12,high_risk,risk,approved_on_validation,우선 점검 후보
2023-06-14,AST-2031,A2,2,7.695172825951178,0.1971829140901465,0.1394249154690836,MRO-10046;MRO-10045;MRO-50009,MRO-10046;MRO-10045;MRO-50009,Hydraulic Press,CHN-02,train,12,caution,risk,approved_on_validation,우선 점검 후보
2023-06-14,AST-3008,A2,9,7.112974612711319,0.157725869350321,0.1096249124310227,MRO-60016;MRO-80001;MRO-20032,MRO-80001;MRO-10045;MRO-10047,Belt Conveyor,CHN-02,train,12,risk,risk,approved_on_validation,우선 점검 후보
2023-06-14,AST-3019,A2,7,5.840520173764255,0.0904190623102481,0.0580097611544061,MRO-30012;MRO-90011;MRO-10046,MRO-10046;MRO-10047;MRO-50009,Belt Conveyor,CHN-02,train,12,risk,caution,approved_on_validation,우선 점검 후보
2023-06-14,AST-4055,A2,13,8.895972640744121,0.2845585511323144,0.2099147301524401,MRO-20031;MRO-60015;MRO-10047,MRO-20031;MRO-10047;MRO-80001,Screw Compressor,DHR-03,train,12,high_risk,risk,approved_on_validation,우선 점검 후보
2023-06-14,AST-4061,A2,10,6.778675560527515,0.142418733353109,0.0953372447814904,MRO-80001;MRO-50009;MRO-10045,MRO-80001;MRO-50009;MRO-10045,Screw Compressor,DHR-03,train,12,risk,risk,approved_on_validation,우선 점검 후보
2023-06-14,AST-5003,A2,11,6.763063681947883,0.1387448444602664,0.0935206037875153,MRO-10046;MRO-80001;MRO-10045,MRO-10046;MRO-80001;MRO-10045,EOT Crane,DHR-03,train,12,risk,risk,approved_on_validation,우선 점검 후보
2023-06-14,AST-5007,A2,2,5.649499093233974,0.0844185329345095,0.0516525919492657,MRO-20031;MRO-10045;MRO-80001,MRO-20031;MRO-10045;MRO-80001,EOT Crane,PUN-01,train,12,caution,caution,approved_on_validation,우선 점검 후보
2023-06-15,AST-1041,A2,5,5.626117389671493,0.0805260570552445,0.0503525754633981,MRO-70004;MRO-20031;MRO-50009,MRO-20031;MRO-50009;MRO-80001,CNC Lathe,PUN-01,train,12,caution,caution,approved_on_validation,우선 점검 후보
2023-06-15,AST-1042,A2,4,6.078643847620092,0.1010990044454141,0.0658361510813623,MRO-80001;MRO-10047;MRO-20031,MRO-80001;MRO-10047;MRO-20031,CNC Lathe,PUN-01,train,12,caution,risk,approved_on_validation,우선 점검 후보
2023-06-15,AST-2017,A2,11,8.50302255495082,0.2555820691607283,0.1882678483398299,MRO-80001;MRO-10047;MRO-10045,MRO-80001;MRO-10047;MRO-10045,Hydraulic Press,PUN-01,train,12,risk,risk,approved_on_validation,우선 점검 후보
2023-06-15,AST-2031,A2,0,7.217634069285307,0.1698273702865568,0.1156850139276986,MRO-10045;MRO-50009;MRO-80001,MRO-10045;MRO-50009;MRO-80001,Hydraulic Press,CHN-02,train,12,normal,risk,approved_on_validation,우선 점검 후보
2023-06-15,AST-3008,A2,6,6.486010653528335,0.1260112138870856,0.0827327226201142,MRO-80001;MRO-10045;MRO-80002,MRO-80001;MRO-10045;MRO-10047,Belt Conveyor,CHN-02,train,12,risk,risk,approved_on_validation,우선 점검 후보
2023-06-15,AST-3019,A2,7,5.555611256192326,0.0800641939089042,0.0499130075464522,MRO-50009;MRO-10046;MRO-10047,MRO-50009;MRO-10046;MRO-10047,Belt Conveyor,CHN-02,train,12,risk,caution,approved_on_validation,우선 점검 후보
2023-06-15,AST-4055,A2,7,8.017203893076287,0.2216977818319813,0.1581761125112512,MRO-80001;MRO-10045;MRO-20031,MRO-80001;MRO-10045;MRO-20031,Screw Compressor,DHR-03,train,12,risk,risk,approved_on_validation,우선 점검 후보
2023-06-15,AST-4061,A2,7,6.431665096574661,0.1242598240982933,0.0807346653171318,MRO-20031;MRO-50009;MRO-80001,MRO-20031;MRO-50009;MRO-80001,Screw Compressor,DHR-03,train,12,risk,risk,approved_on_validation,우선 점검 후보
2023-06-15,AST-5003,A2,5,7.467707388132002,0.182554953237285,0.1273095817172484,MRO-10046;MRO-80001;MRO-10045,MRO-10046;MRO-80001;MRO-10045,EOT Crane,DHR-03,train,12,caution,risk,approved_on_validation,우선 점검 후보
2023-06-15,AST-5007,A2,9,5.7110079384861,0.0857817200941069,0.0535926703755811,MRO-10045;MRO-70004;MRO-20031,MRO-10045;MRO-20031;MRO-80001,EOT Crane,PUN-01,train,12,risk,caution,approved_on_validation,우선 점검 후보
2023-06-16,AST-1041,A2,10,6.676978038614332,0.1364100567438129,0.0904077779150733,MRO-20031;MRO-50009;MRO-80001,MRO-20031;MRO-50009;MRO-80001,CNC Lathe,PUN-01,train,12,risk,risk,approved_on_validation,우선 점검 후보
2023-06-16,AST-1042,A2,4,5.577984767772326,0.0829589445339559,0.0501594407531621,MRO-50009;MRO-10046;MRO-10047,MRO-50009;MRO-10046;MRO-10047,CNC Lathe,PUN-01,train,12,caution,caution,approved_on_validation,우선 점검 후보
2023-06-16,AST-2017,A2,17,10.078156921484794,0.3707047054536128,0.2938716419308127,MRO-10046;MRO-80001;MRO-10045,MRO-10046;MRO-80001;MRO-10045,Hydraulic Press,PUN-01,train,12,high_risk,risk,approved_on_validation,우선 점검 후보
2023-06-16,AST-2031,A2,8,7.141201189556678,0.1643634978804694,0.1120661368636623,MRO-10045;MRO-80001;MRO-50009,MRO-10045;MRO-80001;MRO-50009,Hydraulic Press,CHN-02,train,12,risk,risk,approved_on_validation,우선 점검 후보
2023-06-16,AST-3008,A2,9,7.693458285053188,0.1978773762135267,0.1395331619975379,MRO-80001;MRO-20031;MRO-10045,MRO-80001;MRO-20031;MRO-10045,Belt Conveyor,CHN-02,train,12,risk,risk,approved_on_validation,우선 점검 후보
2023-06-16,AST-3019,A2,10,5.575390793950475,0.0821802658619465,0.0494612851204503,MRO-30012;MRO-50009;MRO-10046,MRO-50009;MRO-10046;MRO-10047,Belt Conveyor,CHN-02,train,12,risk,caution,approved_on_validation,우선 점검 후보
2023-06-16,AST-4055,A2,16,9.17088364094044,0.3059022093666091,0.2283030810590006,MRO-10047;MRO-20031;MRO-60015,MRO-10047;MRO-20031;MRO-10046,Screw Compressor,DHR-03,train,12,high_risk,risk,approved_on_validation,우선 점검 후보
2023-06-16,AST-4061,A2,0,5.916372202798204,0.0976744837049405,0.0613584810618678,MRO-50009;MRO-80001;MRO-20031,MRO-50009;MRO-80001;MRO-20031,Screw Compressor,DHR-03,train,12,normal,risk,approved_on_validation,우선 점검 후보
2023-06-16,AST-5003,A2,10,7.559829518273553,0.1874789511667136,0.132288410497987,MRO-80001;MRO-10045;MRO-10046,MRO-80001;MRO-10045;MRO-10046,EOT Crane,DHR-03,train,12,risk,risk,approved_on_validation,우선 점검 후보
2023-06-16,AST-5007,A2,10,5.730463299573675,0.0878903312033704,0.0544930004344574,MRO-20031;MRO-80001;MRO-10046,MRO-20031;MRO-80001;MRO-10046,EOT Crane,PUN-01,train,12,risk,caution,approved_on_validation,우선 점검 후보
2023-06-17,AST-1041,A2,0,0.0029172994201494,4.8069305778005285e-12,4.380927444577345e-15,MRO-10045;MRO-10046;MRO-50009,MRO-10045;MRO-10046;MRO-50009,CNC Lathe,PUN-01,train,12,normal,normal,approved_on_validation,우선 점검 후보
2023-06-17,AST-1042,A2,0,0.0032934930036341,7.269864219831299e-12,7.355421886973368e-15,MRO-50009;MRO-10045;MRO-10046,MRO-50009;MRO-10045;MRO-10046,CNC Lathe,PUN-01,train,12,normal,normal,approved_on_validation,우선 점검 후보
2023-06-17,AST-2017,A2,0,0.0033609771636756,6.9277393698205086e-12,7.370855658985118e-15,MRO-60015;MRO-40021;MRO-40022,MRO-10046;MRO-80001;MRO-20031,Hydraulic Press,PUN-01,train,12,normal,normal,approved_on_validation,우선 점검 후보
2023-06-17,AST-2031,A2,0,0.0032228709843195,6.521840595902006e-12,6.568212125768592e-15,MRO-10046;MRO-10047;MRO-20031,MRO-10046;MRO-10047;MRO-20031,Hydraulic Press,CHN-02,train,12,normal,normal,approved_on_validation,우선 점검 후보
2023-06-17,AST-3008,A2,0,0.0032240573591639,6.4781469640818295e-12,6.563035271712669e-15,MRO-70004;MRO-10045;MRO-10046,MRO-10045;MRO-10046;MRO-10047,Belt Conveyor,CHN-02,train,12,normal,normal,approved_on_validation,우선 점검 후보
2023-06-17,AST-3019,A2,0,0.0032237820324144,6.530458343549397e-12,6.5571177798069704e-15,MRO-30011;MRO-10047;MRO-80001,MRO-10047;MRO-80001;MRO-10045,Belt Conveyor,CHN-02,train,12,normal,normal,approved_on_validation,우선 점검 후보
2023-06-17,AST-4055,A2,0,0.0032364904227289,6.529860803020166e-12,6.624063458214886e-15,MRO-10046;MRO-50009;MRO-20033,MRO-10046;MRO-50009;MRO-10045,Screw Compressor,DHR-03,train,12,normal,normal,approved_on_validation,우선 점검 후보
2023-06-17,AST-4061,A2,0,0.003246827398678,6.6272303860825905e-12,6.7307700935447586e-15,MRO-10045;MRO-10046;MRO-10047,MRO-10045;MRO-10046;MRO-10047,Screw Compressor,DHR-03,train,12,normal,normal,approved_on_validation,우선 점검 후보
2023-06-17,AST-5003,A2,0,0.0033219305897963,6.628723832909225e-12,7.0778050507169995e-15,MRO-70004;MRO-40021;MRO-10045,MRO-10045;MRO-10047;MRO-20031,EOT Crane,DHR-03,train,12,normal,normal,approved_on_validation,우선 점검 후보
2023-06-17,AST-5007,A2,0,0.003290305423579,6.729782995284341e-12,7.0434553795157754e-15,MRO-70004;MRO-20031;MRO-20033,MRO-20031;MRO-10045;MRO-10046,EOT Crane,PUN-01,train,12,normal,normal,approved_on_validation,우선 점검 후보
2023-06-18,AST-1041,A2,0,0.0029208078017549,4.811017480818987e-12,4.4006350263800425e-15,MRO-10045;MRO-10046;MRO-20031,MRO-10045;MRO-10046;MRO-20031,CNC Lathe,PUN-01,train,12,normal,normal,approved_on_validation,우선 점검 후보
2023-06-18,AST-1042,A2,0,0.0031958998070229,7.497674219263036e-12,6.888417330784874e-15,MRO-50009;MRO-10045;MRO-10046,MRO-50009;MRO-10045;MRO-10046,CNC Lathe,PUN-01,train,12,normal,normal,approved_on_validation,우선 점검 후보
2023-06-18,AST-2017,A2,0,0.0033160360235054,6.996024956630005e-12,7.259793306845771e-15,MRO-10046;MRO-80001;MRO-30011,MRO-10046;MRO-80001;MRO-10045,Hydraulic Press,PUN-01,train,12,normal,normal,approved_on_validation,우선 점검 후보
2023-06-18,AST-2031,A2,0,0.0032616032986751,7.217819442555539e-12,7.209663676188182e-15,MRO-10045;MRO-10046;MRO-10047,MRO-10045;MRO-10046;MRO-10047,Hydraulic Press,CHN-02,train,12,normal,normal,approved_on_validation,우선 점검 후보
2023-06-18,AST-3008,A2,0,0.0032439547943428,6.601567005422909e-12,6.728026781437631e-15,MRO-70004;MRO-10045;MRO-10046,MRO-10045;MRO-10046;MRO-10047,Belt Conveyor,CHN-02,train,12,normal,normal,approved_on_validation,우선 점검 후보
2023-06-18,AST-3019,A2,0,0.0032850698585046,6.520867017466282e-12,6.722600496151022e-15,MRO-30012;MRO-10045;MRO-10046,MRO-10045;MRO-10046;MRO-20031,Belt Conveyor,CHN-02,train,12,normal,normal,approved_on_validation,우선 점검 후보
2023-06-18,AST-4055,A2,0,0.0032385841310643,6.537053359039315e-12,6.637290332298816e-15,MRO-10046;MRO-50009;MRO-20033,MRO-10046;MRO-50009;MRO-10045,Screw Compressor,DHR-03,train,12,normal,normal,approved_on_validation,우선 점검 후보
2023-06-18,AST-4061,A2,0,0.0032511943871391,6.657247628449116e-12,6.770050683472836e-15,MRO-10045;MRO-10046;MRO-10047,MRO-10045;MRO-10046;MRO-10047,Screw Compressor,DHR-03,train,12,normal,normal,approved_on_validation,우선 점검 후보
2023-06-18,AST-5003,A2,0,0.0032788485394326,7.0233437597826345e-12,7.118490892133863e-15,MRO-10046;MRO-80001;MRO-80002,MRO-10046;MRO-80001;MRO-10045,EOT Crane,DHR-03,train,12,normal,normal,approved_on_validation,우선 점검 후보
2023-06-18,AST-5007,A2,0,0.0032499656921979,6.567288117565701e-12,6.737288304646687e-15,MRO-70004;MRO-10045;MRO-10046,MRO-10045;MRO-10046;MRO-10047,EOT Crane,PUN-01,train,12,normal,normal,approved_on_validation,우선 점검 후보
2023-06-19,AST-1041,A2,3,6.550844091237579,0.1302329552051136,0.0858503975018283,MRO-10047;MRO-80001;MRO-20031,MRO-10047;MRO-80001;MRO-20031,CNC Lathe,PUN-01,train,12,caution,risk,approved_on_validation,우선 점검 후보
2023-06-19,AST-1042,A2,6,5.990891725521746,0.1017364418983171,0.0636196424352788,MRO-50009;MRO-80001;MRO-10046,MRO-50009;MRO-80001;MRO-10046,CNC Lathe,PUN-01,train,12,risk,risk,approved_on_validation,우선 점검 후보
2023-06-19,AST-2017,A2,13,8.348297142348944,0.244619652225673,0.1776207971151678,MRO-80001;MRO-10045;MRO-10046,MRO-80001;MRO-10045;MRO-10046,Hydraulic Press,PUN-01,train,12,high_risk,risk,approved_on_validation,우선 점검 후보
2023-06-19,AST-2031,A2,14,7.509678500724836,0.1878695178448238,0.1311652493046697,MRO-10045;MRO-50009;MRO-20031,MRO-10045;MRO-50009;MRO-20031,Hydraulic Press,CHN-02,train,12,high_risk,risk,approved_on_validation,우선 점검 후보
2023-06-19,AST-3008,A2,0,5.995684701307361,0.1002178928811125,0.0642761781652707,MRO-80001;MRO-20031;MRO-10047,MRO-80001;MRO-20031;MRO-10047,Belt Conveyor,CHN-02,train,12,normal,risk,approved_on_validation,우선 점검 후보
2023-06-19,AST-3019,A2,4,5.333273806354633,0.0728600858865235,0.0434289919183608,MRO-10047;MRO-80001;MRO-20031,MRO-10047;MRO-80001;MRO-20031,Belt Conveyor,CHN-02,train,12,caution,caution,approved_on_validation,우선 점검 후보
2023-06-19,AST-4055,A2,6,7.679164909845588,0.1953403847810176,0.1390664291197096,MRO-10046;MRO-10045;MRO-80001,MRO-10046;MRO-10045;MRO-80001,Screw Compressor,DHR-03,train,12,risk,risk,approved_on_validation,우선 점검 후보
2023-06-19,AST-4061,A2,10,6.504817105287019,0.1274231828540221,0.0832471186779283,MRO-20031;MRO-50009;MRO-10045,MRO-20031;MRO-50009;MRO-10045,Screw Compressor,DHR-03,train,12,risk,risk,approved_on_validation,우선 점검 후보
2023-06-19,AST-5003,A2,8,8.322934732124429,0.2406065223834883,0.1744237112460194,MRO-10046;MRO-80001;MRO-10047,MRO-10046;MRO-80001;MRO-10047,EOT Crane,DHR-03,train,12,risk,risk,approved_on_validation,우선 점검 후보
2023-06-19,AST-5007,A2,4,5.671240646030817,0.0854133955852045,0.052410686379882,MRO-20031;MRO-10047;MRO-10045,MRO-20031;MRO-10047;MRO-10045,EOT Crane,PUN-01,train,12,caution,caution,approved_on_validation,우선 점검 후보
2023-06-20,AST-1041,A2,6,6.2769648301604235,0.1155393451337966,0.0746351475706331,MRO-10047;MRO-80001;MRO-20031,MRO-10047;MRO-80001;MRO-20031,CNC Lathe,PUN-01,train,12,risk,risk,approved_on_validation,우선 점검 후보
2023-06-20,AST-1042,A2,3,6.5061648886421795,0.1249612429458355,0.0817389479427882,MRO-40022;MRO-80002;MRO-20031,MRO-20031;MRO-50009;MRO-80001,CNC Lathe,PUN-01,train,12,caution,risk,approved_on_validation,우선 점검 후보
2023-06-20,AST-2017,A2,0,8.253202093356325,0.2376320282129668,0.1722197350857831,MRO-10047;MRO-50009;MRO-10046,MRO-10047;MRO-50009;MRO-10046,Hydraulic Press,PUN-01,train,12,normal,risk,approved_on_validation,우선 점검 후보
2023-06-20,AST-2031,A2,8,7.496622829624933,0.1868633367259689,0.1299656520191792,MRO-10047;MRO-10045;MRO-20031,MRO-10047;MRO-10045;MRO-20031,Hydraulic Press,CHN-02,train,12,risk,risk,approved_on_validation,우선 점검 후보
2023-06-20,AST-3008,A2,10,6.275808451776238,0.1147373407532733,0.0746530018730783,MRO-50009;MRO-10045;MRO-80001,MRO-50009;MRO-10045;MRO-80001,Belt Conveyor,CHN-02,train,12,risk,risk,approved_on_validation,우선 점검 후보
2023-06-20,AST-3019,A2,6,5.441138063148915,0.0774976103746872,0.0462181430116088,MRO-30012;MRO-80001;MRO-10047,MRO-80001;MRO-10047;MRO-20031,Belt Conveyor,CHN-02,train,12,risk,caution,approved_on_validation,우선 점검 후보
2023-06-20,AST-4055,A2,4,7.613850739890413,0.1946666158753153,0.1352408509426325,MRO-80001;MRO-10047;MRO-50009,MRO-80001;MRO-10047;MRO-50009,Screw Compressor,DHR-03,train,12,caution,risk,approved_on_validation,우선 점검 후보
2023-06-20,AST-4061,A2,15,6.362259824392658,0.1201575315988522,0.0777277552547825,MRO-10046;MRO-10047;MRO-20031,MRO-10046;MRO-10047;MRO-20031,Screw Compressor,DHR-03,train,12,high_risk,risk,approved_on_validation,우선 점검 후보
2023-06-20,AST-5003,A2,6,8.139281824499017,0.2276382271113345,0.1621740420544176,MRO-30012;MRO-80001;MRO-10046,MRO-80001;MRO-10046;MRO-10045,EOT Crane,DHR-03,train,12,risk,risk,approved_on_validation,우선 점검 후보
2023-06-20,AST-5007,A2,6,5.7350397728303815,0.0882239141105765,0.0545628282349372,MRO-10045;MRO-10047;MRO-20031,MRO-10045;MRO-10047;MRO-20031,EOT Crane,PUN-01,train,12,risk,caution,approved_on_validation,우선 점검 후보
2023-06-21,AST-1041,A2,2,6.145115846610589,0.1095228638270181,0.0696830864223006,MRO-10047;MRO-80001;MRO-20031,MRO-10047;MRO-80001;MRO-20031,CNC Lathe,PUN-01,train,12,caution,risk,approved_on_validation,우선 점검 후보
2023-06-21,AST-1042,A2,5,6.432579211188905,0.1228829679403892,0.0796162087514872,MRO-20031;MRO-40022;MRO-50009,MRO-20031;MRO-50009;MRO-80001,CNC Lathe,PUN-01,train,12,caution,risk,approved_on_validation,우선 점검 후보
2023-06-21,AST-2017,A2,12,10.842983037800051,0.4311207443779621,0.3515053458769407,MRO-50009;MRO-80001;MRO-10047,MRO-50009;MRO-80001;MRO-10047,Hydraulic Press,PUN-01,train,12,high_risk,high_risk,approved_on_validation,우선 점검 후보
2023-06-21,AST-2031,A2,6,7.244969973043311,0.1722728477342446,0.1172249856844038,MRO-10045;MRO-20031;MRO-10047,MRO-10045;MRO-20031;MRO-10047,Hydraulic Press,CHN-02,train,12,risk,risk,approved_on_validation,우선 점검 후보
2023-06-21,AST-3008,A2,0,6.169266105721489,0.1087591399169421,0.0703880169861239,MRO-10045;MRO-20031;MRO-10047,MRO-10045;MRO-20031;MRO-10047,Belt Conveyor,CHN-02,train,12,normal,risk,approved_on_validation,우선 점검 후보
2023-06-21,AST-3019,A2,10,5.390245954570952,0.0759074367095569,0.0449636068936686,MRO-10045;MRO-80001;MRO-10047,MRO-10045;MRO-80001;MRO-10047,Belt Conveyor,CHN-02,train,12,risk,caution,approved_on_validation,우선 점검 후보
2023-06-21,AST-4055,A2,9,8.50846129216642,0.2579187451669498,0.1865909855373029,MRO-10047;MRO-50009;MRO-10046,MRO-10047;MRO-50009;MRO-10046,Screw Compressor,DHR-03,train,12,risk,risk,approved_on_validation,우선 점검 후보
2023-06-21,AST-4061,A2,7,6.430556854492047,0.1238685896645363,0.0806428859304412,MRO-10047;MRO-10046;MRO-80001,MRO-10047;MRO-10046;MRO-80001,Screw Compressor,DHR-03,train,12,risk,risk,approved_on_validation,우선 점검 후보
2023-06-21,AST-5003,A2,4,6.774079297498214,0.1395772803743037,0.0937549748577515,MRO-80001;MRO-10045;MRO-10046,MRO-80001;MRO-10045;MRO-10046,EOT Crane,DHR-03,train,12,caution,risk,approved_on_validation,우선 점검 후보
2023-06-21,AST-5007,A2,11,9.505317600933717,0.3242651673346505,0.2505668861508079,MRO-50009;MRO-80002;MRO-40021,MRO-50009;MRO-10045;MRO-20031,EOT Crane,PUN-01,train,12,risk,risk,approved_on_validation,우선 점검 후보
2023-06-22,AST-1041,A2,1,6.188335518811707,0.1109518314274943,0.0711997703845381,MRO-80001;MRO-10047;MRO-20031,MRO-80001;MRO-10047;MRO-20031,CNC Lathe,PUN-01,train,12,caution,risk,approved_on_validation,우선 점검 후보
2023-06-22,AST-1042,A2,13,9.170425466134496,0.3002045984753915,0.2309868907237192,MRO-20031;MRO-80001;MRO-10047,MRO-20031;MRO-80001;MRO-10047,CNC Lathe,PUN-01,train,12,high_risk,risk,approved_on_validation,우선 점검 후보
2023-06-22,AST-2017,A2,2,7.523943946478362,0.1915428382043137,0.130677785734496,MRO-20031;MRO-10046;MRO-50009,MRO-20031;MRO-10046;MRO-50009,Hydraulic Press,PUN-01,train,12,caution,risk,approved_on_validation,우선 점검 후보
2023-06-22,AST-2031,A2,4,7.977046017918004,0.2189586654438999,0.155160429478643,MRO-10045;MRO-20031;MRO-10046,MRO-10045;MRO-20031;MRO-10046,Hydraulic Press,CHN-02,train,12,caution,risk,approved_on_validation,우선 점검 후보
2023-06-22,AST-3008,A2,2,5.736134772069742,0.0900072121900135,0.0546330867332679,MRO-10045;MRO-80001;MRO-10046,MRO-10045;MRO-80001;MRO-10046,Belt Conveyor,CHN-02,train,12,caution,caution,approved_on_validation,우선 점검 후보
2023-06-22,AST-3019,A2,8,5.389933446964897,0.0764656662011111,0.0449254713751129,MRO-10047;MRO-20031;MRO-50009,MRO-10047;MRO-20031;MRO-50009,Belt Conveyor,CHN-02,train,12,risk,caution,approved_on_validation,우선 점검 후보
2023-06-22,AST-4055,A2,16,9.364192655511417,0.3180420574412431,0.2455384249079566,MRO-10047;MRO-20031;MRO-10046,MRO-10047;MRO-20031;MRO-10046,Screw Compressor,DHR-03,train,12,high_risk,risk,approved_on_validation,우선 점검 후보
2023-06-22,AST-4061,A2,12,6.785736879308234,0.1449087114903824,0.0956691886567679,MRO-10045;MRO-80001;MRO-10046,MRO-10045;MRO-80001;MRO-10046,Screw Compressor,DHR-03,train,12,high_risk,risk,approved_on_validation,우선 점검 후보
2023-06-22,AST-5003,A2,5,6.711756563461639,0.1418010405454635,0.0924390084944692,MRO-10047;MRO-50009;MRO-10046,MRO-10047;MRO-50009;MRO-10046,EOT Crane,DHR-03,train,12,caution,risk,approved_on_validation,우선 점검 후보
2023-06-22,AST-5007,A2,4,5.926066941796291,0.0990126326360814,0.061824723881653,MRO-10047;MRO-80001;MRO-10046,MRO-10047;MRO-80001;MRO-10046,EOT Crane,PUN-01,train,12,caution,risk,approved_on_validation,우선 점검 후보
2023-06-23,AST-1041,A2,6,6.306804679010953,0.1166582709701866,0.0760961859519514,MRO-20031;MRO-50009;MRO-80001,MRO-20031;MRO-50009;MRO-80001,CNC Lathe,PUN-01,train,12,risk,risk,approved_on_validation,우선 점검 후보
2023-06-23,AST-1042,A2,11,10.78015602644059,0.430245592841894,0.3478100902619942,MRO-80001;MRO-10047;MRO-10046,MRO-80001;MRO-10047;MRO-10046,CNC Lathe,PUN-01,train,12,risk,high_risk,approved_on_validation,우선 점검 후보
2023-06-23,AST-2017,A2,1,8.07166410526573,0.2268772156439321,0.1616227704977826,MRO-10046;MRO-50009;MRO-10047,MRO-10046;MRO-50009;MRO-10047,Hydraulic Press,PUN-01,train,12,caution,risk,approved_on_validation,우선 점검 후보
2023-06-23,AST-2031,A2,11,8.121886146989196,0.2282465595279137,0.1640924808977185,MRO-20031;MRO-10045;MRO-10047,MRO-20031;MRO-10045;MRO-10047,Hydraulic Press,CHN-02,train,12,risk,risk,approved_on_validation,우선 점검 후보
2023-06-23,AST-3008,A2,5,6.264723839042749,0.1125241077151868,0.0731056482454629,MRO-10045;MRO-40022;MRO-20031,MRO-10045;MRO-20031;MRO-80001,Belt Conveyor,CHN-02,train,12,caution,risk,approved_on_validation,우선 점검 후보
2023-06-23,AST-3019,A2,4,5.644731123303481,0.0873033231311361,0.0524354380769488,MRO-20031;MRO-10045;MRO-10046,MRO-20031;MRO-10045;MRO-10046,Belt Conveyor,CHN-02,train,12,caution,caution,approved_on_validation,우선 점검 후보
2023-06-23,AST-4055,A2,16,8.349102690374623,0.2413277236179128,0.1778951671511082,MRO-80001;MRO-10045;MRO-10046,MRO-80001;MRO-10045;MRO-10046,Screw Compressor,DHR-03,train,12,high_risk,risk,approved_on_validation,우선 점검 후보
2023-06-23,AST-4061,A2,4,7.17180413457233,0.1696436316338357,0.1151063359070909,MRO-80001;MRO-10046;MRO-10047,MRO-80001;MRO-10046;MRO-10047,Screw Compressor,DHR-03,train,12,caution,risk,approved_on_validation,우선 점검 후보
2023-06-23,AST-5003,A2,0,5.595301873005933,0.0857023370000241,0.0506775737324262,MRO-20031;MRO-10046;MRO-80001,MRO-20031;MRO-10046;MRO-80001,EOT Crane,DHR-03,train,12,normal,caution,approved_on_validation,우선 점검 후보
2023-06-23,AST-5007,A2,5,5.912293648554084,0.088699587212799,0.059580123247112,MRO-70004;MRO-20032;MRO-40022,MRO-10047;MRO-10045;MRO-10046,EOT Crane,PUN-01,train,12,caution,caution,approved_on_validation,우선 점검 후보
2023-06-24,AST-1041,A2,0,0.0029286432865545,4.883198660708035e-12,4.460915008637101e-15,MRO-10045;MRO-10047;MRO-20031,MRO-10045;MRO-10047;MRO-20031,CNC Lathe,PUN-01,train,12,normal,normal,approved_on_validation,우선 점검 후보
2023-06-24,AST-1042,A2,0,0.0031681495877714,6.007732309433545e-12,5.985625884717521e-15,MRO-10046;MRO-20031;MRO-30012,MRO-10046;MRO-20031;MRO-10045,CNC Lathe,PUN-01,train,12,normal,normal,approved_on_validation,우선 점검 후보
2023-06-24,AST-2017,A2,0,0.0032347190584973,6.812593234353832e-12,6.8310035711201755e-15,MRO-20031;MRO-90011;MRO-10045,MRO-20031;MRO-10045;MRO-10046,Hydraulic Press,PUN-01,train,12,normal,normal,approved_on_validation,우선 점검 후보
2023-06-24,AST-2031,A2,0,0.0032427081353982,7.1294622703531646e-12,7.072540031000767e-15,MRO-20031;MRO-10046;MRO-10045,MRO-20031;MRO-10046;MRO-10045,Hydraulic Press,CHN-02,train,12,normal,normal,approved_on_validation,우선 점검 후보
2023-06-24,AST-3008,A2,0,0.003228107039935,6.589220726564602e-12,6.625101329866992e-15,MRO-70004;MRO-10045;MRO-10046,MRO-10045;MRO-10046;MRO-10047,Belt Conveyor,CHN-02,train,12,normal,normal,approved_on_validation,우선 점검 후보
2023-06-24,AST-3019,A2,0,0.0032592322002508,6.013168765173489e-12,6.550425509030329e-15,MRO-20032;MRO-30012;MRO-10047,MRO-10047;MRO-20031;MRO-50009,Belt Conveyor,CHN-02,train,12,normal,normal,approved_on_validation,우선 점검 후보
2023-06-24,AST-4055,A2,0,0.0030880878222843,5.448296118055031e-12,5.325564319423349e-15,MRO-50009;MRO-10046;MRO-20033,MRO-50009;MRO-10046;MRO-80001,Screw Compressor,DHR-03,train,12,normal,normal,approved_on_validation,우선 점검 후보
2023-06-24,AST-4061,A2,0,0.0032537508296818,6.758443523071269e-12,6.840215650259483e-15,MRO-80001;MRO-10045;MRO-10046,MRO-80001;MRO-10045;MRO-10046,Screw Compressor,DHR-03,train,12,normal,normal,approved_on_validation,우선 점검 후보
2023-06-24,AST-5003,A2,0,0.0032324909120459,6.8954309365025425e-12,6.853911138912297e-15,MRO-20031;MRO-10045;MRO-10046,MRO-20031;MRO-10045;MRO-10046,EOT Crane,DHR-03,train,12,normal,normal,approved_on_validation,우선 점검 후보
2023-06-24,AST-5007,A2,0,0.003285573603872,6.436287883801058e-12,6.954653265342437e-15,MRO-70004;MRO-50009;MRO-30011,MRO-50009;MRO-10045;MRO-10046,EOT Crane,PUN-01,train,12,normal,normal,approved_on_validation,우선 점검 후보
2023-06-25,AST-1041,A2,0,0.002923056466319,4.8328118027793985e-12,4.4209155951864994e-15,MRO-10045;MRO-10047;MRO-20031,MRO-10045;MRO-10047;MRO-20031,CNC Lathe,PUN-01,train,12,normal,normal,approved_on_validation,우선 점검 후보
2023-06-25,AST-1042,A2,0,0.003235887103997,6.560333067647368e-12,6.640631656623401e-15,MRO-10045;MRO-10046;MRO-20031,MRO-10045;MRO-10046;MRO-20031,CNC Lathe,PUN-01,train,12,normal,normal,approved_on_validation,우선 점검 후보
2023-06-25,AST-2017,A2,0,0.0032412627092404,6.467091584617302e-12,6.587652355958034e-15,MRO-10045;MRO-30011;MRO-30012,MRO-10045;MRO-10046;MRO-10047,Hydraulic Press,PUN-01,train,12,normal,normal,approved_on_validation,우선 점검 후보
2023-06-25,AST-2031,A2,0,0.0034069496322404,9.016534656395159e-12,9.039553096446844e-15,MRO-10047;MRO-20031;MRO-10045,MRO-10047;MRO-20031;MRO-10045,Hydraulic Press,CHN-02,train,12,normal,normal,approved_on_validation,우선 점검 후보
2023-06-25,AST-3008,A2,0,0.0032290453029663,6.615689890894893e-12,6.63435507063124e-15,MRO-10045;MRO-10046;MRO-10047,MRO-10045;MRO-10046;MRO-10047,Belt Conveyor,CHN-02,train,12,normal,normal,approved_on_validation,우선 점검 후보
2023-06-25,AST-3019,A2,0,0.0032078907209906,6.437711973778384e-12,6.44246819761884e-15,MRO-20032;MRO-10045;MRO-10047,MRO-10045;MRO-10047;MRO-20031,Belt Conveyor,CHN-02,train,12,normal,normal,approved_on_validation,우선 점검 후보
2023-06-25,AST-4055,A2,0,0.0032463122421204,6.614939413188028e-12,6.720696079939147e-15,MRO-20031;MRO-10046;MRO-50009,MRO-20031;MRO-10046;MRO-50009,Screw Compressor,DHR-03,train,12,normal,normal,approved_on_validation,우선 점검 후보
2023-06-25,AST-4061,A2,0,0.0032486962987992,6.627255134315833e-12,6.7390221780960156e-15,MRO-10045;MRO-10046;MRO-10047,MRO-10045;MRO-10046;MRO-10047,Screw Compressor,DHR-03,train,12,normal,normal,approved_on_validation,우선 점검 후보
2023-06-25,AST-5003,A2,0,0.0029189202313618,4.841597463095766e-12,4.404444034469329e-15,MRO-10045;MRO-10046;MRO-10047,MRO-10045;MRO-10046;MRO-10047,EOT Crane,DHR-03,train,12,normal,normal,approved_on_validation,우선 점검 후보
2023-06-25,AST-5007,A2,0,0.0032618000476634,6.574254773600217e-12,6.818443011786995e-15,MRO-70004;MRO-10045;MRO-10046,MRO-10045;MRO-10046;MRO-10047,EOT Crane,PUN-01,train,12,normal,normal,approved_on_validation,우선 점검 후보
2023-06-26,AST-1041,A2,0,6.4752717411735405,0.1277543904424573,0.0833976061483632,MRO-10046;MRO-80001;MRO-10047,MRO-10046;MRO-80001;MRO-10047,CNC Lathe,PUN-01,train,12,normal,risk,approved_on_validation,우선 점검 후보
2023-06-26,AST-1042,A2,13,6.842826376551233,0.1449427276805343,0.0975904428228009,MRO-80001;MRO-10047;MRO-40022,MRO-80001;MRO-10047;MRO-10045,CNC Lathe,PUN-01,train,12,high_risk,risk,approved_on_validation,우선 점검 후보
2023-06-26,AST-2017,A2,12,8.74099402122995,0.2753037396007367,0.2028666288647101,MRO-80001;MRO-10046;MRO-10047,MRO-80001;MRO-10046;MRO-10047,Hydraulic Press,PUN-01,train,12,high_risk,risk,approved_on_validation,우선 점검 후보
2023-06-26,AST-2031,A2,7,7.203254938400231,0.1656815450235897,0.1151822244040999,MRO-20031;MRO-10047;MRO-10045,MRO-20031;MRO-10047;MRO-10045,Hydraulic Press,CHN-02,train,12,risk,risk,approved_on_validation,우선 점검 후보
2023-06-26,AST-3008,A2,11,6.2857033948214065,0.1143602720765744,0.0752510477300979,MRO-10045;MRO-20031;MRO-80001,MRO-10045;MRO-20031;MRO-80001,Belt Conveyor,CHN-02,train,12,risk,risk,approved_on_validation,우선 점검 후보
2023-06-26,AST-3019,A2,5,5.400352138409289,0.0762369159132416,0.0453394447535486,MRO-10046;MRO-10045;MRO-80001,MRO-10046;MRO-10045;MRO-80001,Belt Conveyor,CHN-02,train,12,caution,caution,approved_on_validation,우선 점검 후보
2023-06-26,AST-4055,A2,16,7.99960141490282,0.2209925896019331,0.1572255220595312,MRO-20031;MRO-80001;MRO-10045,MRO-20031;MRO-80001;MRO-10045,Screw Compressor,DHR-03,train,12,high_risk,risk,approved_on_validation,우선 점검 후보
2023-06-26,AST-4061,A2,7,6.566738603528066,0.1317121045082087,0.0862918377174982,MRO-20031;MRO-50009;MRO-10045,MRO-20031;MRO-50009;MRO-10045,Screw Compressor,DHR-03,train,12,risk,risk,approved_on_validation,우선 점검 후보
2023-06-26,AST-5003,A2,5,7.864860725463825,0.2091532508823126,0.1485186974330171,MRO-10047;MRO-80001;MRO-10045,MRO-10047;MRO-80001;MRO-10045,EOT Crane,DHR-03,train,12,caution,risk,approved_on_validation,우선 점검 후보
2023-06-26,AST-5007,A2,6,5.042546355412412,0.0585111622814155,0.0346119588854107,MRO-70004;MRO-80001;MRO-50009,MRO-80001;MRO-50009;MRO-10045,EOT Crane,PUN-01,train,12,risk,caution,approved_on_validation,우선 점검 후보
2023-06-27,AST-1041,A2,6,6.172060803787449,0.1098066725095796,0.0701295716446969,MRO-10046;MRO-80001;MRO-10047,MRO-10046;MRO-80001;MRO-10047,CNC Lathe,PUN-01,train,12,risk,risk,approved_on_validation,우선 점검 후보
2023-06-27,AST-1042,A2,1,6.131745774579878,0.1075922271656655,0.068079752607265,MRO-10047;MRO-80001;MRO-20031,MRO-10047;MRO-80001;MRO-20031,CNC Lathe,PUN-01,train,12,caution,risk,approved_on_validation,우선 점검 후보
2023-06-27,AST-2017,A2,11,8.530102900828531,0.2579521873942047,0.1890083695745846,MRO-80001;MRO-10045;MRO-50009,MRO-80001;MRO-10045;MRO-50009,Hydraulic Press,PUN-01,train,12,risk,risk,approved_on_validation,우선 점검 후보
2023-06-27,AST-2031,A2,4,7.35169531972349,0.1771003631653846,0.1230351303079784,MRO-20031;MRO-10047;MRO-10045,MRO-20031;MRO-10047;MRO-10045,Hydraulic Press,CHN-02,train,12,caution,risk,approved_on_validation,우선 점검 후보
2023-06-27,AST-3008,A2,4,6.390069391723837,0.1202309391616151,0.0790030748077853,MRO-10046;MRO-20031;MRO-10045,MRO-10046;MRO-20031;MRO-10045,Belt Conveyor,CHN-02,train,12,caution,risk,approved_on_validation,우선 점검 후보
2023-06-27,AST-3019,A2,1,5.344215853280297,0.0728838522307411,0.0436146901918892,MRO-10045;MRO-80001;MRO-20031,MRO-10045;MRO-80001;MRO-20031,Belt Conveyor,CHN-02,train,12,caution,caution,approved_on_validation,우선 점검 후보
2023-06-27,AST-4055,A2,4,7.9754286442747,0.2197990464258094,0.1551155298111577,MRO-80001;MRO-20031;MRO-50009,MRO-80001;MRO-20031;MRO-50009,Screw Compressor,DHR-03,train,12,caution,risk,approved_on_validation,우선 점검 후보
2023-06-27,AST-4061,A2,12,6.856338079716955,0.147626710462129,0.0981361917602554,MRO-80001;MRO-10047;MRO-20031,MRO-80001;MRO-10047;MRO-20031,Screw Compressor,DHR-03,train,12,high_risk,risk,approved_on_validation,우선 점검 후보
2023-06-27,AST-5003,A2,20,7.884006747968745,0.2087605748268932,0.1499654202427928,MRO-10045;MRO-70005;MRO-10047,MRO-10045;MRO-10047;MRO-10046,EOT Crane,DHR-03,train,12,high_risk,risk,approved_on_validation,우선 점검 후보
2023-06-27,AST-5007,A2,8,5.359651323981991,0.0714501398250515,0.0427935236570718,MRO-80001;MRO-10045;MRO-50009,MRO-80001;MRO-10045;MRO-50009,EOT Crane,PUN-01,train,12,risk,caution,approved_on_validation,우선 점검 후보
2023-06-28,AST-1041,A2,4,6.158271338815746,0.1104301638688569,0.0703158656581291,MRO-10046;MRO-80001;MRO-10047,MRO-10046;MRO-80001;MRO-10047,CNC Lathe,PUN-01,train,12,caution,risk,approved_on_validation,우선 점검 후보
2023-06-28,AST-1042,A2,3,5.882237318510575,0.0961689844993324,0.059933678492066,MRO-10047;MRO-80001;MRO-10045,MRO-10047;MRO-80001;MRO-10045,CNC Lathe,PUN-01,train,12,caution,risk,approved_on_validation,우선 점검 후보
2023-06-28,AST-2017,A2,9,8.251976491447731,0.2379625362097951,0.1716154144762949,MRO-50009;MRO-10045;MRO-80001,MRO-50009;MRO-10045;MRO-80001,Hydraulic Press,PUN-01,train,12,risk,risk,approved_on_validation,우선 점검 후보
2023-06-28,AST-2031,A2,3,7.450407797595031,0.1833931353536476,0.1271418730222024,MRO-80001;MRO-10047;MRO-20031,MRO-80001;MRO-10047;MRO-20031,Hydraulic Press,CHN-02,train,12,caution,risk,approved_on_validation,우선 점검 후보
2023-06-28,AST-3008,A2,2,6.128488167884943,0.1030971785101665,0.0680355172151745,MRO-70005;MRO-40022;MRO-70004,MRO-80001;MRO-10047;MRO-50009,Belt Conveyor,CHN-02,train,12,caution,risk,approved_on_validation,우선 점검 후보
2023-06-28,AST-3019,A2,4,5.6379347617907145,0.086846949578606,0.0523397179068998,MRO-10046;MRO-10047;MRO-10045,MRO-10046;MRO-10047;MRO-10045,Belt Conveyor,CHN-02,train,12,caution,caution,approved_on_validation,우선 점검 후보
2023-06-28,AST-4055,A2,10,7.6525458762940195,0.1994331303165697,0.1375106183750699,MRO-10045;MRO-80001;MRO-10046,MRO-10045;MRO-80001;MRO-10046,Screw Compressor,DHR-03,train,12,risk,risk,approved_on_validation,우선 점검 후보
2023-06-28,AST-4061,A2,8,6.562582660410433,0.1280586170938498,0.0857813688373741,MRO-80001;MRO-10047;MRO-50009,MRO-80001;MRO-10047;MRO-50009,Screw Compressor,DHR-03,train,12,risk,risk,approved_on_validation,우선 점검 후보
2023-06-28,AST-5003,A2,5,7.367923455106131,0.1738710301101479,0.1226067747685974,MRO-70005;MRO-10045;MRO-50009,MRO-10045;MRO-50009;MRO-80001,EOT Crane,DHR-03,train,12,caution,risk,approved_on_validation,우선 점검 후보
2023-06-28,AST-5007,A2,4,5.614922247388553,0.0847512403151649,0.0511958620396313,MRO-50009;MRO-10045;MRO-80001,MRO-50009;MRO-10045;MRO-80001,EOT Crane,PUN-01,train,12,caution,caution,approved_on_validation,우선 점검 후보
2023-06-29,AST-1041,A2,11,7.1251848995439095,0.1549700548121637,0.109704527201039,MRO-90011;MRO-70005;MRO-50008,MRO-10047;MRO-10046;MRO-20031,CNC Lathe,PUN-01,train,12,risk,risk,approved_on_validation,우선 점검 후보
2023-06-29,AST-1042,A2,2,5.996987446263472,0.1015941161249781,0.0639491910813929,MRO-10045;MRO-50009;MRO-20031,MRO-10045;MRO-50009;MRO-20031,CNC Lathe,PUN-01,train,12,caution,risk,approved_on_validation,우선 점검 후보
2023-06-29,AST-2017,A2,9,8.629680197640177,0.2634455282304611,0.1970074279140337,MRO-50009;MRO-80001;MRO-10047,MRO-50009;MRO-80001;MRO-10047,Hydraulic Press,PUN-01,train,12,risk,risk,approved_on_validation,우선 점검 후보
2023-06-29,AST-2031,A2,5,7.327722849220021,0.1752538730536527,0.1211807706444893,MRO-20031;MRO-80001;MRO-50009,MRO-20031;MRO-80001;MRO-50009,Hydraulic Press,CHN-02,train,12,caution,risk,approved_on_validation,우선 점검 후보
2023-06-29,AST-3008,A2,2,6.396727989876322,0.1191849398893092,0.0794895483957714,MRO-70004;MRO-10046;MRO-20031,MRO-10046;MRO-20031;MRO-50009,Belt Conveyor,CHN-02,train,12,caution,risk,approved_on_validation,우선 점검 후보
2023-06-29,AST-3019,A2,4,5.628488872710688,0.0841097934717325,0.0516127862833829,MRO-10047;MRO-20031;MRO-40022,MRO-10047;MRO-20031;MRO-10045,Belt Conveyor,CHN-02,train,12,caution,caution,approved_on_validation,우선 점검 후보
2023-06-29,AST-4055,A2,16,9.264167317731085,0.3140785428849882,0.2354321594919348,MRO-20031;MRO-50009;MRO-10045,MRO-20031;MRO-50009;MRO-10045,Screw Compressor,DHR-03,train,12,high_risk,risk,approved_on_validation,우선 점검 후보
2023-06-29,AST-4061,A2,2,6.366835874037619,0.1196909168695522,0.0763879638258371,MRO-30012;MRO-80001;MRO-10047,MRO-80001;MRO-10047;MRO-50009,Screw Compressor,DHR-03,train,12,caution,risk,approved_on_validation,우선 점검 후보
2023-06-29,AST-5003,A2,7,9.470032794938689,0.3261961944098531,0.250126771068934,MRO-20031;MRO-10045;MRO-10046,MRO-20031;MRO-10045;MRO-10046,EOT Crane,DHR-03,train,12,risk,risk,approved_on_validation,우선 점검 후보
2023-06-29,AST-5007,A2,8,5.8540261462895895,0.0940498805763307,0.0587391709134226,MRO-50009;MRO-80001;MRO-10045,MRO-50009;MRO-80001;MRO-10045,EOT Crane,PUN-01,train,12,risk,risk,approved_on_validation,우선 점검 후보
2023-06-30,AST-1041,A2,4,5.987999738061097,0.1010755367386393,0.0634362074950072,MRO-10046;MRO-10047;MRO-40021,MRO-10046;MRO-10047;MRO-20031,CNC Lathe,PUN-01,train,12,caution,risk,approved_on_validation,우선 점검 후보
2023-06-30,AST-1042,A2,9,5.940360314413684,0.0994336549594439,0.0619823913474855,MRO-10047;MRO-80001;MRO-10045,MRO-10047;MRO-80001;MRO-10045,CNC Lathe,PUN-01,train,12,risk,risk,approved_on_validation,우선 점검 후보
2023-06-30,AST-2017,A2,4,8.76603219409187,0.2761957445346058,0.204042891323964,MRO-10047;MRO-10045;MRO-80001,MRO-10047;MRO-10045;MRO-80001,Hydraulic Press,PUN-01,train,12,caution,risk,approved_on_validation,우선 점검 후보
2023-06-30,AST-2031,A2,7,8.493138230071821,0.2506636389174672,0.1884224892071226,MRO-90011;MRO-10045;MRO-80001,MRO-10045;MRO-80001;MRO-20031,Hydraulic Press,CHN-02,train,12,risk,risk,approved_on_validation,우선 점검 후보
2023-06-30,AST-3008,A2,4,5.864656001242172,0.0933030196917095,0.0592209657896624,MRO-20031;MRO-10046;MRO-80001,MRO-20031;MRO-10046;MRO-80001,Belt Conveyor,CHN-02,train,12,caution,caution,approved_on_validation,우선 점검 후보
2023-06-30,AST-3019,A2,2,5.339034537972575,0.0728740021159962,0.0440263286558342,MRO-10046;MRO-10047;MRO-10045,MRO-10046;MRO-10047;MRO-10045,Belt Conveyor,CHN-02,train,12,caution,caution,approved_on_validation,우선 점검 후보
2023-06-30,AST-4055,A2,14,8.703808871798312,0.2730478777226855,0.1985357483969065,MRO-20031;MRO-80001;MRO-50009,MRO-20031;MRO-80001;MRO-50009,Screw Compressor,DHR-03,train,12,high_risk,risk,approved_on_validation,우선 점검 후보
2023-06-30,AST-4061,A2,14,6.347786006642229,0.1186414463436647,0.0771377080035512,MRO-80001;MRO-10047;MRO-50009,MRO-80001;MRO-10047;MRO-50009,Screw Compressor,DHR-03,train,12,high_risk,risk,approved_on_validation,우선 점검 후보
2023-06-30,AST-5003,A2,16,8.326978106835055,0.2436754906975929,0.1759654980015295,MRO-80001;MRO-10045;MRO-50009,MRO-80001;MRO-10045;MRO-50009,EOT Crane,DHR-03,train,12,high_risk,risk,approved_on_validation,우선 점검 후보
2023-06-30,AST-5007,A2,1,5.160536235496902,0.0640474400325943,0.0377005996855198,MRO-10047;MRO-50009;MRO-80001,MRO-10047;MRO-50009;MRO-80001,EOT Crane,PUN-01,train,12,caution,caution,approved_on_validation,우선 점검 후보
2023-07-01,AST-1041,A2,0,0.003169344186822,6.150062618548971e-12,6.114123810429005e-15,MRO-70004;MRO-40021;MRO-10045,MRO-10045;MRO-10046;MRO-10047,CNC Lathe,PUN-01,train,12,normal,normal,approved_on_validation,우선 점검 후보
2023-07-01,AST-1042,A2,0,0.0032964746081949,7.279627943772343e-12,7.382735919589818e-15,MRO-50009;MRO-20031;MRO-10045,MRO-50009;MRO-20031;MRO-10045,CNC Lathe,PUN-01,train,12,normal,normal,approved_on_validation,우선 점검 후보
2023-07-01,AST-2017,A2,0,0.0032907711428721,7.20090324155227e-12,7.31574164405833e-15,MRO-10047;MRO-50009;MRO-10046,MRO-10047;MRO-50009;MRO-10046,Hydraulic Press,PUN-01,train,12,normal,normal,approved_on_validation,우선 점검 후보
2023-07-01,AST-2031,A2,0,0.0032459558189033,6.755285352081068e-12,6.832790609456686e-15,MRO-10045;MRO-70004;MRO-10046,MRO-10045;MRO-10046;MRO-10047,Hydraulic Press,CHN-02,train,12,normal,normal,approved_on_validation,우선 점검 후보
2023-07-01,AST-3008,A2,0,0.0031642445612259,6.50852372956159e-12,6.3443757390693626e-15,MRO-10045;MRO-10046;MRO-10047,MRO-10045;MRO-10046;MRO-10047,Belt Conveyor,CHN-02,train,12,normal,normal,approved_on_validation,우선 점검 후보
2023-07-01,AST-3019,A2,0,0.0032406765012861,5.9375337141675026e-12,6.3610467489509295e-15,MRO-90011;MRO-30012;MRO-10045,MRO-10045;MRO-10047;MRO-20031,Belt Conveyor,CHN-02,train,12,normal,normal,approved_on_validation,우선 점검 후보
2023-07-01,AST-4055,A2,0,0.0032497676713677,6.811788399674065e-12,6.880220844989872e-15,MRO-20031;MRO-10045;MRO-10046,MRO-20031;MRO-10045;MRO-10046,Screw Compressor,DHR-03,train,12,normal,normal,approved_on_validation,우선 점검 후보
2023-07-01,AST-4061,A2,0,0.0032865453397024,7.02299907146497e-12,7.167080635233472e-15,MRO-10046;MRO-50009;MRO-80002,MRO-10046;MRO-50009;MRO-80001,Screw Compressor,DHR-03,train,12,normal,normal,approved_on_validation,우선 점검 후보
2023-07-01,AST-5003,A2,0,0.0033957193176897,7.722926381962911e-12,8.172217324495751e-15,MRO-10045;MRO-10047;MRO-80001,MRO-10045;MRO-10047;MRO-80001,EOT Crane,DHR-03,train,12,normal,normal,approved_on_validation,우선 점검 후보
2023-07-01,AST-5007,A2,0,0.0032651800715275,7.042154027397116e-12,7.061208443518292e-15,MRO-10047;MRO-50009;MRO-10045,MRO-10047;MRO-50009;MRO-10045,EOT Crane,PUN-01,train,12,normal,normal,approved_on_validation,우선 점검 후보
2023-07-02,AST-1041,A2,0,0.0030298925327154,4.8562190099129784e-12,4.692604155431119e-15,MRO-40021;MRO-10045;MRO-10046,MRO-10045;MRO-10046;MRO-10047,CNC Lathe,PUN-01,train,12,normal,normal,approved_on_validation,우선 점검 후보
2023-07-02,AST-1042,A2,0,0.0035177886950337,1.0473996484741867e-11,1.0259793022112096e-14,MRO-50009;MRO-80001;MRO-40022,MRO-50009;MRO-80001;MRO-10045,CNC Lathe,PUN-01,train,12,normal,normal,approved_on_validation,우선 점검 후보
2023-07-02,AST-2017,A2,0,0.0032465866978235,6.713888824499459e-12,6.781693990635382e-15,MRO-10046;MRO-10045;MRO-10047,MRO-10046;MRO-10045;MRO-10047,Hydraulic Press,PUN-01,train,12,normal,normal,approved_on_validation,우선 점검 후보
2023-07-02,AST-2031,A2,0,0.0032572091104952,6.539912971152425e-12,6.708461737320091e-15,MRO-40021;MRO-50008;MRO-90011,MRO-10045;MRO-10046;MRO-10047,Hydraulic Press,CHN-02,train,12,normal,normal,approved_on_validation,우선 점검 후보
2023-07-02,AST-3008,A2,0,0.0032345742169082,6.615678308129392e-12,6.672854829418982e-15,MRO-10045;MRO-10046;MRO-10047,MRO-10045;MRO-10046;MRO-10047,Belt Conveyor,CHN-02,train,12,normal,normal,approved_on_validation,우선 점검 후보
2023-07-02,AST-3019,A2,0,0.0032850080660843,6.53314514203639e-12,6.9913909988544746e-15,MRO-90011;MRO-10045;MRO-10046,MRO-10045;MRO-10046;MRO-10047,Belt Conveyor,CHN-02,train,12,normal,normal,approved_on_validation,우선 점검 후보
2023-07-02,AST-4055,A2,0,0.0033120174453051,7.419915412947861e-12,7.543885422785247e-15,MRO-20031;MRO-10046;MRO-10047,MRO-20031;MRO-10046;MRO-10047,Screw Compressor,DHR-03,train,12,normal,normal,approved_on_validation,우선 점검 후보
2023-07-02,AST-4061,A2,0,0.0032440434720497,6.586527750872809e-12,6.6928099184365865e-15,MRO-10045;MRO-10047;MRO-20031,MRO-10045;MRO-10047;MRO-20031,Screw Compressor,DHR-03,train,12,normal,normal,approved_on_validation,우선 점검 후보
2023-07-02,AST-5003,A2,0,0.0032281270664604,6.535682946717736e-12,6.5827346427887514e-15,MRO-10046;MRO-20031;MRO-50009,MRO-10046;MRO-20031;MRO-50009,EOT Crane,DHR-03,train,12,normal,normal,approved_on_validation,우선 점검 후보
2023-07-02,AST-5007,A2,0,0.0032332533536283,6.574265900274189e-12,6.62903130703167e-15,MRO-70005;MRO-10045;MRO-10046,MRO-10045;MRO-10046;MRO-10047,EOT Crane,PUN-01,train,12,normal,normal,approved_on_validation,우선 점검 후보
2023-07-03,AST-1041,A2,9,9.857609287918653,0.3546373078492738,0.2792161429198806,MRO-10046;MRO-10045;MRO-10047,MRO-10046;MRO-10045;MRO-10047,CNC Lathe,PUN-01,train,12,risk,risk,approved_on_validation,우선 점검 후보
2023-07-03,AST-1042,A2,8,6.517938037790092,0.1263115923048836,0.0829350499591637,MRO-20031;MRO-50009;MRO-60016,MRO-20031;MRO-50009;MRO-10047,CNC Lathe,PUN-01,train,12,risk,risk,approved_on_validation,우선 점검 후보
2023-07-03,AST-2017,A2,1,7.970009692276517,0.2170849906862941,0.1553852294909104,MRO-80001;MRO-50009;MRO-10046,MRO-80001;MRO-50009;MRO-10046,Hydraulic Press,PUN-01,train,12,caution,risk,approved_on_validation,우선 점검 후보
2023-07-03,AST-2031,A2,6,7.328703327425468,0.1741303625094953,0.1211157084231943,MRO-10045;MRO-10046;MRO-20031,MRO-10045;MRO-10046;MRO-20031,Hydraulic Press,CHN-02,train,12,risk,risk,approved_on_validation,우선 점검 후보
2023-07-03,AST-3008,A2,4,6.104166626181378,0.1059803754806807,0.0676931129037458,MRO-10045;MRO-80001;MRO-10046,MRO-10045;MRO-80001;MRO-10046,Belt Conveyor,CHN-02,train,12,caution,risk,approved_on_validation,우선 점검 후보
2023-07-03,AST-3019,A2,0,5.6534658142166485,0.0845962287299027,0.0525954879990843,MRO-20031;MRO-10047;MRO-10045,MRO-20031;MRO-10047;MRO-10045,Belt Conveyor,CHN-02,train,12,normal,caution,approved_on_validation,우선 점검 후보
2023-07-03,AST-4055,A2,4,7.122453835680541,0.1664803003257559,0.1111792702363444,MRO-10045;MRO-10046;MRO-80001,MRO-10045;MRO-10046;MRO-80001,Screw Compressor,DHR-03,train,12,caution,risk,approved_on_validation,우선 점검 후보
2023-07-03,AST-4061,A2,6,6.418751028631985,0.1226047198736836,0.0797861034048683,MRO-20031;MRO-50009;MRO-10046,MRO-20031;MRO-50009;MRO-10046,Screw Compressor,DHR-03,train,12,risk,risk,approved_on_validation,우선 점검 후보
2023-07-03,AST-5003,A2,3,7.76514670199944,0.2006686307001203,0.1422600819813849,MRO-10047;MRO-80001;MRO-10045,MRO-10047;MRO-80001;MRO-10045,EOT Crane,DHR-03,train,12,caution,risk,approved_on_validation,우선 점검 후보
2023-07-03,AST-5007,A2,6,5.694800514585641,0.0869843098333604,0.0534266386417368,MRO-10047;MRO-50009;MRO-80001,MRO-10047;MRO-50009;MRO-80001,EOT Crane,PUN-01,train,12,risk,caution,approved_on_validation,우선 점검 후보
2023-07-04,AST-1041,A2,12,7.33840789095155,0.1779394962223434,0.1224980827716239,MRO-10046;MRO-10047;MRO-20031,MRO-10046;MRO-10047;MRO-20031,CNC Lathe,PUN-01,train,12,high_risk,risk,approved_on_validation,우선 점검 후보
2023-07-04,AST-1042,A2,4,6.056537335052387,0.1040457136494089,0.0659613099400448,MRO-10047;MRO-80001;MRO-10045,MRO-10047;MRO-80001;MRO-10045,CNC Lathe,PUN-01,train,12,caution,risk,approved_on_validation,우선 점검 후보
2023-07-04,AST-2017,A2,18,10.205807862946411,0.3869225841120931,0.3020147138176368,MRO-10047;MRO-50009;MRO-10046,MRO-10047;MRO-50009;MRO-10046,Hydraulic Press,PUN-01,train,12,high_risk,risk,approved_on_validation,우선 점검 후보
2023-07-04,AST-2031,A2,4,7.171007223123288,0.1651569409599323,0.1131683180504395,MRO-80001;MRO-10045;MRO-20031,MRO-80001;MRO-10045;MRO-20031,Hydraulic Press,CHN-02,train,12,caution,risk,approved_on_validation,우선 점검 후보
2023-07-04,AST-3008,A2,15,6.327663697682896,0.1175716376102505,0.0759685267423566,MRO-10047;MRO-10046;MRO-20031,MRO-10047;MRO-10046;MRO-20031,Belt Conveyor,CHN-02,train,12,high_risk,risk,approved_on_validation,우선 점검 후보
2023-07-04,AST-3019,A2,1,5.502418501245219,0.0796661576550091,0.048316514388916,MRO-20031;MRO-10047;MRO-10045,MRO-20031;MRO-10047;MRO-10045,Belt Conveyor,CHN-02,train,12,caution,caution,approved_on_validation,우선 점검 후보
2023-07-04,AST-4055,A2,4,7.709744734520476,0.2025792168891867,0.1404692197566323,MRO-20031;MRO-50009;MRO-10046,MRO-20031;MRO-50009;MRO-10046,Screw Compressor,DHR-03,train,12,caution,risk,approved_on_validation,우선 점검 후보
2023-07-04,AST-4061,A2,11,6.922755944332778,0.1515257699991429,0.1012643414381011,MRO-80001;MRO-10046;MRO-50009,MRO-80001;MRO-10046;MRO-50009,Screw Compressor,DHR-03,train,12,risk,risk,approved_on_validation,우선 점검 후보
2023-07-04,AST-5003,A2,9,7.91714233911363,0.2127580784546673,0.1517276051234885,MRO-10047;MRO-80001;MRO-10045,MRO-10047;MRO-80001;MRO-10045,EOT Crane,DHR-03,train,12,risk,risk,approved_on_validation,우선 점검 후보
2023-07-04,AST-5007,A2,2,5.720963604709834,0.0882723241638277,0.0540829537625696,MRO-10047;MRO-10045;MRO-80001,MRO-10047;MRO-10045;MRO-80001,EOT Crane,PUN-01,train,12,caution,caution,approved_on_validation,우선 점검 후보
2023-07-05,AST-1041,A2,3,6.720791157278211,0.1380456357183,0.0928914032215947,MRO-80001;MRO-10046;MRO-10047,MRO-80001;MRO-10046;MRO-10047,CNC Lathe,PUN-01,train,12,caution,risk,approved_on_validation,우선 점검 후보
2023-07-05,AST-1042,A2,2,6.323454213944808,0.1171484076082659,0.0765478836788526,MRO-50009;MRO-80001;MRO-20031,MRO-50009;MRO-80001;MRO-20031,CNC Lathe,PUN-01,train,12,caution,risk,approved_on_validation,우선 점검 후보
2023-07-05,AST-2017,A2,13,8.281145187347729,0.2399831067293895,0.17409838068809,MRO-80001;MRO-10046;MRO-10045,MRO-80001;MRO-10046;MRO-10045,Hydraulic Press,PUN-01,train,12,high_risk,risk,approved_on_validation,우선 점검 후보
2023-07-05,AST-2031,A2,12,7.091589245030418,0.1597839640849801,0.1095674044528175,MRO-10045;MRO-20031;MRO-50009,MRO-10045;MRO-20031;MRO-50009,Hydraulic Press,CHN-02,train,12,high_risk,risk,approved_on_validation,우선 점검 후보
2023-07-05,AST-3008,A2,8,6.635931524129688,0.1366309784638662,0.0896669892727498,MRO-10046;MRO-10047;MRO-50009,MRO-10046;MRO-10047;MRO-50009,Belt Conveyor,CHN-02,train,12,risk,risk,approved_on_validation,우선 점검 후보
2023-07-05,AST-3019,A2,2,5.394848713782949,0.0757659120189297,0.0448996598065023,MRO-20031;MRO-10045;MRO-10046,MRO-20031;MRO-10045;MRO-10046,Belt Conveyor,CHN-02,train,12,caution,caution,approved_on_validation,우선 점검 후보
2023-07-05,AST-4055,A2,2,8.19798625342325,0.2356290753131236,0.1691781336758296,MRO-20031;MRO-10045;MRO-50009,MRO-20031;MRO-10045;MRO-50009,Screw Compressor,DHR-03,train,12,caution,risk,approved_on_validation,우선 점검 후보
2023-07-05,AST-4061,A2,13,7.510803664521736,0.1897944343133191,0.1308339553935339,MRO-80001;MRO-20031;MRO-10046,MRO-80001;MRO-20031;MRO-10046,Screw Compressor,DHR-03,train,12,high_risk,risk,approved_on_validation,우선 점검 후보
2023-07-05,AST-5003,A2,14,7.750253942197416,0.2020512388249903,0.1429293845786251,MRO-10045;MRO-10046;MRO-10047,MRO-10045;MRO-10046;MRO-10047,EOT Crane,DHR-03,train,12,high_risk,risk,approved_on_validation,우선 점검 후보
2023-07-05,AST-5007,A2,2,5.556959905364838,0.0817227744714993,0.0490438866157335,MRO-50009;MRO-10047;MRO-10045,MRO-50009;MRO-10047;MRO-10045,EOT Crane,PUN-01,train,12,caution,caution,approved_on_validation,우선 점검 후보
2023-07-06,AST-1041,A2,12,6.439964387236955,0.1239203121392334,0.0809379643390831,MRO-10046;MRO-10047;MRO-80001,MRO-10046;MRO-10047;MRO-80001,CNC Lathe,PUN-01,train,12,high_risk,risk,approved_on_validation,우선 점검 후보
2023-07-06,AST-1042,A2,6,6.11975594933617,0.1071703063893335,0.0683862399554244,MRO-80001;MRO-20031;MRO-10045,MRO-80001;MRO-20031;MRO-10045,CNC Lathe,PUN-01,train,12,risk,risk,approved_on_validation,우선 점검 후보
2023-07-06,AST-2017,A2,6,8.3811180598131,0.2478450080061852,0.1797579860949876,MRO-80001;MRO-10045;MRO-10047,MRO-80001;MRO-10045;MRO-10047,Hydraulic Press,PUN-01,train,12,risk,risk,approved_on_validation,우선 점검 후보
2023-07-06,AST-2031,A2,8,7.387512439061684,0.1793035152154651,0.1238195045313939,MRO-10046;MRO-20031;MRO-80001,MRO-10046;MRO-20031;MRO-80001,Hydraulic Press,CHN-02,train,12,risk,risk,approved_on_validation,우선 점검 후보
2023-07-06,AST-3008,A2,8,6.577032338944646,0.1315414382654638,0.087422787960884,MRO-80001;MRO-10047;MRO-50009,MRO-80001;MRO-10047;MRO-50009,Belt Conveyor,CHN-02,train,12,risk,risk,approved_on_validation,우선 점검 후보
2023-07-06,AST-3019,A2,10,8.267602047167268,0.2249150998845338,0.1655542291933222,MRO-40022;MRO-40021;MRO-70004,MRO-20031;MRO-10045;MRO-80001,Belt Conveyor,CHN-02,train,12,risk,risk,approved_on_validation,우선 점검 후보
2023-07-06,AST-4055,A2,16,8.02700778409585,0.2236884241021201,0.1587030967330322,MRO-10047;MRO-80001;MRO-10046,MRO-10047;MRO-80001;MRO-10046,Screw Compressor,DHR-03,train,12,high_risk,risk,approved_on_validation,우선 점검 후보
2023-07-06,AST-4061,A2,15,7.395448611967657,0.1787464353151462,0.1244170272830254,MRO-80001;MRO-20031;MRO-40022,MRO-80001;MRO-20031;MRO-10046,Screw Compressor,DHR-03,train,12,high_risk,risk,approved_on_validation,우선 점검 후보
2023-07-06,AST-5003,A2,12,8.059648192079392,0.2239212496492158,0.1607885780173479,MRO-80001;MRO-20031;MRO-10046,MRO-80001;MRO-20031;MRO-10046,EOT Crane,DHR-03,train,12,high_risk,risk,approved_on_validation,우선 점검 후보
2023-07-06,AST-5007,A2,14,5.4513749457924385,0.07631834999025,0.0457834893236014,MRO-50009;MRO-10047;MRO-10045,MRO-50009;MRO-10047;MRO-10045,EOT Crane,PUN-01,train,12,high_risk,caution,approved_on_validation,우선 점검 후보
2023-07-07,AST-1041,A2,12,7.358031094206308,0.1801433083622395,0.1233526828608391,MRO-10047;MRO-10046;MRO-80001,MRO-10047;MRO-10046;MRO-80001,CNC Lathe,PUN-01,train,12,high_risk,risk,approved_on_validation,우선 점검 후보
2023-07-07,AST-1042,A2,1,6.430591278677426,0.1223743629650651,0.0805023517794456,MRO-80001;MRO-50009;MRO-20031,MRO-80001;MRO-50009;MRO-20031,CNC Lathe,PUN-01,train,12,caution,risk,approved_on_validation,우선 점검 후보
2023-07-07,AST-2017,A2,11,8.555268732659243,0.2594227637017686,0.1904930829367483,MRO-80001;MRO-20031;MRO-10045,MRO-80001;MRO-20031;MRO-10045,Hydraulic Press,PUN-01,train,12,risk,risk,approved_on_validation,우선 점검 후보
2023-07-07,AST-2031,A2,6,7.3964826632761325,0.1793148018397002,0.1248143460315401,MRO-80001;MRO-10046;MRO-20031,MRO-80001;MRO-10046;MRO-20031,Hydraulic Press,CHN-02,train,12,risk,risk,approved_on_validation,우선 점검 후보
2023-07-07,AST-3008,A2,2,6.489679360913332,0.1260430516762621,0.0829128330577258,MRO-80001;MRO-10046;MRO-50009,MRO-80001;MRO-10046;MRO-50009,Belt Conveyor,CHN-02,train,12,caution,risk,approved_on_validation,우선 점검 후보
2023-07-07,AST-3019,A2,4,5.163723943065281,0.0667257513301899,0.038766177879895,MRO-10045;MRO-50009;MRO-10046,MRO-10045;MRO-50009;MRO-10046,Belt Conveyor,CHN-02,train,12,caution,caution,approved_on_validation,우선 점검 후보
2023-07-07,AST-4055,A2,13,8.421006802561815,0.2502087738656499,0.1818525205463172,MRO-10047;MRO-10045;MRO-20031,MRO-10047;MRO-10045;MRO-20031,Screw Compressor,DHR-03,train,12,high_risk,risk,approved_on_validation,우선 점검 후보
2023-07-07,AST-4061,A2,9,6.280701909561133,0.1162718042188516,0.0743279041780113,MRO-80001;MRO-50009;MRO-20031,MRO-80001;MRO-50009;MRO-20031,Screw Compressor,DHR-03,train,12,risk,risk,approved_on_validation,우선 점검 후보
2023-07-07,AST-5003,A2,5,7.597550949226664,0.191751033434977,0.134647325533942,MRO-50009;MRO-20031;MRO-10046,MRO-50009;MRO-20031;MRO-10046,EOT Crane,DHR-03,train,12,caution,risk,approved_on_validation,우선 점검 후보
2023-07-07,AST-5007,A2,4,5.702984354122348,0.0878559452426245,0.0536758872142059,MRO-10045;MRO-50009;MRO-80001,MRO-10045;MRO-50009;MRO-80001,EOT Crane,PUN-01,train,12,caution,caution,approved_on_validation,우선 점검 후보
2023-07-08,AST-1041,A2,0,0.0031985532830625,6.18324459847949e-12,6.225999940242943e-15,MRO-80001;MRO-20033;MRO-30012,MRO-80001;MRO-10045;MRO-10046,CNC Lathe,PUN-01,train,12,normal,normal,approved_on_validation,우선 점검 후보
2023-07-08,AST-1042,A2,0,0.0033743162464132,8.213194438567873e-12,8.34190569990946e-15,MRO-80001;MRO-10045;MRO-10046,MRO-80001;MRO-10045;MRO-10046,CNC Lathe,PUN-01,train,12,normal,normal,approved_on_validation,우선 점검 후보
2023-07-08,AST-2017,A2,0,0.0033098672465254,7.0341317733942585e-12,7.274350685727407e-15,MRO-20033;MRO-50008;MRO-50009,MRO-50009;MRO-20031;MRO-10045,Hydraulic Press,PUN-01,train,12,normal,normal,approved_on_validation,우선 점검 후보
2023-07-08,AST-2031,A2,0,0.0032508986122678,6.755464882512997e-12,6.835645435169015e-15,MRO-10047;MRO-20033;MRO-10045,MRO-10047;MRO-10045;MRO-10046,Hydraulic Press,CHN-02,train,12,normal,normal,approved_on_validation,우선 점검 후보
2023-07-08,AST-3008,A2,0,0.0032083119174113,6.587010854747182e-12,6.565138362634637e-15,MRO-10045;MRO-10046;MRO-10047,MRO-10045;MRO-10046;MRO-10047,Belt Conveyor,CHN-02,train,12,normal,normal,approved_on_validation,우선 점검 후보
2023-07-08,AST-3019,A2,0,0.0032203150729727,6.680402652566065e-12,6.635488202715642e-15,MRO-50009;MRO-10045;MRO-10046,MRO-50009;MRO-10045;MRO-10046,Belt Conveyor,CHN-02,train,12,normal,normal,approved_on_validation,우선 점검 후보
2023-07-08,AST-4055,A2,0,0.0032275327891263,6.515824225551088e-12,6.58411778410628e-15,MRO-20033;MRO-40021;MRO-40022,MRO-10046;MRO-10047;MRO-50009,Screw Compressor,DHR-03,train,12,normal,normal,approved_on_validation,우선 점검 후보
2023-07-08,AST-4061,A2,0,0.0032805410886638,7.082462446829852e-12,7.184479632889407e-15,MRO-80001;MRO-10045;MRO-10046,MRO-80001;MRO-10045;MRO-10046,Screw Compressor,DHR-03,train,12,normal,normal,approved_on_validation,우선 점검 후보
2023-07-08,AST-5003,A2,0,0.0032441066636729,6.76138887238103e-12,6.802069051457668e-15,MRO-80001;MRO-10045;MRO-10047,MRO-80001;MRO-10045;MRO-10047,EOT Crane,DHR-03,train,12,normal,normal,approved_on_validation,우선 점검 후보
2023-07-08,AST-5007,A2,0,0.0032026080354995,6.478668494424833e-12,6.433462819664346e-15,MRO-10045;MRO-10046;MRO-10047,MRO-10045;MRO-10046;MRO-10047,EOT Crane,PUN-01,train,12,normal,normal,approved_on_validation,우선 점검 후보
2023-07-09,AST-1041,A2,0,0.0029081251642398,4.619002545339766e-12,4.241292554775733e-15,MRO-20031;MRO-80001;MRO-20033,MRO-20031;MRO-80001;MRO-10045,CNC Lathe,PUN-01,train,12,normal,normal,approved_on_validation,우선 점검 후보
2023-07-09,AST-1042,A2,0,0.0032373494514985,6.574265951290663e-12,6.655934504809723e-15,MRO-10045;MRO-10046;MRO-10047,MRO-10045;MRO-10046;MRO-10047,CNC Lathe,PUN-01,train,12,normal,normal,approved_on_validation,우선 점검 후보
2023-07-09,AST-2017,A2,0,0.0032870149361083,6.995420019941952e-12,7.158212083745038e-15,MRO-20031;MRO-50009;MRO-60016,MRO-20031;MRO-50009;MRO-10045,Hydraulic Press,PUN-01,train,12,normal,normal,approved_on_validation,우선 점검 후보
2023-07-09,AST-2031,A2,0,0.0031936621443741,6.538766684951057e-12,6.4857645790941225e-15,MRO-10045;MRO-10046;MRO-10047,MRO-10045;MRO-10046;MRO-10047,Hydraulic Press,CHN-02,train,12,normal,normal,approved_on_validation,우선 점검 후보
2023-07-09,AST-3008,A2,0,0.0032891537066231,6.509467546731826e-12,6.996635330133634e-15,MRO-90012;MRO-10045;MRO-10046,MRO-10045;MRO-10046;MRO-10047,Belt Conveyor,CHN-02,train,12,normal,normal,approved_on_validation,우선 점검 후보
2023-07-09,AST-3019,A2,0,0.0032170008254427,6.526240309940975e-12,6.541068282012672e-15,MRO-10045;MRO-10046;MRO-10047,MRO-10045;MRO-10046;MRO-10047,Belt Conveyor,CHN-02,train,12,normal,normal,approved_on_validation,우선 점검 후보
2023-07-09,AST-4055,A2,0,0.0031718033517575,5.742656624972602e-12,5.8216444354922915e-15,MRO-10046;MRO-10047;MRO-20033,MRO-10046;MRO-10047;MRO-50009,Screw Compressor,DHR-03,train,12,normal,normal,approved_on_validation,우선 점검 후보
2023-07-09,AST-4061,A2,0,0.0033275374420541,7.662105564812e-12,7.771825737371931e-15,MRO-80001;MRO-10045;MRO-10046,MRO-80001;MRO-10045;MRO-10046,Screw Compressor,DHR-03,train,12,normal,normal,approved_on_validation,우선 점검 후보
2023-07-09,AST-5003,A2,0,0.0032458402199321,6.656450604792587e-12,6.732761538804197e-15,MRO-10045;MRO-10047;MRO-20031,MRO-10045;MRO-10047;MRO-20031,EOT Crane,DHR-03,train,12,normal,normal,approved_on_validation,우선 점검 후보
2023-07-09,AST-5007,A2,0,0.0032294963289844,6.567299334533867e-12,6.601073291657552e-15,MRO-10046;MRO-10047;MRO-20031,MRO-10046;MRO-10047;MRO-20031,EOT Crane,PUN-01,train,12,normal,normal,approved_on_validation,우선 점검 후보
2023-07-10,AST-1041,A2,12,6.4822079233006376,0.125443349081595,0.0835152409647268,MRO-10045;MRO-10046;MRO-10047,MRO-10045;MRO-10046;MRO-10047,CNC Lathe,PUN-01,train,12,high_risk,risk,approved_on_validation,우선 점검 후보
2023-07-10,AST-1042,A2,6,5.995442129448588,0.1018727038380289,0.0636729078671335,MRO-10045;MRO-50009;MRO-80001,MRO-10045;MRO-50009;MRO-80001,CNC Lathe,PUN-01,train,12,risk,risk,approved_on_validation,우선 점검 후보
2023-07-10,AST-2017,A2,10,8.40136537669009,0.2489588921148836,0.1802578167850466,MRO-80001;MRO-20031;MRO-10045,MRO-80001;MRO-20031;MRO-10045,Hydraulic Press,PUN-01,train,12,risk,risk,approved_on_validation,우선 점검 후보
2023-07-10,AST-2031,A2,5,7.160783457871065,0.1638103314451838,0.1125504958158605,MRO-10047;MRO-20031;MRO-10045,MRO-10047;MRO-20031;MRO-10045,Hydraulic Press,CHN-02,train,12,caution,risk,approved_on_validation,우선 점검 후보
2023-07-10,AST-3008,A2,6,6.684116732351276,0.1340197734240732,0.0911484475638367,MRO-20032;MRO-50009;MRO-10046,MRO-50009;MRO-10046;MRO-80001,Belt Conveyor,CHN-02,train,12,risk,risk,approved_on_validation,우선 점검 후보
2023-07-10,AST-3019,A2,9,5.604740278525193,0.0847312034956214,0.05126556222567,MRO-50009;MRO-10045;MRO-10046,MRO-50009;MRO-10045;MRO-10046,Belt Conveyor,CHN-02,train,12,risk,caution,approved_on_validation,우선 점검 후보
2023-07-10,AST-4055,A2,14,7.887686270071324,0.206679659022124,0.1517285302684515,MRO-70004;MRO-10046;MRO-10047,MRO-10046;MRO-10047;MRO-80001,Screw Compressor,DHR-03,train,12,high_risk,risk,approved_on_validation,우선 점검 후보
2023-07-10,AST-4061,A2,4,6.451514748233671,0.1249224819444619,0.0816926548559521,MRO-80001;MRO-50009;MRO-20031,MRO-80001;MRO-50009;MRO-20031,Screw Compressor,DHR-03,train,12,caution,risk,approved_on_validation,우선 점검 후보
2023-07-10,AST-5003,A2,10,7.585866164448605,0.1893476374750762,0.1322376381030391,MRO-60016;MRO-10045;MRO-10046,MRO-10045;MRO-10046;MRO-50009,EOT Crane,DHR-03,train,12,risk,risk,approved_on_validation,우선 점검 후보
2023-07-10,AST-5007,A2,0,5.67200237435328,0.0863722483476119,0.0527005013845199,MRO-10045;MRO-50009;MRO-80001,MRO-10045;MRO-50009;MRO-80001,EOT Crane,PUN-01,train,12,normal,caution,approved_on_validation,우선 점검 후보
2023-07-11,AST-1041,A2,12,6.489574732076714,0.1259149564355683,0.0835478475711991,MRO-10046;MRO-10047;MRO-80001,MRO-10046;MRO-10047;MRO-80001,CNC Lathe,PUN-01,train,12,high_risk,risk,approved_on_validation,우선 점검 후보
2023-07-11,AST-1042,A2,13,7.363570863789644,0.1800689516070447,0.123062530239296,MRO-10047;MRO-80001;MRO-50009,MRO-10047;MRO-80001;MRO-50009,CNC Lathe,PUN-01,train,12,high_risk,risk,approved_on_validation,우선 점검 후보
2023-07-11,AST-2017,A2,16,8.279737426877603,0.2391446500236477,0.1731662974339414,MRO-80001;MRO-50009;MRO-20031,MRO-80001;MRO-50009;MRO-20031,Hydraulic Press,PUN-01,train,12,high_risk,risk,approved_on_validation,우선 점검 후보
2023-07-11,AST-2031,A2,4,7.358731216756935,0.1768778773371061,0.1222978032412602,MRO-80001;MRO-10047;MRO-20031,MRO-80001;MRO-10047;MRO-20031,Hydraulic Press,CHN-02,train,12,caution,risk,approved_on_validation,우선 점검 후보
2023-07-11,AST-3008,A2,4,5.998966318794968,0.1009723119416624,0.0641128756621361,MRO-10047;MRO-20031;MRO-50009,MRO-10047;MRO-20031;MRO-50009,Belt Conveyor,CHN-02,train,12,caution,risk,approved_on_validation,우선 점검 후보
2023-07-11,AST-3019,A2,7,5.635227499881505,0.0852423006642676,0.0521608392994539,MRO-50009;MRO-10046;MRO-20031,MRO-50009;MRO-10046;MRO-20031,Belt Conveyor,CHN-02,train,12,risk,caution,approved_on_validation,우선 점검 후보
2023-07-11,AST-4055,A2,7,8.160000194659846,0.2312323848592141,0.1664312540617152,MRO-20031;MRO-10047;MRO-10046,MRO-20031;MRO-10047;MRO-10046,Screw Compressor,DHR-03,train,12,risk,risk,approved_on_validation,우선 점검 후보
2023-07-11,AST-4061,A2,10,6.585284994304185,0.1339733401406248,0.0869468727754289,MRO-80001;MRO-10045;MRO-50009,MRO-80001;MRO-10045;MRO-50009,Screw Compressor,DHR-03,train,12,risk,risk,approved_on_validation,우선 점검 후보
2023-07-11,AST-5003,A2,2,6.288662310311027,0.1131074979808775,0.0735737869888091,MRO-10047;MRO-10046;MRO-50009,MRO-10047;MRO-10046;MRO-50009,EOT Crane,DHR-03,train,12,caution,risk,approved_on_validation,우선 점검 후보
2023-07-11,AST-5007,A2,0,5.776441773881013,0.0907052771367357,0.0561038078732514,MRO-10045;MRO-50009;MRO-80001,MRO-10045;MRO-50009;MRO-80001,EOT Crane,PUN-01,train,12,normal,caution,approved_on_validation,우선 점검 후보
2023-07-12,AST-1041,A2,0,5.930315395766405,0.0963490367855761,0.0614358223671121,MRO-10046;MRO-10047;MRO-10045,MRO-10046;MRO-10047;MRO-10045,CNC Lathe,PUN-01,train,12,normal,risk,approved_on_validation,우선 점검 후보
2023-07-12,AST-1042,A2,2,5.749630512688467,0.0902791041487466,0.0557445230620346,MRO-10047;MRO-20031;MRO-80001,MRO-10047;MRO-20031;MRO-80001,CNC Lathe,PUN-01,train,12,caution,caution,approved_on_validation,우선 점검 후보
2023-07-12,AST-2017,A2,7,8.553944335009824,0.2602468287918027,0.190166317564652,MRO-80001;MRO-50009;MRO-20031,MRO-80001;MRO-50009;MRO-20031,Hydraulic Press,PUN-01,train,12,risk,risk,approved_on_validation,우선 점검 후보
2023-07-12,AST-2031,A2,4,7.499988802639193,0.1843815851371381,0.1291898276649292,MRO-40022;MRO-20031;MRO-10047,MRO-20031;MRO-10047;MRO-80001,Hydraulic Press,CHN-02,train,12,caution,risk,approved_on_validation,우선 점검 후보
2023-07-12,AST-3008,A2,0,6.381225880694479,0.1203412690130505,0.078978063136165,MRO-10046;MRO-80001;MRO-50009,MRO-10046;MRO-80001;MRO-50009,Belt Conveyor,CHN-02,train,12,normal,risk,approved_on_validation,우선 점검 후보
2023-07-12,AST-3019,A2,7,5.340257793542944,0.0734554660007399,0.0439337419986257,MRO-10045;MRO-50009;MRO-20031,MRO-10045;MRO-50009;MRO-20031,Belt Conveyor,CHN-02,train,12,risk,caution,approved_on_validation,우선 점검 후보
2023-07-12,AST-4055,A2,10,7.696551819278531,0.2015828779930377,0.1402075033950427,MRO-10046;MRO-80001;MRO-50009,MRO-10046;MRO-80001;MRO-50009,Screw Compressor,DHR-03,train,12,risk,risk,approved_on_validation,우선 점검 후보
2023-07-12,AST-4061,A2,10,7.281420291919592,0.1712684587847465,0.1181808896282625,MRO-80001;MRO-10045;MRO-20031,MRO-80001;MRO-10045;MRO-20031,Screw Compressor,DHR-03,train,12,risk,risk,approved_on_validation,우선 점검 후보
2023-07-12,AST-5003,A2,16,7.555605893182716,0.1893182870285175,0.132134257558413,MRO-10046;MRO-10047;MRO-10045,MRO-10046;MRO-10047;MRO-10045,EOT Crane,DHR-03,train,12,high_risk,risk,approved_on_validation,우선 점검 후보
2023-07-12,AST-5007,A2,7,5.694603488259339,0.0867676197849255,0.0532146911250159,MRO-10045;MRO-50009;MRO-10047,MRO-10045;MRO-50009;MRO-10047,EOT Crane,PUN-01,train,12,risk,caution,approved_on_validation,우선 점검 후보
2023-07-13,AST-1041,A2,5,6.337793053118323,0.1173959782175789,0.0768055971305473,MRO-10047;MRO-80001;MRO-10045,MRO-10047;MRO-80001;MRO-10045,CNC Lathe,PUN-01,train,12,caution,risk,approved_on_validation,우선 점검 후보
2023-07-13,AST-1042,A2,14,6.500948218890064,0.1267825500437028,0.0835808726657604,MRO-10047;MRO-20031;MRO-50009,MRO-10047;MRO-20031;MRO-50009,CNC Lathe,PUN-01,train,12,high_risk,risk,approved_on_validation,우선 점검 후보
2023-07-13,AST-2017,A2,6,8.567065387891127,0.2647369284125903,0.189381885605302,MRO-50009;MRO-10047;MRO-80001,MRO-50009;MRO-10047;MRO-80001,Hydraulic Press,PUN-01,train,12,risk,risk,approved_on_validation,우선 점검 후보
2023-07-13,AST-2031,A2,0,7.111347785582819,0.1614267064601515,0.1106299927597956,MRO-10047;MRO-20031;MRO-80001,MRO-10047;MRO-20031;MRO-80001,Hydraulic Press,CHN-02,train,12,normal,risk,approved_on_validation,우선 점검 후보
2023-07-13,AST-3008,A2,5,6.308219505325577,0.116721688359871,0.0759580357537591,MRO-10046;MRO-80001;MRO-50009,MRO-10046;MRO-80001;MRO-50009,Belt Conveyor,CHN-02,train,12,caution,risk,approved_on_validation,우선 점검 후보
2023-07-13,AST-3019,A2,4,5.310042324518209,0.0734726767669107,0.0431790174750748,MRO-10047;MRO-10045;MRO-20031,MRO-10047;MRO-10045;MRO-20031,Belt Conveyor,CHN-02,train,12,caution,caution,approved_on_validation,우선 점검 후보
2023-07-13,AST-4055,A2,4,8.121822712213582,0.2302802010326733,0.1636348533501711,MRO-10046;MRO-10047;MRO-10045,MRO-10046;MRO-10047;MRO-10045,Screw Compressor,DHR-03,train,12,caution,risk,approved_on_validation,우선 점검 후보
2023-07-13,AST-4061,A2,2,6.769183370315449,0.1415584121980831,0.094980850694742,MRO-80001;MRO-20031;MRO-10045,MRO-80001;MRO-20031;MRO-10045,Screw Compressor,DHR-03,train,12,caution,risk,approved_on_validation,우선 점검 후보
2023-07-13,AST-5003,A2,11,8.03166127561978,0.2213997719359264,0.158108107588338,MRO-10046;MRO-10047;MRO-10045,MRO-10046;MRO-10047;MRO-10045,EOT Crane,DHR-03,train,12,risk,risk,approved_on_validation,우선 점검 후보
2023-07-13,AST-5007,A2,2,5.2210775990094405,0.0660688481106538,0.0390541641377582,MRO-50009;MRO-10047;MRO-80001,MRO-50009;MRO-10047;MRO-80001,EOT Crane,PUN-01,train,12,caution,caution,approved_on_validation,우선 점검 후보
2023-07-14,AST-1041,A2,8,6.405023925217215,0.1228301072412266,0.0796158623243141,MRO-10045;MRO-10046;MRO-20031,MRO-10045;MRO-10046;MRO-20031,CNC Lathe,PUN-01,train,12,risk,risk,approved_on_validation,우선 점검 후보
2023-07-14,AST-1042,A2,19,7.49114456666887,0.1845304518277259,0.1305700054479214,MRO-80001;MRO-20031;MRO-50009,MRO-80001;MRO-20031;MRO-50009,CNC Lathe,PUN-01,train,12,high_risk,risk,approved_on_validation,우선 점검 후보
2023-07-14,AST-2017,A2,14,8.816202178054485,0.2778508804197804,0.2080016268786149,MRO-80001;MRO-50009;MRO-10047,MRO-80001;MRO-50009;MRO-10047,Hydraulic Press,PUN-01,train,12,high_risk,risk,approved_on_validation,우선 점검 후보
2023-07-14,AST-2031,A2,0,7.083688598633035,0.159193485298137,0.1090363820185006,MRO-80001;MRO-20031;MRO-10045,MRO-80001;MRO-20031;MRO-10045,Hydraulic Press,CHN-02,train,12,normal,risk,approved_on_validation,우선 점검 후보
2023-07-14,AST-3008,A2,1,6.5380538237176395,0.1291782030583117,0.0852869660472406,MRO-80001;MRO-50009;MRO-10046,MRO-80001;MRO-50009;MRO-10046,Belt Conveyor,CHN-02,train,12,caution,risk,approved_on_validation,우선 점검 후보
2023-07-14,AST-3019,A2,5,5.738061394316927,0.0883157706515434,0.0555388250651884,MRO-10045;MRO-20032;MRO-10047,MRO-10045;MRO-10047;MRO-50009,Belt Conveyor,CHN-02,train,12,caution,caution,approved_on_validation,우선 점검 후보
2023-07-14,AST-4055,A2,2,8.09463686417434,0.2280008259054143,0.1624236072874332,MRO-10046;MRO-80001;MRO-10047,MRO-10046;MRO-80001;MRO-10047,Screw Compressor,DHR-03,train,12,caution,risk,approved_on_validation,우선 점검 후보
2023-07-14,AST-4061,A2,8,6.661157467666229,0.1366804448700903,0.0901130822974468,MRO-80001;MRO-20031;MRO-10045,MRO-80001;MRO-20031;MRO-10045,Screw Compressor,DHR-03,train,12,risk,risk,approved_on_validation,우선 점검 후보
2023-07-14,AST-5003,A2,9,7.711604645028847,0.1981308483580752,0.1404146680297609,MRO-10045;MRO-10047;MRO-20031,MRO-10045;MRO-10047;MRO-20031,EOT Crane,DHR-03,train,12,risk,risk,approved_on_validation,우선 점검 후보
2023-07-14,AST-5007,A2,7,5.522439794708117,0.0758975815693912,0.0470650028037863,MRO-20033;MRO-30011;MRO-10045,MRO-10045;MRO-50009;MRO-10047,EOT Crane,PUN-01,train,12,risk,caution,approved_on_validation,우선 점검 후보
2023-07-15,AST-1041,A2,0,0.0033746590211441,9.265368115671787e-12,9.014360169496732e-15,MRO-10046;MRO-10047;MRO-90012,MRO-10046;MRO-10047;MRO-80001,CNC Lathe,PUN-01,train,12,normal,normal,approved_on_validation,우선 점검 후보
2023-07-15,AST-1042,A2,0,0.003322205098017,6.577089329655805e-12,6.936597855945218e-15,MRO-60015;MRO-10045;MRO-10046,MRO-10045;MRO-10046;MRO-10047,CNC Lathe,PUN-01,train,12,normal,normal,approved_on_validation,우선 점검 후보
2023-07-15,AST-2017,A2,0,0.0033696277706614,6.858766444720528e-12,7.60441952069148e-15,MRO-90011;MRO-30011;MRO-60015,MRO-50009;MRO-10045;MRO-10047,Hydraulic Press,PUN-01,train,12,normal,normal,approved_on_validation,우선 점검 후보
2023-07-15,AST-2031,A2,0,0.0032258215964865,6.539385662743045e-12,6.5909836297416526e-15,MRO-10045;MRO-10046;MRO-10047,MRO-10045;MRO-10046;MRO-10047,Hydraulic Press,CHN-02,train,12,normal,normal,approved_on_validation,우선 점검 후보
2023-07-15,AST-3008,A2,0,0.0032364718103227,6.601590039383992e-12,6.674793406979683e-15,MRO-10045;MRO-10046;MRO-10047,MRO-10045;MRO-10046;MRO-10047,Belt Conveyor,CHN-02,train,12,normal,normal,approved_on_validation,우선 점검 후보
2023-07-15,AST-3019,A2,0,0.0031513264678778,5.933589030310593e-12,5.843963048650132e-15,MRO-10046;MRO-20031;MRO-50009,MRO-10046;MRO-20031;MRO-50009,Belt Conveyor,CHN-02,train,12,normal,normal,approved_on_validation,우선 점검 후보
2023-07-15,AST-4055,A2,0,0.0031071926467035,5.671462268741203e-12,5.583691033450887e-15,MRO-10046;MRO-10047;MRO-50009,MRO-10046;MRO-10047;MRO-50009,Screw Compressor,DHR-03,train,12,normal,normal,approved_on_validation,우선 점검 후보
2023-07-15,AST-4061,A2,0,0.0033182122732456,6.769819571370445e-12,7.080580659407886e-15,MRO-60015;MRO-10045;MRO-40021,MRO-10045;MRO-10046;MRO-10047,Screw Compressor,DHR-03,train,12,normal,normal,approved_on_validation,우선 점검 후보
2023-07-15,AST-5003,A2,0,0.0032255391832998,6.52507770476156e-12,6.562279254167146e-15,MRO-10045;MRO-10047;MRO-80001,MRO-10045;MRO-10047;MRO-80001,EOT Crane,DHR-03,train,12,normal,normal,approved_on_validation,우선 점검 후보
2023-07-15,AST-5007,A2,0,0.0029628751677175,4.9692649897845786e-12,4.690714786899623e-15,MRO-70004;MRO-80001;MRO-30011,MRO-80001;MRO-10045;MRO-10046,EOT Crane,PUN-01,train,12,normal,normal,approved_on_validation,우선 점검 후보
2023-07-16,AST-1041,A2,0,0.0033791368873443,9.287453386228135e-12,9.069726220763967e-15,MRO-10046;MRO-10047;MRO-90012,MRO-10046;MRO-10047;MRO-20031,CNC Lathe,PUN-01,train,12,normal,normal,approved_on_validation,우선 점검 후보
2023-07-16,AST-1042,A2,0,0.0029239179495078,4.834144678397373e-12,4.4235932235492374e-15,MRO-20031;MRO-50009;MRO-20033,MRO-20031;MRO-50009;MRO-10045,CNC Lathe,PUN-01,train,12,normal,normal,approved_on_validation,우선 점검 후보
2023-07-16,AST-2017,A2,0,0.0033859199953931,7.084481946666982e-12,7.86595628357444e-15,MRO-90011;MRO-50009;MRO-80001,MRO-50009;MRO-80001;MRO-10045,Hydraulic Press,PUN-01,train,12,normal,normal,approved_on_validation,우선 점검 후보
2023-07-16,AST-2031,A2,0,0.0032258215964865,6.539385662743045e-12,6.5909836297416526e-15,MRO-10045;MRO-10046;MRO-10047,MRO-10045;MRO-10046;MRO-10047,Hydraulic Press,CHN-02,train,12,normal,normal,approved_on_validation,우선 점검 후보
2023-07-16,AST-3008,A2,0,0.0032353894421761,6.615701471166812e-12,6.6743548160153815e-15,MRO-10045;MRO-10046;MRO-10047,MRO-10045;MRO-10046;MRO-10047,Belt Conveyor,CHN-02,train,12,normal,normal,approved_on_validation,우선 점검 후보
2023-07-16,AST-3019,A2,0,0.0032141084094379,6.526240275921449e-12,6.522209312722205e-15,MRO-10045;MRO-10046;MRO-20031,MRO-10045;MRO-10046;MRO-20031,Belt Conveyor,CHN-02,train,12,normal,normal,approved_on_validation,우선 점검 후보
2023-07-16,AST-4055,A2,0,0.0032309986818199,6.564916423209056e-12,6.633584188259509e-15,MRO-10046;MRO-10047;MRO-50009,MRO-10046;MRO-10047;MRO-50009,Screw Compressor,DHR-03,train,12,normal,normal,approved_on_validation,우선 점검 후보
2023-07-16,AST-4061,A2,0,0.0032424558463229,6.5823907662347865e-12,6.6844497274961184e-15,MRO-10046;MRO-10047;MRO-20031,MRO-10046;MRO-10047;MRO-20031,Screw Compressor,DHR-03,train,12,normal,normal,approved_on_validation,우선 점검 후보
2023-07-16,AST-5003,A2,0,0.0032453300020846,6.656444762330508e-12,6.730342599171656e-15,MRO-10045;MRO-10046;MRO-10047,MRO-10045;MRO-10046;MRO-10047,EOT Crane,DHR-03,train,12,normal,normal,approved_on_validation,우선 점검 후보
2023-07-16,AST-5007,A2,0,0.0032190998349659,6.5670368569573015e-12,6.576659297702592e-15,MRO-10045;MRO-10046;MRO-10047,MRO-10045;MRO-10046;MRO-10047,EOT Crane,PUN-01,train,12,normal,normal,approved_on_validation,우선 점검 후보
2023-07-17,AST-1041,A2,6,6.270034506348062,0.1157893786468842,0.0745789943128996,MRO-10045;MRO-20031;MRO-10046,MRO-10045;MRO-20031;MRO-10046,CNC Lathe,PUN-01,train,12,risk,risk,approved_on_validation,우선 점검 후보
2023-07-17,AST-1042,A2,7,6.3091076554971846,0.118363499962268,0.0758890397216746,MRO-10045;MRO-10046;MRO-10047,MRO-10045;MRO-10046;MRO-10047,CNC Lathe,PUN-01,train,12,risk,risk,approved_on_validation,우선 점검 후보
2023-07-17,AST-2017,A2,2,8.06738594215149,0.2248990639513447,0.1598355007836857,MRO-80001;MRO-50009;MRO-10047,MRO-80001;MRO-50009;MRO-10047,Hydraulic Press,PUN-01,train,12,caution,risk,approved_on_validation,우선 점검 후보
2023-07-17,AST-2031,A2,6,6.982605958471824,0.1525906287792937,0.1043713514711254,MRO-10045;MRO-20031;MRO-50009,MRO-10045;MRO-20031;MRO-50009,Hydraulic Press,CHN-02,train,12,risk,risk,approved_on_validation,우선 점검 후보
2023-07-17,AST-3008,A2,8,6.530809659354794,0.1275789275109707,0.0844663583714094,MRO-50009;MRO-10046;MRO-10047,MRO-50009;MRO-10046;MRO-10047,Belt Conveyor,CHN-02,train,12,risk,risk,approved_on_validation,우선 점검 후보
2023-07-17,AST-3019,A2,6,5.616095847018478,0.0847368423207121,0.0515154207813383,MRO-10047;MRO-10045;MRO-20031,MRO-10047;MRO-10045;MRO-20031,Belt Conveyor,CHN-02,train,12,risk,caution,approved_on_validation,우선 점검 후보
2023-07-17,AST-4055,A2,7,7.762985587248033,0.2038226424535323,0.1442781732685003,MRO-10047;MRO-80001;MRO-10045,MRO-10047;MRO-80001;MRO-10045,Screw Compressor,DHR-03,train,12,risk,risk,approved_on_validation,우선 점검 후보
2023-07-17,AST-4061,A2,3,6.760656539558309,0.1397623366986645,0.0943808460217213,MRO-10046;MRO-10045;MRO-40022,MRO-10046;MRO-10045;MRO-80001,Screw Compressor,DHR-03,train,12,caution,risk,approved_on_validation,우선 점검 후보
2023-07-17,AST-5003,A2,12,8.241918158144694,0.2362656015342399,0.1708169158919341,MRO-10045;MRO-10046;MRO-20031,MRO-10045;MRO-10046;MRO-20031,EOT Crane,DHR-03,train,12,high_risk,risk,approved_on_validation,우선 점검 후보
2023-07-17,AST-5007,A2,9,5.418465761780224,0.0735433166093125,0.0448074784207537,MRO-40022;MRO-10045;MRO-20031,MRO-10045;MRO-20031;MRO-80001,EOT Crane,PUN-01,train,12,risk,caution,approved_on_validation,우선 점검 후보
2023-07-18,AST-1041,A2,3,6.182142166362059,0.1063641178987409,0.069143154243316,MRO-30011;MRO-10047;MRO-10046,MRO-10047;MRO-10046;MRO-10045,CNC Lathe,PUN-01,train,12,caution,risk,approved_on_validation,우선 점검 후보
2023-07-18,AST-1042,A2,5,6.259440813100574,0.114767239954391,0.0733281367024049,MRO-80001;MRO-10045;MRO-10046,MRO-80001;MRO-10045;MRO-10046,CNC Lathe,PUN-01,train,12,caution,risk,approved_on_validation,우선 점검 후보
2023-07-18,AST-2017,A2,9,7.744151311062772,0.1999627882176596,0.1411598674693064,MRO-80001;MRO-50009;MRO-10046,MRO-80001;MRO-50009;MRO-10046,Hydraulic Press,PUN-01,train,12,risk,risk,approved_on_validation,우선 점검 후보
2023-07-18,AST-2031,A2,15,7.684396652199736,0.196243726992434,0.1401035494174635,MRO-10045;MRO-50009;MRO-10046,MRO-10045;MRO-50009;MRO-10046,Hydraulic Press,CHN-02,train,12,high_risk,risk,approved_on_validation,우선 점검 후보
2023-07-18,AST-3008,A2,0,6.156011225984413,0.1082781208642217,0.069524966281586,MRO-10046;MRO-10047;MRO-80001,MRO-10046;MRO-10047;MRO-80001,Belt Conveyor,CHN-02,train,12,normal,risk,approved_on_validation,우선 점검 후보
2023-07-18,AST-3019,A2,1,6.037240897497875,0.1044834558303857,0.0657767636776301,MRO-10047;MRO-10045;MRO-20031,MRO-10047;MRO-10045;MRO-20031,Belt Conveyor,CHN-02,train,12,caution,risk,approved_on_validation,우선 점검 후보
2023-07-18,AST-4055,A2,2,8.071975511743236,0.2214709661098576,0.1601611508025919,MRO-40022;MRO-10047;MRO-10046,MRO-10047;MRO-10046;MRO-10045,Screw Compressor,DHR-03,train,12,caution,risk,approved_on_validation,우선 점검 후보
2023-07-18,AST-4061,A2,3,6.2901850827356425,0.116502865285171,0.0748498347316523,MRO-10045;MRO-80001;MRO-20031,MRO-10045;MRO-80001;MRO-20031,Screw Compressor,DHR-03,train,12,caution,risk,approved_on_validation,우선 점검 후보
2023-07-18,AST-5003,A2,12,7.746333189363597,0.2014455475294121,0.1420267121951131,MRO-10045;MRO-10046;MRO-10047,MRO-10045;MRO-10046;MRO-10047,EOT Crane,DHR-03,train,12,high_risk,risk,approved_on_validation,우선 점검 후보
2023-07-18,AST-5007,A2,0,5.406411839472105,0.0739814532549652,0.0443303999457459,MRO-80001;MRO-10045;MRO-20031,MRO-80001;MRO-10045;MRO-20031,EOT Crane,PUN-01,train,12,normal,caution,approved_on_validation,우선 점검 후보
2023-07-19,AST-1041,A2,9,5.502558091479429,0.0775339793635506,0.0474460629611381,MRO-10047;MRO-10046;MRO-30011,MRO-10047;MRO-10046;MRO-10045,CNC Lathe,PUN-01,train,12,risk,caution,approved_on_validation,우선 점검 후보
2023-07-19,AST-1042,A2,2,6.037864192582327,0.1040281449642615,0.0653416934221474,MRO-80001;MRO-10046;MRO-10045,MRO-80001;MRO-10046;MRO-10045,CNC Lathe,PUN-01,train,12,caution,risk,approved_on_validation,우선 점검 후보
2023-07-19,AST-2017,A2,15,9.478821175384663,0.3289815447728691,0.2483606443343523,MRO-40022;MRO-10046;MRO-20031,MRO-10046;MRO-20031;MRO-10045,Hydraulic Press,PUN-01,train,12,high_risk,risk,approved_on_validation,우선 점검 후보
2023-07-19,AST-2031,A2,2,7.158239119134754,0.1632309452053785,0.1128276488692947,MRO-10045;MRO-50009;MRO-80001,MRO-10045;MRO-50009;MRO-80001,Hydraulic Press,CHN-02,train,12,caution,risk,approved_on_validation,우선 점검 후보
2023-07-19,AST-3008,A2,8,6.509281652717512,0.1270340412775708,0.083175508726519,MRO-10045;MRO-50009;MRO-80001,MRO-10045;MRO-50009;MRO-80001,Belt Conveyor,CHN-02,train,12,risk,risk,approved_on_validation,우선 점검 후보
2023-07-19,AST-3019,A2,0,5.559530650348873,0.0817335066758904,0.0501600770356141,MRO-10045;MRO-10047;MRO-20031,MRO-10045;MRO-10047;MRO-20031,Belt Conveyor,CHN-02,train,12,normal,caution,approved_on_validation,우선 점검 후보
2023-07-19,AST-4055,A2,4,7.781952139019536,0.2052891709714513,0.1445828479726884,MRO-10047;MRO-10046;MRO-50009,MRO-10047;MRO-10046;MRO-50009,Screw Compressor,DHR-03,train,12,caution,risk,approved_on_validation,우선 점검 후보
2023-07-19,AST-4061,A2,3,7.915478164740592,0.2059903777322946,0.1497745764848545,MRO-40021;MRO-70004;MRO-60016,MRO-80001;MRO-10046;MRO-10045,Screw Compressor,DHR-03,train,12,caution,risk,approved_on_validation,우선 점검 후보
2023-07-19,AST-5003,A2,6,8.323294012149754,0.2433465899660918,0.1757520179489896,MRO-10047;MRO-10045;MRO-10046,MRO-10047;MRO-10045;MRO-10046,EOT Crane,DHR-03,train,12,risk,risk,approved_on_validation,우선 점검 후보
2023-07-19,AST-5007,A2,4,5.505372884455753,0.0772538173535284,0.0469404146892266,MRO-40022;MRO-10045;MRO-80001,MRO-10045;MRO-80001;MRO-20031,EOT Crane,PUN-01,train,12,caution,caution,approved_on_validation,우선 점검 후보
2023-07-20,AST-1041,A2,16,6.616758724240872,0.1329372474185431,0.0887474808763809,MRO-80001;MRO-10047;MRO-10046,MRO-80001;MRO-10047;MRO-10046,CNC Lathe,PUN-01,train,12,high_risk,risk,approved_on_validation,우선 점검 후보
2023-07-20,AST-1042,A2,9,6.676459808884266,0.1352276209749208,0.0881490008801404,MRO-30011;MRO-40021;MRO-40022,MRO-80001;MRO-10046;MRO-10045,CNC Lathe,PUN-01,train,12,risk,risk,approved_on_validation,우선 점검 후보
2023-07-20,AST-2017,A2,10,8.610890718502654,0.2638705342950003,0.193571516272936,MRO-80001;MRO-10047;MRO-50009,MRO-80001;MRO-10047;MRO-50009,Hydraulic Press,PUN-01,train,12,risk,risk,approved_on_validation,우선 점검 후보
2023-07-20,AST-2031,A2,12,7.700628574215926,0.2008183695670122,0.1406530351847089,MRO-80001;MRO-10045;MRO-50009,MRO-80001;MRO-10045;MRO-50009,Hydraulic Press,CHN-02,train,12,high_risk,risk,approved_on_validation,우선 점검 후보
2023-07-20,AST-3008,A2,3,6.341109649909714,0.1172889111181511,0.0766338900400981,MRO-10045;MRO-20031;MRO-50009,MRO-10045;MRO-20031;MRO-50009,Belt Conveyor,CHN-02,train,12,caution,risk,approved_on_validation,우선 점검 후보
2023-07-20,AST-3019,A2,10,5.5071419340030925,0.0799742868068656,0.0482763478025163,MRO-10045;MRO-10047;MRO-20031,MRO-10045;MRO-10047;MRO-20031,Belt Conveyor,CHN-02,train,12,risk,caution,approved_on_validation,우선 점검 후보
2023-07-20,AST-4055,A2,7,7.746073167591367,0.2044422695757853,0.1425642784899742,MRO-10047;MRO-10045;MRO-10046,MRO-10047;MRO-10045;MRO-10046,Screw Compressor,DHR-03,train,12,risk,risk,approved_on_validation,우선 점검 후보
2023-07-20,AST-4061,A2,8,6.5516498756043875,0.130192114439844,0.0855461824116211,MRO-80001;MRO-10045;MRO-20031,MRO-80001;MRO-10045;MRO-20031,Screw Compressor,DHR-03,train,12,risk,risk,approved_on_validation,우선 점검 후보
2023-07-20,AST-5003,A2,14,8.12221909527079,0.2280435438199085,0.1633693841019307,MRO-80001;MRO-10045;MRO-10046,MRO-80001;MRO-10045;MRO-10046,EOT Crane,DHR-03,train,12,high_risk,risk,approved_on_validation,우선 점검 후보
2023-07-20,AST-5007,A2,9,5.3411477827790685,0.0719351303593102,0.0431692522679658,MRO-10045;MRO-20031;MRO-50009,MRO-10045;MRO-20031;MRO-50009,EOT Crane,PUN-01,train,12,risk,caution,approved_on_validation,우선 점검 후보
2023-07-21,AST-1041,A2,6,6.449344600484925,0.1248254174560507,0.0817452317460261,MRO-50009;MRO-20031;MRO-80001,MRO-50009;MRO-20031;MRO-80001,CNC Lathe,PUN-01,train,12,risk,risk,approved_on_validation,우선 점검 후보
2023-07-21,AST-1042,A2,6,6.404584045760913,0.1215968751130144,0.0786248065464687,MRO-10047;MRO-20033;MRO-10046,MRO-10047;MRO-10046;MRO-80001,CNC Lathe,PUN-01,train,12,risk,risk,approved_on_validation,우선 점검 후보
2023-07-21,AST-2017,A2,6,8.52227155740259,0.2579472377238488,0.1888781227896376,MRO-20031;MRO-10047;MRO-10046,MRO-20031;MRO-10047;MRO-10046,Hydraulic Press,PUN-01,train,12,risk,risk,approved_on_validation,우선 점검 후보
2023-07-21,AST-2031,A2,4,7.160661378167818,0.1637358128370251,0.1128435778348675,MRO-50009;MRO-10045;MRO-80001,MRO-50009;MRO-10045;MRO-80001,Hydraulic Press,CHN-02,train,12,caution,risk,approved_on_validation,우선 점검 후보
2023-07-21,AST-3008,A2,5,6.3941846219519585,0.1196542154256097,0.0784281822339659,MRO-10047;MRO-80001;MRO-10045,MRO-10047;MRO-80001;MRO-10045,Belt Conveyor,CHN-02,train,12,caution,risk,approved_on_validation,우선 점검 후보
2023-07-21,AST-3019,A2,4,5.415001195697357,0.0756881592733139,0.0451435606721222,MRO-50009;MRO-10046;MRO-20033,MRO-50009;MRO-10046;MRO-80001,Belt Conveyor,CHN-02,train,12,caution,caution,approved_on_validation,우선 점검 후보
2023-07-21,AST-4055,A2,18,7.905960592165396,0.2141365454567985,0.1517008150031887,MRO-10047;MRO-20031;MRO-10046,MRO-10047;MRO-20031;MRO-10046,Screw Compressor,DHR-03,train,12,high_risk,risk,approved_on_validation,우선 점검 후보
2023-07-21,AST-4061,A2,10,6.995000233080867,0.1573963086193346,0.1050683412405511,MRO-80001;MRO-10046;MRO-10047,MRO-80001;MRO-10046;MRO-10047,Screw Compressor,DHR-03,train,12,risk,risk,approved_on_validation,우선 점검 후보
2023-07-21,AST-5003,A2,18,8.532758319778376,0.2569866608364871,0.1898541327209639,MRO-10047;MRO-80001;MRO-10046,MRO-10047;MRO-80001;MRO-10046,EOT Crane,DHR-03,train,12,high_risk,risk,approved_on_validation,우선 점검 후보
2023-07-21,AST-5007,A2,4,5.542517208382592,0.0780574988881742,0.0476325579185786,MRO-40022;MRO-10045;MRO-20031,MRO-10045;MRO-20031;MRO-50009,EOT Crane,PUN-01,train,12,caution,caution,approved_on_validation,우선 점검 후보
2023-07-22,AST-1041,A2,0,0.0032123976493023,6.624646793501361e-12,6.567369877392483e-15,MRO-50009;MRO-30011;MRO-10045,MRO-50009;MRO-10045;MRO-10046,CNC Lathe,PUN-01,train,12,normal,normal,approved_on_validation,우선 점검 후보
2023-07-22,AST-1042,A2,0,0.003347893089818,9.72641864993455e-12,8.972722747186366e-15,MRO-10047;MRO-80001;MRO-10045,MRO-10047;MRO-80001;MRO-10045,CNC Lathe,PUN-01,train,12,normal,normal,approved_on_validation,우선 점검 후보
2023-07-22,AST-2017,A2,0,0.0032849474826354,6.985424940203408e-12,7.117104401035392e-15,MRO-50009;MRO-60016;MRO-80001,MRO-50009;MRO-80001;MRO-10045,Hydraulic Press,PUN-01,train,12,normal,normal,approved_on_validation,우선 점검 후보
2023-07-22,AST-2031,A2,0,0.0032606025938122,7.1988576460403354e-12,7.19207657630602e-15,MRO-10045;MRO-10046;MRO-10047,MRO-10045;MRO-10046;MRO-10047,Hydraulic Press,CHN-02,train,12,normal,normal,approved_on_validation,우선 점검 후보
2023-07-22,AST-3008,A2,0,0.0031737073708404,6.6147339147961135e-12,6.430455915655351e-15,MRO-10045;MRO-10046;MRO-10047,MRO-10045;MRO-10046;MRO-10047,Belt Conveyor,CHN-02,train,12,normal,normal,approved_on_validation,우선 점검 후보
2023-07-22,AST-3019,A2,0,0.0032074327677907,6.4405478191821395e-12,6.421832430259506e-15,MRO-40021;MRO-30012;MRO-10045,MRO-10045;MRO-10047;MRO-20031,Belt Conveyor,CHN-02,train,12,normal,normal,approved_on_validation,우선 점검 후보
2023-07-22,AST-4055,A2,0,0.0032462911722734,6.614873967137399e-12,6.7210770034047636e-15,MRO-10045;MRO-20031;MRO-10046,MRO-10045;MRO-20031;MRO-10046,Screw Compressor,DHR-03,train,12,normal,normal,approved_on_validation,우선 점검 후보
2023-07-22,AST-4061,A2,0,0.0032831109841825,6.995328965991685e-12,7.133994138948979e-15,MRO-80001;MRO-10047;MRO-30011,MRO-80001;MRO-10047;MRO-10045,Screw Compressor,DHR-03,train,12,normal,normal,approved_on_validation,우선 점검 후보
2023-07-22,AST-5003,A2,0,0.0031064782423465,5.531303599565103e-12,5.459087198247497e-15,MRO-30012;MRO-40021;MRO-50008,MRO-20031;MRO-80001;MRO-10046,EOT Crane,DHR-03,train,12,normal,normal,approved_on_validation,우선 점검 후보
2023-07-22,AST-5007,A2,0,0.0032976361245187,7.042155558432162e-12,7.288961503098815e-15,MRO-70004;MRO-10045;MRO-10046,MRO-10045;MRO-10046;MRO-10047,EOT Crane,PUN-01,train,12,normal,normal,approved_on_validation,우선 점검 후보
2023-07-23,AST-1041,A2,0,0.003191562744735,6.493207319764652e-12,6.387557714510211e-15,MRO-50009;MRO-30011;MRO-10045,MRO-50009;MRO-10045;MRO-80001,CNC Lathe,PUN-01,train,12,normal,normal,approved_on_validation,우선 점검 후보
2023-07-23,AST-1042,A2,0,0.0033483018405315,9.668274488860916e-12,8.941746818692457e-15,MRO-80001;MRO-10047;MRO-10045,MRO-80001;MRO-10047;MRO-10045,CNC Lathe,PUN-01,train,12,normal,normal,approved_on_validation,우선 점검 후보
2023-07-23,AST-2017,A2,0,0.0032511840631351,6.675558375799443e-12,6.769015549432746e-15,MRO-30011;MRO-80001;MRO-10045,MRO-80001;MRO-10045;MRO-10046,Hydraulic Press,PUN-01,train,12,normal,normal,approved_on_validation,우선 점검 후보
2023-07-23,AST-2031,A2,0,0.0033666052448584,8.109856822509534e-12,8.245581508323014e-15,MRO-80001;MRO-10046;MRO-10047,MRO-80001;MRO-10046;MRO-10047,Hydraulic Press,CHN-02,train,12,normal,normal,approved_on_validation,우선 점검 후보
2023-07-23,AST-3008,A2,0,0.0032186417027821,6.5094558648182674e-12,6.5398823455575066e-15,MRO-70004;MRO-10045;MRO-10046,MRO-10045;MRO-10046;MRO-10047,Belt Conveyor,CHN-02,train,12,normal,normal,approved_on_validation,우선 점검 후보
2023-07-23,AST-3019,A2,0,0.0032239233654744,6.533248403689559e-12,6.575254915245971e-15,MRO-10045;MRO-10046;MRO-10047,MRO-10045;MRO-10046;MRO-10047,Belt Conveyor,CHN-02,train,12,normal,normal,approved_on_validation,우선 점검 후보
2023-07-23,AST-4055,A2,0,0.0032460146390472,6.600920816850024e-12,6.710050846105528e-15,MRO-20031;MRO-10046;MRO-20033,MRO-20031;MRO-10046;MRO-10047,Screw Compressor,DHR-03,train,12,normal,normal,approved_on_validation,우선 점검 후보
2023-07-23,AST-4061,A2,0,0.0032498365927392,6.648014614956543e-12,6.7585465281178954e-15,MRO-80001;MRO-10045;MRO-10046,MRO-80001;MRO-10045;MRO-10046,Screw Compressor,DHR-03,train,12,normal,normal,approved_on_validation,우선 점검 후보
2023-07-23,AST-5003,A2,0,0.0034882801677224,9.557434685407871e-12,9.788928561622326e-15,MRO-10045;MRO-10047;MRO-20033,MRO-10045;MRO-10047;MRO-50009,EOT Crane,DHR-03,train,12,normal,normal,approved_on_validation,우선 점검 후보
2023-07-23,AST-5007,A2,0,0.0032574389079945,6.57400243491299e-12,6.831934362758128e-15,MRO-70004;MRO-10045;MRO-10046,MRO-10045;MRO-10046;MRO-10047,EOT Crane,PUN-01,train,12,normal,normal,approved_on_validation,우선 점검 후보
2023-07-24,AST-1041,A2,12,6.548492476818939,0.1324164806413726,0.0864606171802578,MRO-50009;MRO-20031;MRO-80001,MRO-50009;MRO-20031;MRO-80001,CNC Lathe,PUN-01,train,12,high_risk,risk,approved_on_validation,우선 점검 후보
2023-07-24,AST-1042,A2,4,6.133565408855672,0.1075589796007855,0.0685974488158545,MRO-10047;MRO-10046;MRO-80001,MRO-10047;MRO-10046;MRO-80001,CNC Lathe,PUN-01,train,12,caution,risk,approved_on_validation,우선 점검 후보
2023-07-24,AST-2017,A2,6,8.218162760544784,0.2352490355010445,0.169446251664536,MRO-50009;MRO-10046;MRO-20031,MRO-50009;MRO-10046;MRO-20031,Hydraulic Press,PUN-01,train,12,risk,risk,approved_on_validation,우선 점검 후보
2023-07-24,AST-2031,A2,1,7.366284447938961,0.1762070944566555,0.1234683303385023,MRO-10045;MRO-20031;MRO-80001,MRO-10045;MRO-20031;MRO-80001,Hydraulic Press,CHN-02,train,12,caution,risk,approved_on_validation,우선 점검 후보
2023-07-24,AST-3008,A2,11,6.296407671784827,0.1155871069498333,0.0748132544110358,MRO-10045;MRO-10046;MRO-50009,MRO-10045;MRO-10046;MRO-50009,Belt Conveyor,CHN-02,train,12,risk,risk,approved_on_validation,우선 점검 후보
2023-07-24,AST-3019,A2,1,5.533780721311876,0.0813682090740039,0.0492373048009805,MRO-50009;MRO-10047;MRO-20031,MRO-50009;MRO-10047;MRO-20031,Belt Conveyor,CHN-02,train,12,caution,caution,approved_on_validation,우선 점검 후보
2023-07-24,AST-4055,A2,13,7.61762998368802,0.196306652081508,0.1358739590940131,MRO-10046;MRO-10045;MRO-10047,MRO-10046;MRO-10045;MRO-10047,Screw Compressor,DHR-03,train,12,high_risk,risk,approved_on_validation,우선 점검 후보
2023-07-24,AST-4061,A2,6,6.469788228050637,0.1248979654276674,0.0814552455392399,MRO-40022;MRO-10047;MRO-10045,MRO-10047;MRO-10045;MRO-20031,Screw Compressor,DHR-03,train,12,risk,risk,approved_on_validation,우선 점검 후보
2023-07-24,AST-5003,A2,4,7.883879111432892,0.2105475784695514,0.1493287287836621,MRO-10045;MRO-10046;MRO-20031,MRO-10045;MRO-10046;MRO-20031,EOT Crane,DHR-03,train,12,caution,risk,approved_on_validation,우선 점검 후보
2023-07-24,AST-5007,A2,0,5.775310631359133,0.0912101437935681,0.0559544021311331,MRO-10045;MRO-10046;MRO-10047,MRO-10045;MRO-10046;MRO-10047,EOT Crane,PUN-01,train,12,normal,caution,approved_on_validation,우선 점검 후보
2023-07-25,AST-1041,A2,16,8.39005205708375,0.2491730288135126,0.1815319361816689,MRO-80001;MRO-20031;MRO-10046,MRO-80001;MRO-20031;MRO-10046,CNC Lathe,PUN-01,train,12,high_risk,risk,approved_on_validation,우선 점검 후보
2023-07-25,AST-1042,A2,7,6.698312380829304,0.1378983970254537,0.0924439495872428,MRO-10047;MRO-10046;MRO-80001,MRO-10047;MRO-10046;MRO-80001,CNC Lathe,PUN-01,train,12,risk,risk,approved_on_validation,우선 점검 후보
2023-07-25,AST-2017,A2,13,8.59041890170292,0.2592213650600256,0.1927192281045995,MRO-80001;MRO-20031;MRO-10046,MRO-80001;MRO-20031;MRO-10046,Hydraulic Press,PUN-01,train,12,high_risk,risk,approved_on_validation,우선 점검 후보
2023-07-25,AST-2031,A2,2,7.365773923148273,0.1747867539339078,0.123297482357147,MRO-70004;MRO-10045;MRO-80001,MRO-10045;MRO-80001;MRO-10047,Hydraulic Press,CHN-02,train,12,caution,risk,approved_on_validation,우선 점검 후보
2023-07-25,AST-3008,A2,3,6.556370800746743,0.1291205540819515,0.0851900823348595,MRO-50009;MRO-10047;MRO-10045,MRO-50009;MRO-10047;MRO-10045,Belt Conveyor,CHN-02,train,12,caution,risk,approved_on_validation,우선 점검 후보
2023-07-25,AST-3019,A2,1,5.45800931588025,0.0773194364152968,0.0473144649174548,MRO-10047;MRO-20031;MRO-10045,MRO-10047;MRO-20031;MRO-10045,Belt Conveyor,CHN-02,train,12,caution,caution,approved_on_validation,우선 점검 후보
2023-07-25,AST-4055,A2,6,8.128695416764254,0.2285175006139428,0.1648222365249863,MRO-20031;MRO-50009;MRO-80001,MRO-20031;MRO-50009;MRO-80001,Screw Compressor,DHR-03,train,12,risk,risk,approved_on_validation,우선 점검 후보
2023-07-25,AST-4061,A2,14,6.5435074547920955,0.1298906523217384,0.0852991003546561,MRO-10047;MRO-80001;MRO-10045,MRO-10047;MRO-80001;MRO-10045,Screw Compressor,DHR-03,train,12,high_risk,risk,approved_on_validation,우선 점검 후보
2023-07-25,AST-5003,A2,2,7.401905376113912,0.1779913284331815,0.1235192596634949,MRO-10046;MRO-50009;MRO-80001,MRO-10046;MRO-50009;MRO-80001,EOT Crane,DHR-03,train,12,caution,risk,approved_on_validation,우선 점검 후보
2023-07-25,AST-5007,A2,8,5.114567868325498,0.0620397736760534,0.0366264093115714,MRO-10045;MRO-10046;MRO-20031,MRO-10045;MRO-10046;MRO-20031,EOT Crane,PUN-01,train,12,risk,caution,approved_on_validation,우선 점검 후보
2023-07-26,AST-1041,A2,8,6.684800083366838,0.1389425833437625,0.0913362464230267,MRO-20031;MRO-80001;MRO-30011,MRO-20031;MRO-80001;MRO-10047,CNC Lathe,PUN-01,train,12,risk,risk,approved_on_validation,우선 점검 후보
2023-07-26,AST-1042,A2,4,6.081490495023537,0.1057460822693911,0.0663062597374973,MRO-20031;MRO-10047;MRO-10046,MRO-20031;MRO-10047;MRO-10046,CNC Lathe,PUN-01,train,12,caution,risk,approved_on_validation,우선 점검 후보
2023-07-26,AST-2017,A2,5,8.534954364599963,0.2575761180250807,0.1899616238433201,MRO-80001;MRO-50009;MRO-10046,MRO-80001;MRO-50009;MRO-10046,Hydraulic Press,PUN-01,train,12,caution,risk,approved_on_validation,우선 점검 후보
2023-07-26,AST-2031,A2,8,7.063402683487606,0.157449815590475,0.108457200493232,MRO-10045;MRO-80001;MRO-50009,MRO-10045;MRO-80001;MRO-50009,Hydraulic Press,CHN-02,train,12,risk,risk,approved_on_validation,우선 점검 후보
2023-07-26,AST-3008,A2,9,6.679329967752096,0.1352316946870028,0.0901096816547027,MRO-20033;MRO-50009;MRO-10045,MRO-50009;MRO-10045;MRO-10046,Belt Conveyor,CHN-02,train,12,risk,risk,approved_on_validation,우선 점검 후보
2023-07-26,AST-3019,A2,4,5.4414175790259565,0.077170439530802,0.0461584151645361,MRO-10047;MRO-20031;MRO-10045,MRO-10047;MRO-20031;MRO-10045,Belt Conveyor,CHN-02,train,12,caution,caution,approved_on_validation,우선 점검 후보
2023-07-26,AST-4055,A2,9,8.07564308695063,0.2273047467018868,0.1614583305685441,MRO-10047;MRO-80001;MRO-10046,MRO-10047;MRO-80001;MRO-10046,Screw Compressor,DHR-03,train,12,risk,risk,approved_on_validation,우선 점검 후보
2023-07-26,AST-4061,A2,8,6.5450965670329255,0.1304351440971509,0.0854395098446498,MRO-50009;MRO-10047;MRO-10045,MRO-50009;MRO-10047;MRO-10045,Screw Compressor,DHR-03,train,12,risk,risk,approved_on_validation,우선 점검 후보
2023-07-26,AST-5003,A2,10,7.4045760264163825,0.1777952638101092,0.1240915465853798,MRO-80001;MRO-10046;MRO-50009,MRO-80001;MRO-10046;MRO-50009,EOT Crane,DHR-03,train,12,risk,risk,approved_on_validation,우선 점검 후보
2023-07-26,AST-5007,A2,2,5.032566691324049,0.0591820872527434,0.0345859811362583,MRO-10045;MRO-10047;MRO-50009,MRO-10045;MRO-10047;MRO-50009,EOT Crane,PUN-01,train,12,caution,caution,approved_on_validation,우선 점검 후보
2023-07-27,AST-1041,A2,6,6.633565198457257,0.136740950722933,0.0895739312355601,MRO-20031;MRO-80001;MRO-10047,MRO-20031;MRO-80001;MRO-10047,CNC Lathe,PUN-01,train,12,risk,risk,approved_on_validation,우선 점검 후보
2023-07-27,AST-1042,A2,8,5.984511837940812,0.1001521139360368,0.0626565321037833,MRO-20031;MRO-10047;MRO-10045,MRO-20031;MRO-10047;MRO-10045,CNC Lathe,PUN-01,train,12,risk,risk,approved_on_validation,우선 점검 후보
2023-07-27,AST-2017,A2,15,8.62570968295849,0.2642615937956273,0.1951612650718659,MRO-80001;MRO-10047;MRO-50009,MRO-80001;MRO-10047;MRO-50009,Hydraulic Press,PUN-01,train,12,high_risk,risk,approved_on_validation,우선 점검 후보
2023-07-27,AST-2031,A2,9,7.277505035437394,0.1720877467856957,0.1186283610887285,MRO-10047;MRO-10045;MRO-80001,MRO-10047;MRO-10045;MRO-80001,Hydraulic Press,CHN-02,train,12,risk,risk,approved_on_validation,우선 점검 후보
2023-07-27,AST-3008,A2,9,6.426587467964348,0.1234690103306642,0.0804742412717067,MRO-10045;MRO-50009;MRO-80001,MRO-10045;MRO-50009;MRO-80001,Belt Conveyor,CHN-02,train,12,risk,risk,approved_on_validation,우선 점검 후보
2023-07-27,AST-3019,A2,14,5.490087504968956,0.0795857118149581,0.048001650859976,MRO-10047;MRO-20031;MRO-10045,MRO-10047;MRO-20031;MRO-10045,Belt Conveyor,CHN-02,train,12,high_risk,caution,approved_on_validation,우선 점검 후보
2023-07-27,AST-4055,A2,2,7.645393287851792,0.1967363884095642,0.1369125311927741,MRO-10046;MRO-80001;MRO-10047,MRO-10046;MRO-80001;MRO-10047,Screw Compressor,DHR-03,train,12,caution,risk,approved_on_validation,우선 점검 후보
2023-07-27,AST-4061,A2,12,6.537758842108828,0.1299291500504794,0.0851011854499288,MRO-10045;MRO-10046;MRO-50009,MRO-10045;MRO-10046;MRO-50009,Screw Compressor,DHR-03,train,12,high_risk,risk,approved_on_validation,우선 점검 후보
2023-07-27,AST-5003,A2,6,6.547174380156655,0.1265428398509457,0.0831718555812875,MRO-40022;MRO-80001;MRO-60016,MRO-80001;MRO-20031;MRO-10046,EOT Crane,DHR-03,train,12,risk,risk,approved_on_validation,우선 점검 후보
2023-07-27,AST-5007,A2,4,5.439119569501347,0.0761506576134285,0.0455250370771817,MRO-10046;MRO-10045;MRO-20031,MRO-10046;MRO-10045;MRO-20031,EOT Crane,PUN-01,train,12,caution,caution,approved_on_validation,우선 점검 후보
2023-07-28,AST-1041,A2,12,8.26165003501645,0.2436817705099068,0.1746486288350064,MRO-80001;MRO-20031;MRO-50009,MRO-80001;MRO-20031;MRO-50009,CNC Lathe,PUN-01,train,12,high_risk,risk,approved_on_validation,우선 점검 후보
2023-07-28,AST-1042,A2,3,6.6540710661539375,0.1325966623559784,0.0900115931961438,MRO-20032;MRO-20031;MRO-10047,MRO-20031;MRO-10047;MRO-10045,CNC Lathe,PUN-01,train,12,caution,risk,approved_on_validation,우선 점검 후보
2023-07-28,AST-2017,A2,11,8.616172168904745,0.2612183530981021,0.195661519470924,MRO-10046;MRO-20031;MRO-50009,MRO-10046;MRO-20031;MRO-50009,Hydraulic Press,PUN-01,train,12,risk,risk,approved_on_validation,우선 점검 후보
2023-07-28,AST-2031,A2,4,7.4067882407782175,0.1783700921814344,0.1256678448844792,MRO-80001;MRO-10047;MRO-50009,MRO-80001;MRO-10047;MRO-50009,Hydraulic Press,CHN-02,train,12,caution,risk,approved_on_validation,우선 점검 후보
2023-07-28,AST-3008,A2,2,6.400163795572541,0.1224033758440779,0.0796210077214301,MRO-50009;MRO-80001;MRO-10046,MRO-50009;MRO-80001;MRO-10046,Belt Conveyor,CHN-02,train,12,caution,risk,approved_on_validation,우선 점검 후보
2023-07-28,AST-3019,A2,10,6.0254903990457445,0.1050751837424168,0.0661455425500398,MRO-10045;MRO-10046;MRO-10047,MRO-10045;MRO-10046;MRO-10047,Belt Conveyor,CHN-02,train,12,risk,risk,approved_on_validation,우선 점검 후보
2023-07-28,AST-4055,A2,3,7.965127022750509,0.2186503006449844,0.1548489817107006,MRO-20031;MRO-10046;MRO-10047,MRO-20031;MRO-10046;MRO-10047,Screw Compressor,DHR-03,train,12,caution,risk,approved_on_validation,우선 점검 후보
2023-07-28,AST-4061,A2,2,6.283655615563707,0.1160450011335694,0.0744420939018389,MRO-40022;MRO-50009;MRO-10045,MRO-50009;MRO-10045;MRO-10046,Screw Compressor,DHR-03,train,12,caution,risk,approved_on_validation,우선 점검 후보
2023-07-28,AST-5003,A2,5,8.389619373986946,0.2424232575524848,0.1786831997456681,MRO-40021;MRO-10045;MRO-80001,MRO-10045;MRO-80001;MRO-20031,EOT Crane,DHR-03,train,12,caution,risk,approved_on_validation,우선 점검 후보
2023-07-28,AST-5007,A2,0,5.237237822461155,0.0676316082208692,0.0398285507258258,MRO-10045;MRO-10047;MRO-50009,MRO-10045;MRO-10047;MRO-50009,EOT Crane,PUN-01,train,12,normal,caution,approved_on_validation,우선 점검 후보
2023-07-29,AST-1041,A2,0,0.0032791644547759,7.15311269320269e-12,7.207193264264467e-15,MRO-20031;MRO-10046;MRO-10047,MRO-20031;MRO-10046;MRO-10047,CNC Lathe,PUN-01,train,12,normal,normal,approved_on_validation,우선 점검 후보
2023-07-29,AST-1042,A2,0,0.003218496854307,6.567056246854632e-12,6.5694754475330115e-15,MRO-10045;MRO-10046;MRO-10047,MRO-10045;MRO-10046;MRO-10047,CNC Lathe,PUN-01,train,12,normal,normal,approved_on_validation,우선 점검 후보
2023-07-29,AST-2017,A2,0,0.0035233291212871,6.947791434747162e-12,8.023599636652889e-15,MRO-40022;MRO-40021;MRO-60016,MRO-20031;MRO-80001;MRO-10045,Hydraulic Press,PUN-01,train,12,normal,normal,approved_on_validation,우선 점검 후보
2023-07-29,AST-2031,A2,0,0.003334297697425,7.95348569750109e-12,8.00139853247545e-15,MRO-10045;MRO-50009;MRO-10046,MRO-10045;MRO-50009;MRO-10046,Hydraulic Press,CHN-02,train,12,normal,normal,approved_on_validation,우선 점검 후보
2023-07-29,AST-3008,A2,0,0.0032266336081596,6.601552295311601e-12,6.616223065901195e-15,MRO-10045;MRO-10046;MRO-10047,MRO-10045;MRO-10046;MRO-10047,Belt Conveyor,CHN-02,train,12,normal,normal,approved_on_validation,우선 점검 후보
2023-07-29,AST-3019,A2,0,0.0032010296716772,6.456606246504175e-12,6.4115330340126535e-15,MRO-80001;MRO-20033;MRO-40021,MRO-80001;MRO-10045;MRO-10046,Belt Conveyor,CHN-02,train,12,normal,normal,approved_on_validation,우선 점검 후보
2023-07-29,AST-4055,A2,0,0.0032491008800086,6.654811426384211e-12,6.759893188631581e-15,MRO-10045;MRO-10046;MRO-10047,MRO-10045;MRO-10046;MRO-10047,Screw Compressor,DHR-03,train,12,normal,normal,approved_on_validation,우선 점검 후보
2023-07-29,AST-4061,A2,0,0.0032392124631697,6.523087589968585e-12,6.628879516398716e-15,MRO-10045;MRO-10046;MRO-20033,MRO-10045;MRO-10046;MRO-10047,Screw Compressor,DHR-03,train,12,normal,normal,approved_on_validation,우선 점검 후보
2023-07-29,AST-5003,A2,0,0.0031763612368915,5.8638478776391976e-12,5.9123298464731705e-15,MRO-10045;MRO-20031;MRO-50009,MRO-10045;MRO-20031;MRO-50009,EOT Crane,DHR-03,train,12,normal,normal,approved_on_validation,우선 점검 후보
2023-07-29,AST-5007,A2,0,0.0032555218582107,6.574647778295589e-12,6.711859333519453e-15,MRO-30012;MRO-40021;MRO-10045,MRO-10045;MRO-10046;MRO-10047,EOT Crane,PUN-01,train,12,normal,normal,approved_on_validation,우선 점검 후보
2023-07-30,AST-1041,A2,0,0.0038194446027263,1.8894995310654584e-11,1.7716933117962946e-14,MRO-20031;MRO-10047;MRO-80001,MRO-20031;MRO-10047;MRO-80001,CNC Lathe,PUN-01,train,12,normal,normal,approved_on_validation,우선 점검 후보
2023-07-30,AST-1042,A2,0,0.0032369154492522,6.574260209612346e-12,6.654041689809845e-15,MRO-10045;MRO-10046;MRO-10047,MRO-10045;MRO-10046;MRO-10047,CNC Lathe,PUN-01,train,12,normal,normal,approved_on_validation,우선 점검 후보
2023-07-30,AST-2017,A2,0,0.0034280859936504,7.0191316353339794e-12,7.669076381357061e-15,MRO-40022;MRO-50009;MRO-20031,MRO-50009;MRO-20031;MRO-40022,Hydraulic Press,PUN-01,train,12,normal,normal,approved_on_validation,우선 점검 후보
2023-07-30,AST-2031,A2,0,0.0032837899539067,6.8193861892299355e-12,7.008687141855689e-15,MRO-10045;MRO-10047;MRO-20031,MRO-10045;MRO-10047;MRO-20031,Hydraulic Press,CHN-02,train,12,normal,normal,approved_on_validation,우선 점검 후보
2023-07-30,AST-3008,A2,0,0.003230822094813,6.615717241817413e-12,6.641533182565112e-15,MRO-10045;MRO-10046;MRO-10047,MRO-10045;MRO-10046;MRO-10047,Belt Conveyor,CHN-02,train,12,normal,normal,approved_on_validation,우선 점검 후보
2023-07-30,AST-3019,A2,0,0.0031232714784637,5.937345595864914e-12,5.790408579709578e-15,MRO-10045;MRO-10046;MRO-50009,MRO-10045;MRO-10046;MRO-50009,Belt Conveyor,CHN-02,train,12,normal,normal,approved_on_validation,우선 점검 후보
2023-07-30,AST-4055,A2,0,0.003249917560081,6.654826166150029e-12,6.762862356464266e-15,MRO-10045;MRO-10046;MRO-10047,MRO-10045;MRO-10046;MRO-10047,Screw Compressor,DHR-03,train,12,normal,normal,approved_on_validation,우선 점검 후보
2023-07-30,AST-4061,A2,0,0.0032276202695085,6.469767655142272e-12,6.546169877013741e-15,MRO-10045;MRO-10046;MRO-10047,MRO-10045;MRO-10046;MRO-10047,Screw Compressor,DHR-03,train,12,normal,normal,approved_on_validation,우선 점검 후보
2023-07-30,AST-5003,A2,0,0.0032095033219619,5.869714213020641e-12,6.114462012920433e-15,MRO-70004;MRO-10045;MRO-20031,MRO-10045;MRO-20031;MRO-50009,EOT Crane,DHR-03,train,12,normal,normal,approved_on_validation,우선 점검 후보
2023-07-30,AST-5007,A2,0,0.0032361744666127,6.574265937027837e-12,6.6482171412022314e-15,MRO-10045;MRO-10046;MRO-10047,MRO-10045;MRO-10046;MRO-10047,EOT Crane,PUN-01,train,12,normal,normal,approved_on_validation,우선 점검 후보
2023-07-31,AST-1041,A2,6,9.046848320882466,0.297480914477118,0.2238164506684549,MRO-10046;MRO-50009;MRO-20031,MRO-10046;MRO-50009;MRO-20031,CNC Lathe,PUN-01,train,12,risk,risk,approved_on_validation,우선 점검 후보
2023-07-31,AST-1042,A2,5,6.115916837014787,0.1069566661232114,0.0682173585766974,MRO-20031;MRO-10046;MRO-10047,MRO-20031;MRO-10046;MRO-10047,CNC Lathe,PUN-01,train,12,caution,risk,approved_on_validation,우선 점검 후보
2023-07-31,AST-2017,A2,10,8.568177639456009,0.2606981823404125,0.1910715077694829,MRO-10046;MRO-10045;MRO-80001,MRO-10046;MRO-10045;MRO-80001,Hydraulic Press,PUN-01,train,12,risk,risk,approved_on_validation,우선 점검 후보
2023-07-31,AST-2031,A2,11,7.647670332683766,0.193151127020786,0.1380170264455414,MRO-20031;MRO-10046;MRO-10045,MRO-20031;MRO-10046;MRO-10045,Hydraulic Press,CHN-02,train,12,risk,risk,approved_on_validation,우선 점검 후보
2023-07-31,AST-3008,A2,3,5.784078251297703,0.0880615436113304,0.056177829623675,MRO-10045;MRO-10046;MRO-10047,MRO-10045;MRO-10046;MRO-10047,Belt Conveyor,CHN-02,train,12,caution,caution,approved_on_validation,우선 점검 후보
2023-07-31,AST-3019,A2,4,5.705820030441102,0.0887727437966865,0.054745902065393,MRO-10047;MRO-20031;MRO-10045,MRO-10047;MRO-20031;MRO-10045,Belt Conveyor,CHN-02,train,12,caution,caution,approved_on_validation,우선 점검 후보
2023-07-31,AST-4055,A2,4,7.525497675802111,0.1891123434854911,0.1310166142760646,MRO-10047;MRO-10046;MRO-50009,MRO-10047;MRO-10046;MRO-50009,Screw Compressor,DHR-03,train,12,caution,risk,approved_on_validation,우선 점검 후보
2023-07-31,AST-4061,A2,0,6.385977487699959,0.1200263332144967,0.0778260214332845,MRO-50009;MRO-40022;MRO-10047,MRO-50009;MRO-10047;MRO-20031,Screw Compressor,DHR-03,train,12,normal,risk,approved_on_validation,우선 점검 후보
2023-07-31,AST-5003,A2,5,8.081473262606266,0.2208576658577163,0.1607416930542405,MRO-20031;MRO-10046;MRO-80001,MRO-20031;MRO-10046;MRO-80001,EOT Crane,DHR-03,train,12,caution,risk,approved_on_validation,우선 점검 후보
2023-07-31,AST-5007,A2,9,5.824335018494544,0.0928457722939377,0.0575023667859766,MRO-10045;MRO-10046;MRO-10047,MRO-10045;MRO-10046;MRO-10047,EOT Crane,PUN-01,train,12,risk,risk,approved_on_validation,우선 점검 후보
2023-08-01,AST-1041,A2,0,6.088962078538351,0.1057496737226055,0.0676399288625794,MRO-10045;MRO-50009;MRO-80001,MRO-10045;MRO-50009;MRO-80001,CNC Lathe,PUN-01,train,12,normal,risk,approved_on_validation,우선 점검 후보
2023-08-01,AST-1042,A2,7,6.519213661848583,0.1281637891410934,0.0833121648332309,MRO-80001;MRO-20031;MRO-10046,MRO-80001;MRO-20031;MRO-10046,CNC Lathe,PUN-01,train,12,risk,risk,approved_on_validation,우선 점검 후보
2023-08-01,AST-2017,A2,8,7.405840218270376,0.1762359258832664,0.1233707027202922,MRO-80001;MRO-20031;MRO-50009,MRO-80001;MRO-20031;MRO-50009,Hydraulic Press,PUN-01,train,12,risk,risk,approved_on_validation,우선 점검 후보
2023-08-01,AST-2031,A2,6,7.218426927986606,0.165592196301141,0.115748898208147,MRO-10045;MRO-50009;MRO-80001,MRO-10045;MRO-50009;MRO-80001,Hydraulic Press,CHN-02,train,12,risk,risk,approved_on_validation,우선 점검 후보
2023-08-01,AST-3008,A2,9,6.146197933625728,0.1083051482921007,0.0691979323505973,MRO-10045;MRO-10047;MRO-20031,MRO-10045;MRO-10047;MRO-20031,Belt Conveyor,CHN-02,train,12,risk,risk,approved_on_validation,우선 점검 후보
2023-08-01,AST-3019,A2,1,6.554368067334909,0.1256009986802879,0.0844033310420213,MRO-10047;MRO-10045;MRO-10046,MRO-10047;MRO-10045;MRO-10046,Belt Conveyor,CHN-02,train,12,caution,risk,approved_on_validation,우선 점검 후보
2023-08-01,AST-4055,A2,12,7.829812020614127,0.2088951105819546,0.1475355991641637,MRO-80001;MRO-10047;MRO-50009,MRO-80001;MRO-10047;MRO-50009,Screw Compressor,DHR-03,train,12,high_risk,risk,approved_on_validation,우선 점검 후보
2023-08-01,AST-4061,A2,10,6.552488660756919,0.1303079885306497,0.0854254989260529,MRO-10047;MRO-20031;MRO-50009,MRO-10047;MRO-20031;MRO-50009,Screw Compressor,DHR-03,train,12,risk,risk,approved_on_validation,우선 점검 후보
2023-08-01,AST-5003,A2,2,6.238281304305408,0.1095036111096062,0.0713041395896771,MRO-20031;MRO-10047;MRO-50009,MRO-20031;MRO-10047;MRO-50009,EOT Crane,DHR-03,train,12,caution,risk,approved_on_validation,우선 점검 후보
2023-08-01,AST-5007,A2,2,5.441996594604876,0.0746863013564368,0.0454236820177671,MRO-10047;MRO-50009;MRO-80001,MRO-10047;MRO-50009;MRO-80001,EOT Crane,PUN-01,train,12,caution,caution,approved_on_validation,우선 점검 후보
2023-08-02,AST-1041,A2,9,8.558406453650802,0.2579606917130109,0.1910128139649761,MRO-10046;MRO-50009;MRO-10045,MRO-10046;MRO-50009;MRO-10045,CNC Lathe,PUN-01,train,12,risk,risk,approved_on_validation,우선 점검 후보
2023-08-02,AST-1042,A2,4,6.208991108798597,0.1138441201547548,0.0716776410249771,MRO-80001;MRO-20031;MRO-10046,MRO-80001;MRO-20031;MRO-10046,CNC Lathe,PUN-01,train,12,caution,risk,approved_on_validation,우선 점검 후보
2023-08-02,AST-2017,A2,9,8.417900333781544,0.2513891650998206,0.1821330862657329,MRO-10045;MRO-10047;MRO-20031,MRO-10045;MRO-10047;MRO-20031,Hydraulic Press,PUN-01,train,12,risk,risk,approved_on_validation,우선 점검 후보
2023-08-02,AST-2031,A2,20,17.731307060827973,0.864084979663373,0.8201743309279464,MRO-80001;MRO-50009;MRO-10046,MRO-80001;MRO-50009;MRO-10046,Hydraulic Press,CHN-02,train,12,high_risk,high_risk,approved_on_validation,우선 점검 후보
2023-08-02,AST-3008,A2,1,6.46208759695975,0.1249738323591103,0.0819943627740096,MRO-20031;MRO-50009;MRO-80001,MRO-20031;MRO-50009;MRO-80001,Belt Conveyor,CHN-02,train,12,caution,risk,approved_on_validation,우선 점검 후보
2023-08-02,AST-3019,A2,5,5.451039589048543,0.0776481761373199,0.0472761234509739,MRO-70004;MRO-20031;MRO-10047,MRO-20031;MRO-10047;MRO-10045,Belt Conveyor,CHN-02,train,12,caution,caution,approved_on_validation,우선 점검 후보
2023-08-02,AST-4055,A2,8,8.280272714046891,0.2382735057927726,0.1750893242373556,MRO-20031;MRO-10045;MRO-10047,MRO-20031;MRO-10045;MRO-10047,Screw Compressor,DHR-03,train,12,risk,risk,approved_on_validation,우선 점검 후보
2023-08-02,AST-4061,A2,4,6.4335330225431795,0.1238612904866631,0.0800204394696176,MRO-10046;MRO-50009;MRO-10047,MRO-10046;MRO-50009;MRO-10047,Screw Compressor,DHR-03,train,12,caution,risk,approved_on_validation,우선 점검 후보
2023-08-02,AST-5003,A2,5,7.429284495613983,0.1799326926178226,0.1255605164664561,MRO-20031;MRO-10045;MRO-10047,MRO-20031;MRO-10045;MRO-10047,EOT Crane,DHR-03,train,12,caution,risk,approved_on_validation,우선 점검 후보
2023-08-02,AST-5007,A2,5,5.767386527369971,0.0857014164650329,0.0558434893802393,MRO-70004;MRO-10047;MRO-50009,MRO-10047;MRO-50009;MRO-10045,EOT Crane,PUN-01,train,12,caution,caution,approved_on_validation,우선 점검 후보
2023-08-03,AST-1041,A2,6,6.740621317449603,0.13993618891038,0.0939737397191809,MRO-10047;MRO-80001;MRO-10046,MRO-10047;MRO-80001;MRO-10046,CNC Lathe,PUN-01,train,12,risk,risk,approved_on_validation,우선 점검 후보
2023-08-03,AST-1042,A2,10,6.654782830656372,0.1367893934709819,0.0902915097211566,MRO-50009;MRO-80001;MRO-20031,MRO-50009;MRO-80001;MRO-20031,CNC Lathe,PUN-01,train,12,risk,risk,approved_on_validation,우선 점검 후보
2023-08-03,AST-2017,A2,0,6.799987306047164,0.1421929255834355,0.0954757631328775,MRO-80001;MRO-10045;MRO-20031,MRO-80001;MRO-10045;MRO-20031,Hydraulic Press,PUN-01,train,12,normal,risk,approved_on_validation,우선 점검 후보
2023-08-03,AST-2031,A2,8,7.635017619482213,0.19667400961057,0.1370171774650322,MRO-10046;MRO-20031;MRO-50009,MRO-10046;MRO-20031;MRO-50009,Hydraulic Press,CHN-02,train,12,risk,risk,approved_on_validation,우선 점검 후보
2023-08-03,AST-3008,A2,11,6.416208690338682,0.1213356084158874,0.080456662552555,MRO-20031;MRO-10045;MRO-10047,MRO-20031;MRO-10045;MRO-10047,Belt Conveyor,CHN-02,train,12,risk,risk,approved_on_validation,우선 점검 후보
2023-08-03,AST-3019,A2,15,7.64726149460708,0.1794109178689337,0.1295112266778378,MRO-20033;MRO-40021;MRO-60015,MRO-10045;MRO-10046;MRO-10047,Belt Conveyor,CHN-02,train,12,high_risk,risk,approved_on_validation,우선 점검 후보
2023-08-03,AST-4055,A2,12,8.763532172546906,0.2767888891920961,0.2030932581626208,MRO-10047;MRO-20031;MRO-10045,MRO-10047;MRO-20031;MRO-10045,Screw Compressor,DHR-03,train,12,high_risk,risk,approved_on_validation,우선 점검 후보
2023-08-03,AST-4061,A2,3,6.7007847069984185,0.1378366514492065,0.0912758514267349,MRO-40022;MRO-50009;MRO-10045,MRO-50009;MRO-10045;MRO-10047,Screw Compressor,DHR-03,train,12,caution,risk,approved_on_validation,우선 점검 후보
2023-08-03,AST-5003,A2,16,8.483111237001257,0.2486449469435758,0.1832904070203052,MRO-10046;MRO-30011;MRO-40021,MRO-10046;MRO-10045;MRO-10047,EOT Crane,DHR-03,train,12,high_risk,risk,approved_on_validation,우선 점검 후보
2023-08-03,AST-5007,A2,9,5.403075573840506,0.0697144528173202,0.0437279971732112,MRO-70004;MRO-10047;MRO-50009,MRO-10047;MRO-50009;MRO-10045,EOT Crane,PUN-01,train,12,risk,caution,approved_on_validation,우선 점검 후보
2023-08-04,AST-1041,A2,13,7.167622660102667,0.1663996305641878,0.1140961375535279,MRO-10047;MRO-80001;MRO-10045,MRO-10047;MRO-80001;MRO-10045,CNC Lathe,PUN-01,train,12,high_risk,risk,approved_on_validation,우선 점검 후보
2023-08-04,AST-1042,A2,8,6.05860924336757,0.10539925546636,0.065621971706529,MRO-30012;MRO-50009;MRO-10046,MRO-50009;MRO-10046;MRO-80001,CNC Lathe,PUN-01,train,12,risk,risk,approved_on_validation,우선 점검 후보
2023-08-04,AST-2017,A2,4,8.735937174224969,0.2731959580211462,0.202174901300262,MRO-20031;MRO-10047;MRO-10045,MRO-20031;MRO-10047;MRO-10045,Hydraulic Press,PUN-01,train,12,caution,risk,approved_on_validation,우선 점검 후보
2023-08-04,AST-2031,A2,20,8.879920442597344,0.280135299424909,0.2115037439333353,MRO-20031;MRO-50009;MRO-10045,MRO-20031;MRO-50009;MRO-10045,Hydraulic Press,CHN-02,train,12,high_risk,risk,approved_on_validation,우선 점검 후보
2023-08-04,AST-3008,A2,1,6.37521880552976,0.120451732763442,0.0787166072329734,MRO-20031;MRO-10047;MRO-50009,MRO-20031;MRO-10047;MRO-50009,Belt Conveyor,CHN-02,train,12,caution,risk,approved_on_validation,우선 점검 후보
2023-08-04,AST-3019,A2,8,5.82650791171605,0.0936787622899134,0.0584029042409562,MRO-10047;MRO-20031;MRO-10045,MRO-10047;MRO-20031;MRO-10045,Belt Conveyor,CHN-02,train,12,risk,caution,approved_on_validation,우선 점검 후보
2023-08-04,AST-4055,A2,19,9.22371624793918,0.3092047541726118,0.2337708638311584,MRO-20031;MRO-10045;MRO-10047,MRO-20031;MRO-10045;MRO-10047,Screw Compressor,DHR-03,train,12,high_risk,risk,approved_on_validation,우선 점검 후보
2023-08-04,AST-4061,A2,8,6.653997045678946,0.1355631653704555,0.0890495330789097,MRO-50009;MRO-10045;MRO-10047,MRO-50009;MRO-10045;MRO-10047,Screw Compressor,DHR-03,train,12,risk,risk,approved_on_validation,우선 점검 후보
2023-08-04,AST-5003,A2,5,8.188553141557076,0.2292121584439696,0.1669353071411562,MRO-10045;MRO-10046;MRO-80001,MRO-10045;MRO-10046;MRO-80001,EOT Crane,DHR-03,train,12,caution,risk,approved_on_validation,우선 점검 후보
2023-08-04,AST-5007,A2,1,5.759721223169194,0.0880879496044353,0.0554381518268649,MRO-70004;MRO-10047;MRO-40022,MRO-10047;MRO-50009;MRO-10045,EOT Crane,PUN-01,train,12,caution,caution,approved_on_validation,우선 점검 후보
2023-08-05,AST-1041,A2,0,0.003728083388989,1.6974723632178098e-11,1.5865359396140948e-14,MRO-80001;MRO-10046;MRO-20031,MRO-80001;MRO-10046;MRO-20031,CNC Lathe,PUN-01,train,12,normal,normal,approved_on_validation,우선 점검 후보
2023-08-05,AST-1042,A2,0,0.0032478141863748,6.920513804775044e-12,6.7436073142745056e-15,MRO-60015;MRO-80001;MRO-30012,MRO-80001;MRO-20031;MRO-10045,CNC Lathe,PUN-01,train,12,normal,normal,approved_on_validation,우선 점검 후보
2023-08-05,AST-2017,A2,0,0.0032313404737797,6.639038562861434e-12,6.6848198880663675e-15,MRO-20031;MRO-10045;MRO-10046,MRO-20031;MRO-10045;MRO-10046,Hydraulic Press,PUN-01,train,12,normal,normal,approved_on_validation,우선 점검 후보
2023-08-05,AST-2031,A2,0,0.0032077262605786,6.486699230177074e-12,6.4904867243629704e-15,MRO-10045;MRO-10046;MRO-80001,MRO-10045;MRO-10046;MRO-80001,Hydraulic Press,CHN-02,train,12,normal,normal,approved_on_validation,우선 점검 후보
2023-08-05,AST-3008,A2,0,0.0032320769195979,6.5874910735585595e-12,6.641082210613912e-15,MRO-10045;MRO-10046;MRO-50009,MRO-10045;MRO-10046;MRO-50009,Belt Conveyor,CHN-02,train,12,normal,normal,approved_on_validation,우선 점검 후보
2023-08-05,AST-3019,A2,0,0.003192999317613,6.527902934961834e-12,6.4457172162283864e-15,MRO-50009;MRO-10045;MRO-10046,MRO-50009;MRO-10045;MRO-10046,Belt Conveyor,CHN-02,train,12,normal,normal,approved_on_validation,우선 점검 후보
2023-08-05,AST-4055,A2,0,0.0031190487352882,5.680730818216062e-12,5.610105104498482e-15,MRO-20031;MRO-10046;MRO-30012,MRO-20031;MRO-10046;MRO-10045,Screw Compressor,DHR-03,train,12,normal,normal,approved_on_validation,우선 점검 후보
2023-08-05,AST-4061,A2,0,0.0032338000034738,6.5566157022233136e-12,6.630986855695635e-15,MRO-10045;MRO-10047;MRO-20031,MRO-10045;MRO-10047;MRO-20031,Screw Compressor,DHR-03,train,12,normal,normal,approved_on_validation,우선 점검 후보
2023-08-05,AST-5003,A2,0,0.0032021694771466,6.252754528007782e-12,6.2841056987830695e-15,MRO-10047;MRO-20031;MRO-50009,MRO-10047;MRO-20031;MRO-50009,EOT Crane,DHR-03,train,12,normal,normal,approved_on_validation,우선 점검 후보
2023-08-05,AST-5007,A2,0,0.0033074922790803,7.085896695573905e-12,7.31134599831728e-15,MRO-70004;MRO-10045;MRO-10046,MRO-10045;MRO-10046;MRO-20031,EOT Crane,PUN-01,train,12,normal,normal,approved_on_validation,우선 점검 후보
2023-08-06,AST-1041,A2,0,0.0037255193413465,1.6892606977213302e-11,1.5792062803721952e-14,MRO-80001;MRO-10046;MRO-20031,MRO-80001;MRO-10046;MRO-20031,CNC Lathe,PUN-01,train,12,normal,normal,approved_on_validation,우선 점검 후보
2023-08-06,AST-1042,A2,0,0.003236328242132,6.567293685019306e-12,6.646854838053161e-15,MRO-10045;MRO-10046;MRO-10047,MRO-10045;MRO-10046;MRO-10047,CNC Lathe,PUN-01,train,12,normal,normal,approved_on_validation,우선 점검 후보
2023-08-06,AST-2017,A2,0,0.0032376760073442,6.7136549775589376e-12,6.7612173843061695e-15,MRO-20031;MRO-10045;MRO-10046,MRO-20031;MRO-10045;MRO-10046,Hydraulic Press,PUN-01,train,12,normal,normal,approved_on_validation,우선 점검 후보
2023-08-06,AST-2031,A2,0,0.0035201365136933,1.1169284002269169e-11,1.1064035305353251e-14,MRO-10047;MRO-50009;MRO-20031,MRO-10047;MRO-50009;MRO-20031,Hydraulic Press,CHN-02,train,12,normal,normal,approved_on_validation,우선 점검 후보
2023-08-06,AST-3008,A2,0,0.0032353894421761,6.615701471166812e-12,6.6743548160153815e-15,MRO-10045;MRO-10046;MRO-10047,MRO-10045;MRO-10046;MRO-10047,Belt Conveyor,CHN-02,train,12,normal,normal,approved_on_validation,우선 점검 후보
2023-08-06,AST-3019,A2,0,0.0032115635762679,6.526215426323681e-12,6.509787446861696e-15,MRO-10045;MRO-10046;MRO-10047,MRO-10045;MRO-10046;MRO-10047,Belt Conveyor,CHN-02,train,12,normal,normal,approved_on_validation,우선 점검 후보
2023-08-06,AST-4055,A2,0,0.0032358942645594,6.876584962135149e-12,6.8713108602679065e-15,MRO-20031;MRO-10046;MRO-10047,MRO-20031;MRO-10046;MRO-10047,Screw Compressor,DHR-03,train,12,normal,normal,approved_on_validation,우선 점검 후보
2023-08-06,AST-4061,A2,0,0.0032326654239248,6.544598587791031e-12,6.619175094385316e-15,MRO-10045;MRO-10047;MRO-20031,MRO-10045;MRO-10047;MRO-20031,Screw Compressor,DHR-03,train,12,normal,normal,approved_on_validation,우선 점검 후보
2023-08-06,AST-5003,A2,0,0.0032979734598999,7.316892854171304e-12,7.413352761757193e-15,MRO-10046;MRO-10045;MRO-10047,MRO-10046;MRO-10045;MRO-10047,EOT Crane,DHR-03,train,12,normal,normal,approved_on_validation,우선 점검 후보
2023-08-06,AST-5007,A2,0,0.003231055456714,6.574265874911408e-12,6.614595207006237e-15,MRO-10045;MRO-10046;MRO-10047,MRO-10045;MRO-10046;MRO-10047,EOT Crane,PUN-01,train,12,normal,normal,approved_on_validation,우선 점검 후보
2023-08-07,AST-1041,A2,5,6.883951073500762,0.1471824728233175,0.1015502644612399,MRO-10047;MRO-10045;MRO-50009,MRO-10047;MRO-10045;MRO-50009,CNC Lathe,PUN-01,train,12,caution,risk,approved_on_validation,우선 점검 후보
2023-08-07,AST-1042,A2,10,7.629164704592931,0.1998310359798137,0.1369590941811517,MRO-10047;MRO-20031;MRO-10046,MRO-10047;MRO-20031;MRO-10046,CNC Lathe,PUN-01,train,12,risk,risk,approved_on_validation,우선 점검 후보
2023-08-07,AST-2017,A2,9,8.05424418895322,0.2235375798398125,0.1609365463105143,MRO-20031;MRO-10047;MRO-10045,MRO-20031;MRO-10047;MRO-10045,Hydraulic Press,PUN-01,train,12,risk,risk,approved_on_validation,우선 점검 후보
2023-08-07,AST-2031,A2,14,7.500232025433788,0.1849371285593454,0.1295080256903178,MRO-20031;MRO-50009;MRO-10046,MRO-20031;MRO-50009;MRO-10046,Hydraulic Press,CHN-02,train,12,high_risk,risk,approved_on_validation,우선 점검 후보
2023-08-07,AST-3008,A2,15,9.369404181459013,0.3194964689131009,0.2441057005547446,MRO-10046;MRO-10045;MRO-10047,MRO-10046;MRO-10045;MRO-10047,Belt Conveyor,CHN-02,train,12,high_risk,risk,approved_on_validation,우선 점검 후보
2023-08-07,AST-3019,A2,10,5.56558103205758,0.0819761699323173,0.0506186801478237,MRO-50009;MRO-10047;MRO-20031,MRO-50009;MRO-10047;MRO-20031,Belt Conveyor,CHN-02,train,12,risk,caution,approved_on_validation,우선 점검 후보
2023-08-07,AST-4055,A2,8,8.19247449171123,0.236105918756918,0.1681443567359921,MRO-20031;MRO-50009;MRO-10045,MRO-20031;MRO-50009;MRO-10045,Screw Compressor,DHR-03,train,12,risk,risk,approved_on_validation,우선 점검 후보
2023-08-07,AST-4061,A2,4,6.2788223920731205,0.1153430217473546,0.0742958485953567,MRO-10046;MRO-10045;MRO-50009,MRO-10046;MRO-10045;MRO-50009,Screw Compressor,DHR-03,train,12,caution,risk,approved_on_validation,우선 점검 후보
2023-08-07,AST-5003,A2,6,8.085443635876581,0.2244217992767205,0.1608282451699827,MRO-10047;MRO-10045;MRO-10046,MRO-10047;MRO-10045;MRO-10046,EOT Crane,DHR-03,train,12,risk,risk,approved_on_validation,우선 점검 후보
2023-08-07,AST-5007,A2,4,5.433897715474242,0.0761069502749119,0.0453200188864107,MRO-50009;MRO-10047;MRO-20031,MRO-50009;MRO-10047;MRO-20031,EOT Crane,PUN-01,train,12,caution,caution,approved_on_validation,우선 점검 후보
2023-08-08,AST-1041,A2,8,6.305566968423648,0.1165596486049983,0.0756401875141462,MRO-10045;MRO-50009;MRO-80001,MRO-10045;MRO-50009;MRO-80001,CNC Lathe,PUN-01,train,12,risk,risk,approved_on_validation,우선 점검 후보
2023-08-08,AST-1042,A2,16,10.404744422718537,0.3969892675972257,0.3171121233802462,MRO-10047;MRO-10046;MRO-30012,MRO-10047;MRO-10046;MRO-50009,CNC Lathe,PUN-01,train,12,high_risk,risk,approved_on_validation,우선 점검 후보
2023-08-08,AST-2017,A2,1,7.881761698895304,0.2105038499955577,0.1518047913538678,MRO-20031;MRO-10046;MRO-10047,MRO-20031;MRO-10046;MRO-10047,Hydraulic Press,PUN-01,train,12,caution,risk,approved_on_validation,우선 점검 후보
2023-08-08,AST-2031,A2,7,7.406658788228419,0.1798662429634181,0.1257202390222041,MRO-20031;MRO-80001;MRO-50009,MRO-20031;MRO-80001;MRO-50009,Hydraulic Press,CHN-02,train,12,risk,risk,approved_on_validation,우선 점검 후보
2023-08-08,AST-3008,A2,15,6.531306002572429,0.1284915585968482,0.0847339966915403,MRO-20031;MRO-80001;MRO-10046,MRO-20031;MRO-80001;MRO-10046,Belt Conveyor,CHN-02,train,12,high_risk,risk,approved_on_validation,우선 점검 후보
2023-08-08,AST-3019,A2,0,5.554816717506565,0.0807024757673476,0.0493412856982843,MRO-20031;MRO-50009;MRO-10047,MRO-20031;MRO-50009;MRO-10047,Belt Conveyor,CHN-02,train,12,normal,caution,approved_on_validation,우선 점검 후보
2023-08-08,AST-4055,A2,6,8.02540597453827,0.2227091073781924,0.1579121521621388,MRO-80001;MRO-10047;MRO-10046,MRO-80001;MRO-10047;MRO-10046,Screw Compressor,DHR-03,train,12,risk,risk,approved_on_validation,우선 점검 후보
2023-08-08,AST-4061,A2,7,6.509069147853129,0.1281379942956624,0.0837759319704779,MRO-10046;MRO-80001;MRO-10045,MRO-10046;MRO-80001;MRO-10045,Screw Compressor,DHR-03,train,12,risk,risk,approved_on_validation,우선 점검 후보
2023-08-08,AST-5003,A2,7,8.072137134144096,0.2229587733337955,0.1598559729070378,MRO-50009;MRO-10046;MRO-10047,MRO-50009;MRO-10046;MRO-10047,EOT Crane,DHR-03,train,12,risk,risk,approved_on_validation,우선 점검 후보
2023-08-08,AST-5007,A2,6,5.124847608788783,0.0628522819037316,0.0368882898083103,MRO-10047;MRO-10045;MRO-50009,MRO-10047;MRO-10045;MRO-50009,EOT Crane,PUN-01,train,12,risk,caution,approved_on_validation,우선 점검 후보
2023-08-09,AST-1041,A2,10,7.1053070495391495,0.1614726903737582,0.1102653224361822,MRO-10045;MRO-80001;MRO-20031,MRO-10045;MRO-80001;MRO-20031,CNC Lathe,PUN-01,train,12,risk,risk,approved_on_validation,우선 점검 후보
2023-08-09,AST-1042,A2,6,7.095851703109837,0.1599211000007834,0.1079001200632209,MRO-30012;MRO-10046;MRO-50009,MRO-10046;MRO-50009;MRO-10047,CNC Lathe,PUN-01,train,12,risk,risk,approved_on_validation,우선 점검 후보
2023-08-09,AST-2017,A2,13,8.300583593276418,0.2416800302023618,0.1748445666345559,MRO-10046;MRO-20031;MRO-10047,MRO-10046;MRO-20031;MRO-10047,Hydraulic Press,PUN-01,train,12,high_risk,risk,approved_on_validation,우선 점검 후보
2023-08-09,AST-2031,A2,7,7.517438403741018,0.1872278586495035,0.1306393228641418,MRO-20031;MRO-50009;MRO-10047,MRO-20031;MRO-50009;MRO-10047,Hydraulic Press,CHN-02,train,12,risk,risk,approved_on_validation,우선 점검 후보
2023-08-09,AST-3008,A2,10,6.616242339808246,0.1348928081233785,0.0883900124592398,MRO-10046;MRO-20031;MRO-80001,MRO-10046;MRO-20031;MRO-80001,Belt Conveyor,CHN-02,train,12,risk,risk,approved_on_validation,우선 점검 후보
2023-08-09,AST-3019,A2,1,5.462208075627296,0.0789053419215419,0.0471079127285403,MRO-50009;MRO-20031;MRO-10047,MRO-50009;MRO-20031;MRO-10047,Belt Conveyor,CHN-02,train,12,caution,caution,approved_on_validation,우선 점검 후보
2023-08-09,AST-4055,A2,8,7.95197000492076,0.2178011628432166,0.1543050757928689,MRO-80001;MRO-10045;MRO-20031,MRO-80001;MRO-10045;MRO-20031,Screw Compressor,DHR-03,train,12,risk,risk,approved_on_validation,우선 점검 후보
2023-08-09,AST-4061,A2,4,6.260527877455028,0.1147636739032174,0.0733297999176864,MRO-20031;MRO-10046;MRO-50009,MRO-20031;MRO-10046;MRO-50009,Screw Compressor,DHR-03,train,12,caution,risk,approved_on_validation,우선 점검 후보
2023-08-09,AST-5003,A2,2,7.768846578004068,0.2020853838763015,0.143696118443319,MRO-50009;MRO-10047;MRO-10046,MRO-50009;MRO-10047;MRO-10046,EOT Crane,DHR-03,train,12,caution,risk,approved_on_validation,우선 점검 후보
2023-08-09,AST-5007,A2,12,5.734832057891529,0.0893382725018066,0.0547750331396011,MRO-50009;MRO-10046;MRO-10047,MRO-50009;MRO-10046;MRO-10047,EOT Crane,PUN-01,train,12,high_risk,caution,approved_on_validation,우선 점검 후보
2023-08-10,AST-1041,A2,6,5.7449811817128875,0.0882191895714947,0.0549366221321991,MRO-20031;MRO-10047;MRO-80001,MRO-20031;MRO-10047;MRO-80001,CNC Lathe,PUN-01,train,12,risk,caution,approved_on_validation,우선 점검 후보
2023-08-10,AST-1042,A2,8,6.450933507270618,0.1244051256483735,0.0810659950509175,MRO-10046;MRO-50009;MRO-10047,MRO-10046;MRO-50009;MRO-10047,CNC Lathe,PUN-01,train,12,risk,risk,approved_on_validation,우선 점검 후보
2023-08-10,AST-2017,A2,9,8.428482146910007,0.2500483413520904,0.1822030925268272,MRO-20031;MRO-50009;MRO-10047,MRO-20031;MRO-50009;MRO-10047,Hydraulic Press,PUN-01,train,12,risk,risk,approved_on_validation,우선 점검 후보
2023-08-10,AST-2031,A2,7,6.793629873571655,0.1428375093719085,0.0950456174474485,MRO-50009;MRO-10047;MRO-10045,MRO-50009;MRO-10047;MRO-10045,Hydraulic Press,CHN-02,train,12,risk,risk,approved_on_validation,우선 점검 후보
2023-08-10,AST-3008,A2,4,6.610103078158541,0.134904364590781,0.0882812032235897,MRO-10045;MRO-10046;MRO-20031,MRO-10045;MRO-10046;MRO-20031,Belt Conveyor,CHN-02,train,12,caution,risk,approved_on_validation,우선 점검 후보
2023-08-10,AST-3019,A2,16,5.753951949736745,0.0898819353952681,0.0557278550011603,MRO-20031;MRO-50009;MRO-10047,MRO-20031;MRO-50009;MRO-10047,Belt Conveyor,CHN-02,train,12,high_risk,caution,approved_on_validation,우선 점검 후보
2023-08-10,AST-4055,A2,12,8.372948054884228,0.2421561514831957,0.1773885387928731,MRO-40021;MRO-40022;MRO-10046,MRO-10046;MRO-50009;MRO-10047,Screw Compressor,DHR-03,train,12,high_risk,risk,approved_on_validation,우선 점검 후보
2023-08-10,AST-4061,A2,7,6.571337859628288,0.1321012934373085,0.0866579345324316,MRO-80001;MRO-20031;MRO-10046,MRO-80001;MRO-20031;MRO-10046,Screw Compressor,DHR-03,train,12,risk,risk,approved_on_validation,우선 점검 후보
2023-08-10,AST-5003,A2,2,6.907081154379689,0.1473507751066765,0.0995054440769358,MRO-60015;MRO-10045;MRO-10047,MRO-10045;MRO-10047;MRO-10046,EOT Crane,DHR-03,train,12,caution,risk,approved_on_validation,우선 점검 후보
2023-08-10,AST-5007,A2,4,5.44210533684577,0.0755856833286381,0.0454449253876279,MRO-10045;MRO-50009;MRO-10046,MRO-10045;MRO-50009;MRO-10046,EOT Crane,PUN-01,train,12,caution,caution,approved_on_validation,우선 점검 후보
2023-08-11,AST-1041,A2,6,6.409485457288074,0.1239707782648048,0.080214224742622,MRO-20031;MRO-80001;MRO-10045,MRO-20031;MRO-80001;MRO-10045,CNC Lathe,PUN-01,train,12,risk,risk,approved_on_validation,우선 점검 후보
2023-08-11,AST-1042,A2,4,6.114965473267212,0.1071528031397365,0.0683671532751389,MRO-10046;MRO-10047;MRO-50009,MRO-10046;MRO-10047;MRO-50009,CNC Lathe,PUN-01,train,12,caution,risk,approved_on_validation,우선 점검 후보
2023-08-11,AST-2017,A2,8,8.515837792517669,0.2567744106235268,0.1885044967176606,MRO-10047;MRO-50009;MRO-10046,MRO-10047;MRO-50009;MRO-10046,Hydraulic Press,PUN-01,train,12,risk,risk,approved_on_validation,우선 점검 후보
2023-08-11,AST-2031,A2,4,6.892285634447507,0.149651357216209,0.0997604386509221,MRO-80001;MRO-20031;MRO-50009,MRO-80001;MRO-20031;MRO-50009,Hydraulic Press,CHN-02,train,12,caution,risk,approved_on_validation,우선 점검 후보
2023-08-11,AST-3008,A2,12,7.242712641378626,0.1717871136063671,0.1177015002790294,MRO-80001;MRO-10045;MRO-10047,MRO-80001;MRO-10045;MRO-10047,Belt Conveyor,CHN-02,train,12,high_risk,risk,approved_on_validation,우선 점검 후보
2023-08-11,AST-3019,A2,2,5.560581388787973,0.0824813763132256,0.050067576174185,MRO-50009;MRO-10047;MRO-10045,MRO-50009;MRO-10047;MRO-10045,Belt Conveyor,CHN-02,train,12,caution,caution,approved_on_validation,우선 점검 후보
2023-08-11,AST-4055,A2,2,8.308411666583904,0.2435461616693047,0.1741770320246118,MRO-10045;MRO-10047;MRO-20031,MRO-10045;MRO-10047;MRO-20031,Screw Compressor,DHR-03,train,12,caution,risk,approved_on_validation,우선 점검 후보
2023-08-11,AST-4061,A2,6,6.054199173587657,0.1017101411227098,0.0640768732753692,MRO-30011;MRO-60015;MRO-80001,MRO-80001;MRO-10046;MRO-20031,Screw Compressor,DHR-03,train,12,risk,risk,approved_on_validation,우선 점검 후보
2023-08-11,AST-5003,A2,4,7.346793556529587,0.173249549658009,0.1193848103920706,MRO-10047;MRO-10045;MRO-10046,MRO-10047;MRO-10045;MRO-10046,EOT Crane,DHR-03,train,12,caution,risk,approved_on_validation,우선 점검 후보
2023-08-11,AST-5007,A2,3,5.499302567115301,0.077672785487375,0.0470121247761649,MRO-50009;MRO-10045;MRO-80001,MRO-50009;MRO-10045;MRO-80001,EOT Crane,PUN-01,train,12,caution,caution,approved_on_validation,우선 점검 후보
2023-08-12,AST-1041,A2,0,0.0037749368385297,1.798936194716981e-11,1.6835056209820556e-14,MRO-20031;MRO-10046;MRO-10047,MRO-20031;MRO-10046;MRO-10047,CNC Lathe,PUN-01,train,12,normal,normal,approved_on_validation,우선 점검 후보
2023-08-12,AST-1042,A2,0,0.0032331792452233,6.567225890524825e-12,6.6374558105860546e-15,MRO-50008;MRO-10045;MRO-10047,MRO-10045;MRO-10047;MRO-20031,CNC Lathe,PUN-01,train,12,normal,normal,approved_on_validation,우선 점검 후보
2023-08-12,AST-2017,A2,0,0.0033293316745486,6.350007991101059e-12,6.7840424340114256e-15,MRO-30011;MRO-90012;MRO-10045,MRO-10045;MRO-80001;MRO-10046,Hydraulic Press,PUN-01,train,12,normal,normal,approved_on_validation,우선 점검 후보
2023-08-12,AST-2031,A2,0,0.0032200040583432,6.492446524015691e-12,6.534843711840636e-15,MRO-10045;MRO-10046;MRO-20031,MRO-10045;MRO-10046;MRO-20031,Hydraulic Press,CHN-02,train,12,normal,normal,approved_on_validation,우선 점검 후보
2023-08-12,AST-3008,A2,0,0.0032699720258641,6.753121955167547e-12,6.8393096432798355e-15,MRO-80001;MRO-30011;MRO-20031,MRO-80001;MRO-20031;MRO-50009,Belt Conveyor,CHN-02,train,12,normal,normal,approved_on_validation,우선 점검 후보
2023-08-12,AST-3019,A2,0,0.0032625346716602,6.512532259558903e-12,6.810638049057477e-15,MRO-20032;MRO-50008;MRO-10045,MRO-10045;MRO-10046;MRO-20031,Belt Conveyor,CHN-02,train,12,normal,normal,approved_on_validation,우선 점검 후보
2023-08-12,AST-4055,A2,0,0.0032465167599315,6.640581519560989e-12,6.741791817148469e-15,MRO-10045;MRO-10046;MRO-20031,MRO-10045;MRO-10046;MRO-20031,Screw Compressor,DHR-03,train,12,normal,normal,approved_on_validation,우선 점검 후보
2023-08-12,AST-4061,A2,0,0.003266461438461,6.784028050844211e-12,6.914825080153476e-15,MRO-80001;MRO-40021;MRO-10045,MRO-80001;MRO-10045;MRO-10046,Screw Compressor,DHR-03,train,12,normal,normal,approved_on_validation,우선 점검 후보
2023-08-12,AST-5003,A2,0,0.0032286972319217,6.556485262981534e-12,6.600192445025241e-15,MRO-10045;MRO-10046;MRO-10047,MRO-10045;MRO-10046;MRO-10047,EOT Crane,DHR-03,train,12,normal,normal,approved_on_validation,우선 점검 후보
2023-08-12,AST-5007,A2,0,0.0032215139356104,6.034311744063769e-12,6.348705147872716e-15,MRO-70004;MRO-40021;MRO-70005,MRO-10045;MRO-10047;MRO-20031,EOT Crane,PUN-01,train,12,normal,normal,approved_on_validation,우선 점검 후보
2023-08-13,AST-1041,A2,0,0.0031621773106709,6.001354104864032e-12,5.997995338874751e-15,MRO-70004;MRO-50009;MRO-20033,MRO-50009;MRO-10045;MRO-10046,CNC Lathe,PUN-01,train,12,normal,normal,approved_on_validation,우선 점검 후보
2023-08-13,AST-1042,A2,0,0.0032369108590898,6.5742544746478084e-12,6.654969277461775e-15,MRO-10045;MRO-10046;MRO-10047,MRO-10045;MRO-10046;MRO-10047,CNC Lathe,PUN-01,train,12,normal,normal,approved_on_validation,우선 점검 후보
2023-08-13,AST-2017,A2,0,0.0032579671942199,6.8251877151922655e-12,6.9366350977896196e-15,MRO-50009;MRO-70005;MRO-90012,MRO-50009;MRO-10045;MRO-10046,Hydraulic Press,PUN-01,train,12,normal,normal,approved_on_validation,우선 점검 후보
2023-08-13,AST-2031,A2,0,0.0032440230407604,6.755328629754141e-12,6.812406825830016e-15,MRO-80001;MRO-10045;MRO-10046,MRO-80001;MRO-10045;MRO-10046,Hydraulic Press,CHN-02,train,12,normal,normal,approved_on_validation,우선 점검 후보
2023-08-13,AST-3008,A2,0,0.0033198146205384,7.519272783371946e-12,7.634434148785517e-15,MRO-80001;MRO-30011;MRO-10046,MRO-80001;MRO-10046;MRO-20031,Belt Conveyor,CHN-02,train,12,normal,normal,approved_on_validation,우선 점검 후보
2023-08-13,AST-3019,A2,0,0.0032497002992242,6.533662052731104e-12,6.6737940658965775e-15,MRO-50008;MRO-20032;MRO-10045,MRO-10045;MRO-10046;MRO-10047,Belt Conveyor,CHN-02,train,12,normal,normal,approved_on_validation,우선 점검 후보
2023-08-13,AST-4055,A2,0,0.0032505089853148,6.654832078983759e-12,6.765808487497762e-15,MRO-10045;MRO-10046;MRO-10047,MRO-10045;MRO-10046;MRO-10047,Screw Compressor,DHR-03,train,12,normal,normal,approved_on_validation,우선 점검 후보
2023-08-13,AST-4061,A2,0,0.0032339073628577,6.544622890942199e-12,6.623241921583676e-15,MRO-10045;MRO-10046;MRO-10047,MRO-10045;MRO-10046;MRO-10047,Screw Compressor,DHR-03,train,12,normal,normal,approved_on_validation,우선 점검 후보
2023-08-13,AST-5003,A2,0,0.0032660087493167,6.6639004449096894e-12,6.8057972544033584e-15,MRO-20033;MRO-30011;MRO-10045,MRO-10045;MRO-10046;MRO-10047,EOT Crane,DHR-03,train,12,normal,normal,approved_on_validation,우선 점검 후보
2023-08-13,AST-5007,A2,0,0.0032291426616862,6.5742601153610986e-12,6.602989630648877e-15,MRO-10045;MRO-10046;MRO-10047,MRO-10045;MRO-10046;MRO-10047,EOT Crane,PUN-01,train,12,normal,normal,approved_on_validation,우선 점검 후보
2023-08-14,AST-1041,A2,10,6.905262934226607,0.1534884550710323,0.1021649075197991,MRO-10047;MRO-80001;MRO-10045,MRO-10047;MRO-80001;MRO-10045,CNC Lathe,PUN-01,train,12,risk,risk,approved_on_validation,우선 점검 후보
2023-08-14,AST-1042,A2,2,5.995954292330308,0.1016193004000617,0.0636939917393417,MRO-10046;MRO-80001;MRO-10047,MRO-10046;MRO-80001;MRO-10047,CNC Lathe,PUN-01,train,12,caution,risk,approved_on_validation,우선 점검 후보
2023-08-14,AST-2017,A2,9,8.15573978995072,0.2290504232617632,0.1668323552905174,MRO-50009;MRO-10046;MRO-80001,MRO-50009;MRO-10046;MRO-80001,Hydraulic Press,PUN-01,train,12,risk,risk,approved_on_validation,우선 점검 후보
2023-08-14,AST-2031,A2,8,7.595038113197977,0.1920437887817996,0.1349451269348825,MRO-10046;MRO-10047;MRO-80001,MRO-10046;MRO-10047;MRO-80001,Hydraulic Press,CHN-02,train,12,risk,risk,approved_on_validation,우선 점검 후보
2023-08-14,AST-3008,A2,9,5.841956235380806,0.0912996990118603,0.057546084782293,MRO-50009;MRO-20031;MRO-30012,MRO-50009;MRO-20031;MRO-10047,Belt Conveyor,CHN-02,train,12,risk,caution,approved_on_validation,우선 점검 후보
2023-08-14,AST-3019,A2,4,5.920595973320023,0.0977263725990691,0.0613878822796899,MRO-10045;MRO-40022;MRO-10046,MRO-10045;MRO-10046;MRO-10047,Belt Conveyor,CHN-02,train,12,caution,risk,approved_on_validation,우선 점검 후보
2023-08-14,AST-4055,A2,1,7.503252631626571,0.1854439241690291,0.1305243757629174,MRO-80001;MRO-10046;MRO-10047,MRO-80001;MRO-10046;MRO-10047,Screw Compressor,DHR-03,train,12,caution,risk,approved_on_validation,우선 점검 후보
2023-08-14,AST-4061,A2,4,6.406188489488743,0.1206995140303439,0.0783834261067823,MRO-40022;MRO-10047;MRO-80001,MRO-10047;MRO-80001;MRO-50009,Screw Compressor,DHR-03,train,12,caution,risk,approved_on_validation,우선 점검 후보
2023-08-14,AST-5003,A2,6,7.39777074696462,0.1778737067753049,0.1235244161196119,MRO-20031;MRO-10047;MRO-10045,MRO-20031;MRO-10047;MRO-10045,EOT Crane,DHR-03,train,12,risk,risk,approved_on_validation,우선 점검 후보
2023-08-14,AST-5007,A2,4,5.263398056887797,0.0671287564242039,0.040401476857958,MRO-10045;MRO-10046;MRO-20031,MRO-10045;MRO-10046;MRO-20031,EOT Crane,PUN-01,train,12,caution,caution,approved_on_validation,우선 점검 후보
2023-08-15,AST-1041,A2,5,6.337148276059386,0.1187481525479174,0.076780230865883,MRO-50009;MRO-80001;MRO-10045,MRO-50009;MRO-80001;MRO-10045,CNC Lathe,PUN-01,train,12,caution,risk,approved_on_validation,우선 점검 후보
2023-08-15,AST-1042,A2,10,5.813196023800617,0.0922196765555246,0.0576944368198563,MRO-10046;MRO-10047;MRO-20031,MRO-10046;MRO-10047;MRO-20031,CNC Lathe,PUN-01,train,12,risk,caution,approved_on_validation,우선 점검 후보
2023-08-15,AST-2017,A2,9,7.48891718206846,0.1822827635933079,0.1271204204957314,MRO-30011;MRO-10045;MRO-10046,MRO-10045;MRO-10046;MRO-10047,Hydraulic Press,PUN-01,train,12,risk,risk,approved_on_validation,우선 점검 후보
2023-08-15,AST-2031,A2,5,7.14688477426491,0.163826242711638,0.1114019643994623,MRO-10047;MRO-10045;MRO-10046,MRO-10047;MRO-10045;MRO-10046,Hydraulic Press,CHN-02,train,12,caution,risk,approved_on_validation,우선 점검 후보
2023-08-15,AST-3008,A2,6,6.109262157470079,0.1065685602566343,0.0680113751627685,MRO-10045;MRO-10047;MRO-80001,MRO-10045;MRO-10047;MRO-80001,Belt Conveyor,CHN-02,train,12,risk,risk,approved_on_validation,우선 점검 후보
2023-08-15,AST-3019,A2,10,6.133755929156648,0.109138985919145,0.069644555626249,MRO-10047;MRO-50009;MRO-80001,MRO-10047;MRO-50009;MRO-80001,Belt Conveyor,CHN-02,train,12,risk,risk,approved_on_validation,우선 점검 후보
2023-08-15,AST-4055,A2,14,7.95465771405547,0.2163658031072286,0.1543671665677329,MRO-10046;MRO-10047;MRO-80001,MRO-10046;MRO-10047;MRO-80001,Screw Compressor,DHR-03,train,12,high_risk,risk,approved_on_validation,우선 점검 후보
2023-08-15,AST-4061,A2,8,7.054069717190605,0.1578210858911567,0.1064634654735943,MRO-40022;MRO-80001;MRO-10047,MRO-80001;MRO-10047;MRO-20031,Screw Compressor,DHR-03,train,12,risk,risk,approved_on_validation,우선 점검 후보
2023-08-15,AST-5003,A2,2,6.418782135184457,0.1196887683341807,0.0786710001813324,MRO-20031;MRO-10045;MRO-10046,MRO-20031;MRO-10045;MRO-10046,EOT Crane,DHR-03,train,12,caution,risk,approved_on_validation,우선 점검 후보
2023-08-15,AST-5007,A2,2,5.855852633044663,0.0940613296886947,0.058515223368302,MRO-10045;MRO-50009;MRO-10046,MRO-10045;MRO-50009;MRO-10046,EOT Crane,PUN-01,train,12,caution,risk,approved_on_validation,우선 점검 후보
2023-08-16,AST-1041,A2,2,5.986518514895276,0.1003049706913539,0.0632056386817812,MRO-50009;MRO-10047;MRO-80001,MRO-50009;MRO-10047;MRO-80001,CNC Lathe,PUN-01,train,12,caution,risk,approved_on_validation,우선 점검 후보
2023-08-16,AST-1042,A2,8,6.125569820263446,0.1074949802984799,0.0682913567540276,MRO-10045;MRO-10046;MRO-10047,MRO-10045;MRO-10046;MRO-10047,CNC Lathe,PUN-01,train,12,risk,risk,approved_on_validation,우선 점검 후보
2023-08-16,AST-2017,A2,4,8.097773619946324,0.2278371076179087,0.1623821328270538,MRO-10045;MRO-50009;MRO-10046,MRO-10045;MRO-50009;MRO-10046,Hydraulic Press,PUN-01,train,12,caution,risk,approved_on_validation,우선 점검 후보
2023-08-16,AST-2031,A2,13,8.087716695307789,0.2250518008469625,0.1627003454960964,MRO-80001;MRO-10045;MRO-10047,MRO-80001;MRO-10045;MRO-10047,Hydraulic Press,CHN-02,train,12,high_risk,risk,approved_on_validation,우선 점검 후보
2023-08-16,AST-3008,A2,12,10.018065622369612,0.3696332789508663,0.2894742078307582,MRO-50009;MRO-10046;MRO-20031,MRO-50009;MRO-10046;MRO-20031,Belt Conveyor,CHN-02,train,12,high_risk,risk,approved_on_validation,우선 점검 후보
2023-08-16,AST-3019,A2,4,5.519457698674348,0.0811942362683922,0.0487244302364344,MRO-10045;MRO-20031;MRO-10047,MRO-10045;MRO-20031;MRO-10047,Belt Conveyor,CHN-02,train,12,caution,caution,approved_on_validation,우선 점검 후보
2023-08-16,AST-4055,A2,11,8.540885577335642,0.259757422249885,0.1889379473066868,MRO-20031;MRO-50009;MRO-10045,MRO-20031;MRO-50009;MRO-10045,Screw Compressor,DHR-03,train,12,risk,risk,approved_on_validation,우선 점검 후보
2023-08-16,AST-4061,A2,6,6.659821837672071,0.135782137104344,0.0896170052661639,MRO-50009;MRO-10047;MRO-20031,MRO-50009;MRO-10047;MRO-20031,Screw Compressor,DHR-03,train,12,risk,risk,approved_on_validation,우선 점검 후보
2023-08-16,AST-5003,A2,3,7.403151459610965,0.1735142101881968,0.1234215616232664,MRO-90012;MRO-20031;MRO-10045,MRO-20031;MRO-10045;MRO-10046,EOT Crane,DHR-03,train,12,caution,risk,approved_on_validation,우선 점검 후보
2023-08-16,AST-5007,A2,10,5.749495413601353,0.0894496816505292,0.054999820967617,MRO-10045;MRO-50009;MRO-10047,MRO-10045;MRO-50009;MRO-10047,EOT Crane,PUN-01,train,12,risk,caution,approved_on_validation,우선 점검 후보
2023-08-17,AST-1041,A2,14,6.718383566528007,0.1377555546249841,0.092593948438694,MRO-80001;MRO-10047;MRO-50009,MRO-80001;MRO-10047;MRO-50009,CNC Lathe,PUN-01,train,12,high_risk,risk,approved_on_validation,우선 점검 후보
2023-08-17,AST-1042,A2,12,6.469218742038393,0.1261856289824393,0.0809722924611283,MRO-10045;MRO-10046;MRO-10047,MRO-10045;MRO-10046;MRO-10047,CNC Lathe,PUN-01,train,12,high_risk,risk,approved_on_validation,우선 점검 후보
2023-08-17,AST-2017,A2,6,7.977505635162117,0.2198659853801602,0.1556155795770067,MRO-10046;MRO-10045;MRO-50009,MRO-10046;MRO-10045;MRO-50009,Hydraulic Press,PUN-01,train,12,risk,risk,approved_on_validation,우선 점검 후보
2023-08-17,AST-2031,A2,3,7.242577601582981,0.1715622291120166,0.1164320682615006,MRO-10045;MRO-80001;MRO-20031,MRO-10045;MRO-80001;MRO-20031,Hydraulic Press,CHN-02,train,12,caution,risk,approved_on_validation,우선 점검 후보
2023-08-17,AST-3008,A2,2,6.2089925240239765,0.1100660625662266,0.0706716579714592,MRO-10046;MRO-80001;MRO-20033,MRO-10046;MRO-80001;MRO-10045,Belt Conveyor,CHN-02,train,12,caution,risk,approved_on_validation,우선 점검 후보
2023-08-17,AST-3019,A2,8,5.621896248601405,0.0877287143190335,0.0521442150086055,MRO-10045;MRO-20031;MRO-10047,MRO-10045;MRO-20031;MRO-10047,Belt Conveyor,CHN-02,train,12,risk,caution,approved_on_validation,우선 점검 후보
2023-08-17,AST-4055,A2,13,8.712969883971326,0.272856119268648,0.1992533497640557,MRO-10046;MRO-10047;MRO-50009,MRO-10046;MRO-10047;MRO-50009,Screw Compressor,DHR-03,train,12,high_risk,risk,approved_on_validation,우선 점검 후보
2023-08-17,AST-4061,A2,6,6.73124551070435,0.1402628631944816,0.0927244130761842,MRO-50009;MRO-80001;MRO-10047,MRO-50009;MRO-80001;MRO-10047,Screw Compressor,DHR-03,train,12,risk,risk,approved_on_validation,우선 점검 후보
2023-08-17,AST-5003,A2,6,10.256660861093088,0.3844681945421326,0.3073213907576628,MRO-20031;MRO-10046;MRO-10045,MRO-20031;MRO-10046;MRO-10045,EOT Crane,DHR-03,train,12,risk,risk,approved_on_validation,우선 점검 후보
2023-08-17,AST-5007,A2,10,5.670247804309592,0.0857067929013212,0.0524134299526597,MRO-10047;MRO-10045;MRO-50009,MRO-10047;MRO-10045;MRO-50009,EOT Crane,PUN-01,train,12,risk,caution,approved_on_validation,우선 점검 후보
2023-08-18,AST-1041,A2,2,5.890313850344479,0.0952495870820903,0.0597698919229452,MRO-10045;MRO-80001;MRO-50009,MRO-10045;MRO-80001;MRO-50009,CNC Lathe,PUN-01,train,12,caution,risk,approved_on_validation,우선 점검 후보
2023-08-18,AST-1042,A2,3,6.963163104643442,0.1505816158586092,0.1048708167986885,MRO-80001;MRO-10045;MRO-50009,MRO-80001;MRO-10045;MRO-50009,CNC Lathe,PUN-01,train,12,caution,risk,approved_on_validation,우선 점검 후보
2023-08-18,AST-2017,A2,19,8.983500813448504,0.2924479257086747,0.2191322497104193,MRO-10046;MRO-20031;MRO-10045,MRO-10046;MRO-20031;MRO-10045,Hydraulic Press,PUN-01,train,12,high_risk,risk,approved_on_validation,우선 점검 후보
2023-08-18,AST-2031,A2,17,7.334969901499566,0.1754842883833671,0.121831030985633,MRO-10045;MRO-20031;MRO-50009,MRO-10045;MRO-20031;MRO-50009,Hydraulic Press,CHN-02,train,12,high_risk,risk,approved_on_validation,우선 점검 후보
2023-08-18,AST-3008,A2,0,6.815163759527933,0.1448581819987979,0.097325987008388,MRO-20031;MRO-10047;MRO-50009,MRO-20031;MRO-10047;MRO-50009,Belt Conveyor,CHN-02,train,12,normal,risk,approved_on_validation,우선 점검 후보
2023-08-18,AST-3019,A2,7,5.958633484931844,0.1003435546714833,0.0635826565097081,MRO-10045;MRO-10047;MRO-20031,MRO-10045;MRO-10047;MRO-20031,Belt Conveyor,CHN-02,train,12,risk,risk,approved_on_validation,우선 점검 후보
2023-08-18,AST-4055,A2,4,8.249994628231399,0.2385686133475926,0.1700199737413983,MRO-10047;MRO-10046;MRO-80001,MRO-10047;MRO-10046;MRO-80001,Screw Compressor,DHR-03,train,12,caution,risk,approved_on_validation,우선 점검 후보
2023-08-18,AST-4061,A2,8,6.641266121957506,0.1356186658678641,0.0887875990197898,MRO-50009;MRO-10047;MRO-80001,MRO-50009;MRO-10047;MRO-80001,Screw Compressor,DHR-03,train,12,risk,risk,approved_on_validation,우선 점검 후보
2023-08-18,AST-5003,A2,4,8.379236663473074,0.2432323244328609,0.1770782706076996,MRO-20031;MRO-40021;MRO-40022,MRO-20031;MRO-80001;MRO-50009,EOT Crane,DHR-03,train,12,caution,risk,approved_on_validation,우선 점검 후보
2023-08-18,AST-5007,A2,10,9.493497880174688,0.3251589309040469,0.2542708308889259,MRO-10046;MRO-20032;MRO-10047,MRO-10046;MRO-10047;MRO-20031,EOT Crane,PUN-01,train,12,risk,risk,approved_on_validation,우선 점검 후보
2023-08-19,AST-1041,A2,0,0.0038538878752562,1.7783162829192075e-11,1.8209042500934372e-14,MRO-10047;MRO-10046;MRO-80001,MRO-10047;MRO-10046;MRO-80001,CNC Lathe,PUN-01,train,12,normal,normal,approved_on_validation,우선 점검 후보
2023-08-19,AST-1042,A2,0,0.0032300317833787,6.560214516209259e-12,6.622027468756551e-15,MRO-10045;MRO-10047;MRO-20031,MRO-10045;MRO-10047;MRO-20031,CNC Lathe,PUN-01,train,12,normal,normal,approved_on_validation,우선 점검 후보
2023-08-19,AST-2017,A2,0,0.0033026281244874,7.097805282029752e-12,7.286357081209596e-15,MRO-30011;MRO-10047;MRO-20031,MRO-10047;MRO-20031;MRO-80001,Hydraulic Press,PUN-01,train,12,normal,normal,approved_on_validation,우선 점검 후보
2023-08-19,AST-2031,A2,0,0.0031839913389531,6.755135238622983e-12,6.612083793830271e-15,MRO-70005;MRO-80001;MRO-10047,MRO-80001;MRO-10047;MRO-20031,Hydraulic Press,CHN-02,train,12,normal,normal,approved_on_validation,우선 점검 후보
2023-08-19,AST-3008,A2,0,0.0032221847856568,6.509635878463996e-12,6.532863311278861e-15,MRO-30011;MRO-10045;MRO-10046,MRO-10045;MRO-10046;MRO-10047,Belt Conveyor,CHN-02,train,12,normal,normal,approved_on_validation,우선 점검 후보
2023-08-19,AST-3019,A2,0,0.0033078325436805,6.673475975416448e-12,7.195450087871012e-15,MRO-70004;MRO-10046;MRO-90011,MRO-10046;MRO-20031;MRO-50009,Belt Conveyor,CHN-02,train,12,normal,normal,approved_on_validation,우선 점검 후보
2023-08-19,AST-4055,A2,0,0.0032386075593375,6.914048249239367e-12,6.908633731952125e-15,MRO-20031;MRO-10046;MRO-10047,MRO-20031;MRO-10046;MRO-10047,Screw Compressor,DHR-03,train,12,normal,normal,approved_on_validation,우선 점검 후보
2023-08-19,AST-4061,A2,0,0.0032247114782461,6.452689329356665e-12,6.523847275275305e-15,MRO-10045;MRO-10046;MRO-10047,MRO-10045;MRO-10046;MRO-10047,Screw Compressor,DHR-03,train,12,normal,normal,approved_on_validation,우선 점검 후보
2023-08-19,AST-5003,A2,0,0.0032120541214813,6.556164901305681e-12,6.544679137857018e-15,MRO-10045;MRO-10046;MRO-10047,MRO-10045;MRO-10046;MRO-10047,EOT Crane,DHR-03,train,12,normal,normal,approved_on_validation,우선 점검 후보
2023-08-19,AST-5007,A2,0,0.0032537441366174,6.845728691515428e-12,6.909958544549505e-15,MRO-10046;MRO-50009;MRO-20032,MRO-10046;MRO-50009;MRO-10045,EOT Crane,PUN-01,train,12,normal,normal,approved_on_validation,우선 점검 후보
2023-08-20,AST-1041,A2,0,0.003227478379793,6.469767653444421e-12,6.545252749492881e-15,MRO-10045;MRO-10046;MRO-10047,MRO-10045;MRO-10046;MRO-10047,CNC Lathe,PUN-01,train,12,normal,normal,approved_on_validation,우선 점검 후보
2023-08-20,AST-1042,A2,0,0.0031391299377998,4.857955147673841e-12,4.960414134687142e-15,MRO-50008;MRO-40021;MRO-10045,MRO-10045;MRO-10046;MRO-10047,CNC Lathe,PUN-01,train,12,normal,normal,approved_on_validation,우선 점검 후보
2023-08-20,AST-2017,A2,0,0.0033497062623566,7.537045972231002e-12,7.798374507360061e-15,MRO-30011;MRO-10047;MRO-20031,MRO-10047;MRO-20031;MRO-50009,Hydraulic Press,PUN-01,train,12,normal,normal,approved_on_validation,우선 점검 후보
2023-08-20,AST-2031,A2,0,0.0035440764051648,1.116958980805416e-11,1.1268797944055768e-14,MRO-10046;MRO-80001;MRO-10045,MRO-10046;MRO-80001;MRO-10045,Hydraulic Press,CHN-02,train,12,normal,normal,approved_on_validation,우선 점검 후보
2023-08-20,AST-3008,A2,0,0.003226758547617,6.509641606248991e-12,6.561663603665272e-15,MRO-30011;MRO-10045;MRO-10046,MRO-10045;MRO-10046;MRO-10047,Belt Conveyor,CHN-02,train,12,normal,normal,approved_on_validation,우선 점검 후보
2023-08-20,AST-3019,A2,0,0.003309059011025,7.1456070173971356e-12,7.371361015125703e-15,MRO-10046;MRO-90011;MRO-30012,MRO-10046;MRO-10045;MRO-10047,Belt Conveyor,CHN-02,train,12,normal,normal,approved_on_validation,우선 점검 후보
2023-08-20,AST-4055,A2,0,0.003250215685039,6.654826246646011e-12,6.7648318780077085e-15,MRO-10045;MRO-10046;MRO-10047,MRO-10045;MRO-10046;MRO-10047,Screw Compressor,DHR-03,train,12,normal,normal,approved_on_validation,우선 점검 후보
2023-08-20,AST-4061,A2,0,0.0032326654239248,6.544598587791029e-12,6.6191750943853146e-15,MRO-10045;MRO-10046;MRO-10047,MRO-10045;MRO-10046;MRO-10047,Screw Compressor,DHR-03,train,12,normal,normal,approved_on_validation,우선 점검 후보
2023-08-20,AST-5003,A2,0,0.0033219526236054,6.66502163611323e-12,6.992781156299923e-15,MRO-60015;MRO-40021;MRO-10045,MRO-10045;MRO-10046;MRO-10047,EOT Crane,DHR-03,train,12,normal,normal,approved_on_validation,우선 점검 후보
2023-08-20,AST-5007,A2,0,0.003203650206504,6.328356035153229e-12,6.321239555604004e-15,MRO-10045;MRO-10047;MRO-20031,MRO-10045;MRO-10047;MRO-20031,EOT Crane,PUN-01,train,12,normal,normal,approved_on_validation,우선 점검 후보
2023-08-21,AST-1041,A2,8,7.417146262224559,0.1849899953997379,0.1279721703641674,MRO-80001;MRO-10046;MRO-10045,MRO-80001;MRO-10046;MRO-10045,CNC Lathe,PUN-01,train,12,risk,risk,approved_on_validation,우선 점검 후보
2023-08-21,AST-1042,A2,14,6.220033719155364,0.1132986153524195,0.0723148440207192,MRO-20031;MRO-80001;MRO-10046,MRO-20031;MRO-80001;MRO-10046,CNC Lathe,PUN-01,train,12,high_risk,risk,approved_on_validation,우선 점검 후보
2023-08-21,AST-2017,A2,3,8.179216302747749,0.2335017823541223,0.168327964314921,MRO-80001;MRO-10047;MRO-20031,MRO-80001;MRO-10047;MRO-20031,Hydraulic Press,PUN-01,train,12,caution,risk,approved_on_validation,우선 점검 후보
2023-08-21,AST-2031,A2,8,7.196734311301306,0.1671950106849306,0.1147775206458967,MRO-10046;MRO-10045;MRO-80001,MRO-10046;MRO-10045;MRO-80001,Hydraulic Press,CHN-02,train,12,risk,risk,approved_on_validation,우선 점검 후보
2023-08-21,AST-3008,A2,12,6.425962384904999,0.1221444882638383,0.0807455414306633,MRO-10047;MRO-50009;MRO-20031,MRO-10047;MRO-50009;MRO-20031,Belt Conveyor,CHN-02,train,12,high_risk,risk,approved_on_validation,우선 점검 후보
2023-08-21,AST-3019,A2,6,6.252551594307332,0.114185585646209,0.073875259953993,MRO-10045;MRO-10047;MRO-10046,MRO-10045;MRO-10047;MRO-10046,Belt Conveyor,CHN-02,train,12,risk,risk,approved_on_validation,우선 점검 후보
2023-08-21,AST-4055,A2,9,8.013583765137716,0.2202099688254471,0.1578042695814877,MRO-10045;MRO-10046;MRO-10047,MRO-10045;MRO-10046;MRO-10047,Screw Compressor,DHR-03,train,12,risk,risk,approved_on_validation,우선 점검 후보
2023-08-21,AST-4061,A2,7,9.95160237588848,0.363670387982561,0.2860099915871518,MRO-10046;MRO-20031;MRO-10045,MRO-10046;MRO-20031;MRO-10045,Screw Compressor,DHR-03,train,12,risk,risk,approved_on_validation,우선 점검 후보
2023-08-21,AST-5003,A2,14,7.750560938401977,0.2022038121173126,0.1424553027473188,MRO-10045;MRO-10046;MRO-60015,MRO-10045;MRO-10046;MRO-20031,EOT Crane,DHR-03,train,12,high_risk,risk,approved_on_validation,우선 점검 후보
2023-08-21,AST-5007,A2,8,5.181271997617449,0.0645075251554714,0.0379189941689842,MRO-50009;MRO-10047;MRO-10046,MRO-50009;MRO-10047;MRO-10046,EOT Crane,PUN-01,train,12,risk,caution,approved_on_validation,우선 점검 후보
2023-08-22,AST-1041,A2,7,6.011856032201453,0.0976942116044705,0.0631755285845966,MRO-80001;MRO-20032;MRO-40021,MRO-80001;MRO-50009;MRO-10045,CNC Lathe,PUN-01,train,12,risk,risk,approved_on_validation,우선 점검 후보
2023-08-22,AST-1042,A2,0,6.010662033410963,0.100907389155386,0.0645608391956742,MRO-10046;MRO-80001;MRO-50009,MRO-10046;MRO-80001;MRO-50009,CNC Lathe,PUN-01,train,12,normal,risk,approved_on_validation,우선 점검 후보
2023-08-22,AST-2017,A2,6,8.587832982741972,0.262208288201683,0.1938983196078091,MRO-80001;MRO-20031;MRO-50009,MRO-80001;MRO-20031;MRO-50009,Hydraulic Press,PUN-01,train,12,risk,risk,approved_on_validation,우선 점검 후보
2023-08-22,AST-2031,A2,8,6.98548284456835,0.1529925992021024,0.1047368598998132,MRO-10046;MRO-10045;MRO-20031,MRO-10046;MRO-10045;MRO-20031,Hydraulic Press,CHN-02,train,12,risk,risk,approved_on_validation,우선 점검 후보
2023-08-22,AST-3008,A2,4,6.581370191782117,0.1303790928108174,0.0871959877824883,MRO-20031;MRO-50009;MRO-10046,MRO-20031;MRO-50009;MRO-10046,Belt Conveyor,CHN-02,train,12,caution,risk,approved_on_validation,우선 점검 후보
2023-08-22,AST-3019,A2,6,5.674071722440816,0.0868029903564233,0.0533951920558232,MRO-20031;MRO-10045;MRO-10047,MRO-20031;MRO-10045;MRO-10047,Belt Conveyor,CHN-02,train,12,risk,caution,approved_on_validation,우선 점검 후보
2023-08-22,AST-4055,A2,19,8.881324427561985,0.281273398984529,0.2099882816459539,MRO-50009;MRO-10045;MRO-10046,MRO-50009;MRO-10045;MRO-10046,Screw Compressor,DHR-03,train,12,high_risk,risk,approved_on_validation,우선 점검 후보
2023-08-22,AST-4061,A2,12,6.656743340143329,0.1356047562888856,0.0896581220495144,MRO-20031;MRO-10046;MRO-10047,MRO-20031;MRO-10046;MRO-10047,Screw Compressor,DHR-03,train,12,high_risk,risk,approved_on_validation,우선 점검 후보
2023-08-22,AST-5003,A2,20,8.94652958639637,0.2902356876381149,0.2154210861870063,MRO-10045;MRO-20031;MRO-10046,MRO-10045;MRO-20031;MRO-10046,EOT Crane,DHR-03,train,12,high_risk,risk,approved_on_validation,우선 점검 후보
2023-08-22,AST-5007,A2,2,4.464073959874586,0.0404887285331463,0.0222235815164736,MRO-50009;MRO-10046;MRO-40022,MRO-50009;MRO-10046;MRO-20031,EOT Crane,PUN-01,train,12,caution,caution,approved_on_validation,우선 점검 후보
2023-08-23,AST-1041,A2,6,6.610844639900889,0.1312653395613795,0.0870190887002064,MRO-80001;MRO-10045;MRO-50009,MRO-80001;MRO-10045;MRO-50009,CNC Lathe,PUN-01,train,12,risk,risk,approved_on_validation,우선 점검 후보
2023-08-23,AST-1042,A2,11,6.3914107278788865,0.1197980836495496,0.0787011421931453,MRO-10046;MRO-80001;MRO-10045,MRO-10046;MRO-80001;MRO-10045,CNC Lathe,PUN-01,train,12,risk,risk,approved_on_validation,우선 점검 후보
2023-08-23,AST-2017,A2,4,7.73493624014123,0.2044517175886792,0.1429249103533481,MRO-20031;MRO-50009;MRO-10045,MRO-20031;MRO-50009;MRO-10045,Hydraulic Press,PUN-01,train,12,caution,risk,approved_on_validation,우선 점검 후보
2023-08-23,AST-2031,A2,8,7.387545887422742,0.1776665583977378,0.1246601225665721,MRO-10046;MRO-10045;MRO-20031,MRO-10046;MRO-10045;MRO-20031,Hydraulic Press,CHN-02,train,12,risk,risk,approved_on_validation,우선 점검 후보
2023-08-23,AST-3008,A2,4,6.739735955502401,0.1395663646452007,0.0939940113610404,MRO-10046;MRO-20031;MRO-50009,MRO-10046;MRO-20031;MRO-50009,Belt Conveyor,CHN-02,train,12,caution,risk,approved_on_validation,우선 점검 후보
2023-08-23,AST-3019,A2,6,7.066930234161687,0.1586271260772017,0.1079988931885834,MRO-10045;MRO-10047;MRO-50009,MRO-10045;MRO-10047;MRO-50009,Belt Conveyor,CHN-02,train,12,risk,risk,approved_on_validation,우선 점검 후보
2023-08-23,AST-4055,A2,12,7.633580629919637,0.1967268173133753,0.1376619453758621,MRO-10046;MRO-10045;MRO-10047,MRO-10046;MRO-10045;MRO-10047,Screw Compressor,DHR-03,train,12,high_risk,risk,approved_on_validation,우선 점검 후보
2023-08-23,AST-4061,A2,8,6.697107962385307,0.1368794417359833,0.0912754971240096,MRO-20031;MRO-50009;MRO-80001,MRO-20031;MRO-50009;MRO-80001,Screw Compressor,DHR-03,train,12,risk,risk,approved_on_validation,우선 점검 후보
2023-08-23,AST-5003,A2,4,7.806548561518062,0.2055151249803173,0.1459859664745535,MRO-20031;MRO-50009;MRO-80001,MRO-20031;MRO-50009;MRO-80001,EOT Crane,DHR-03,train,12,caution,risk,approved_on_validation,우선 점검 후보
2023-08-23,AST-5007,A2,5,5.839806642360856,0.0937299558706681,0.0581067810024188,MRO-10045;MRO-50009;MRO-10046,MRO-10045;MRO-50009;MRO-10046,EOT Crane,PUN-01,train,12,caution,risk,approved_on_validation,우선 점검 후보
2023-08-24,AST-1041,A2,7,6.402001219323141,0.1208262498827274,0.0796568829126971,MRO-50009;MRO-80001;MRO-10045,MRO-50009;MRO-80001;MRO-10045,CNC Lathe,PUN-01,train,12,risk,risk,approved_on_validation,우선 점검 후보
2023-08-24,AST-1042,A2,13,6.105270259252609,0.1076350098202258,0.0676271592297224,MRO-80001;MRO-10047;MRO-50009,MRO-80001;MRO-10047;MRO-50009,CNC Lathe,PUN-01,train,12,high_risk,risk,approved_on_validation,우선 점검 후보
2023-08-24,AST-2017,A2,11,8.62215503269654,0.2596678579739687,0.1960938801540329,MRO-10047;MRO-50009;MRO-20031,MRO-10047;MRO-50009;MRO-20031,Hydraulic Press,PUN-01,train,12,risk,risk,approved_on_validation,우선 점검 후보
2023-08-24,AST-2031,A2,7,7.48140163566182,0.1837973354119658,0.1290451204108993,MRO-10045;MRO-20031;MRO-50009,MRO-10045;MRO-20031;MRO-50009,Hydraulic Press,CHN-02,train,12,risk,risk,approved_on_validation,우선 점검 후보
2023-08-24,AST-3008,A2,0,5.942166651648654,0.0996053569111201,0.0621993091102373,MRO-10046;MRO-20031;MRO-50009,MRO-10046;MRO-20031;MRO-50009,Belt Conveyor,CHN-02,train,12,normal,risk,approved_on_validation,우선 점검 후보
2023-08-24,AST-3019,A2,4,5.582596081532106,0.0817513004668575,0.0506007272302316,MRO-20031;MRO-10045;MRO-10047,MRO-20031;MRO-10045;MRO-10047,Belt Conveyor,CHN-02,train,12,caution,caution,approved_on_validation,우선 점검 후보
2023-08-24,AST-4055,A2,16,8.897875570446708,0.2853467981994892,0.2116695323341878,MRO-10045;MRO-10046;MRO-10047,MRO-10045;MRO-10046;MRO-10047,Screw Compressor,DHR-03,train,12,high_risk,risk,approved_on_validation,우선 점검 후보
2023-08-24,AST-4061,A2,5,6.695287452421763,0.1377842378528245,0.0915519912974278,MRO-20031;MRO-10046;MRO-50009,MRO-20031;MRO-10046;MRO-50009,Screw Compressor,DHR-03,train,12,caution,risk,approved_on_validation,우선 점검 후보
2023-08-24,AST-5003,A2,10,7.958348736766285,0.2158158918653537,0.1530197658465002,MRO-40022;MRO-20031;MRO-50009,MRO-20031;MRO-50009;MRO-80001,EOT Crane,DHR-03,train,12,risk,risk,approved_on_validation,우선 점검 후보
2023-08-24,AST-5007,A2,1,5.4263914492582295,0.0735115968520609,0.0445847745007788,MRO-10045;MRO-50009;MRO-20031,MRO-10045;MRO-50009;MRO-20031,EOT Crane,PUN-01,train,12,caution,caution,approved_on_validation,우선 점검 후보
2023-08-25,AST-1041,A2,10,6.797371689245214,0.1439229663856498,0.0965751297601723,MRO-10045;MRO-50009;MRO-80001,MRO-10045;MRO-50009;MRO-80001,CNC Lathe,PUN-01,train,12,risk,risk,approved_on_validation,우선 점검 후보
2023-08-25,AST-1042,A2,9,5.556370551721774,0.08228282237073,0.050138288024396,MRO-50009;MRO-10045;MRO-80001,MRO-50009;MRO-10045;MRO-80001,CNC Lathe,PUN-01,train,12,risk,caution,approved_on_validation,우선 점검 후보
2023-08-25,AST-2017,A2,9,9.456334174037334,0.3212779070149967,0.2484563014139175,MRO-40022;MRO-50008;MRO-20031,MRO-20031;MRO-10046;MRO-50009,Hydraulic Press,PUN-01,train,12,risk,risk,approved_on_validation,우선 점검 후보
2023-08-25,AST-2031,A2,6,7.285979137406212,0.1720146293046585,0.1185598436283732,MRO-10046;MRO-50009;MRO-20031,MRO-10046;MRO-50009;MRO-20031,Hydraulic Press,CHN-02,train,12,risk,risk,approved_on_validation,우선 점검 후보
2023-08-25,AST-3008,A2,3,6.407218146526193,0.1211272885032907,0.0799010665132481,MRO-20032;MRO-10046;MRO-20031,MRO-10046;MRO-20031;MRO-50009,Belt Conveyor,CHN-02,train,12,caution,risk,approved_on_validation,우선 점검 후보
2023-08-25,AST-3019,A2,2,5.7437298799018635,0.0895191136818832,0.0552975732497578,MRO-20031;MRO-10045;MRO-10047,MRO-20031;MRO-10045;MRO-10047,Belt Conveyor,CHN-02,train,12,caution,caution,approved_on_validation,우선 점검 후보
2023-08-25,AST-4055,A2,6,7.963797725235035,0.2202081783125125,0.1541371479515012,MRO-80001;MRO-10046;MRO-10047,MRO-80001;MRO-10046;MRO-10047,Screw Compressor,DHR-03,train,12,risk,risk,approved_on_validation,우선 점검 후보
2023-08-25,AST-4061,A2,3,6.567382243297444,0.1318324508553461,0.0865650732685576,MRO-20031;MRO-50009;MRO-10047,MRO-20031;MRO-50009;MRO-10047,Screw Compressor,DHR-03,train,12,caution,risk,approved_on_validation,우선 점검 후보
2023-08-25,AST-5003,A2,8,8.00751493736605,0.2192525271173015,0.1561911630971112,MRO-40022;MRO-80001;MRO-10045,MRO-80001;MRO-10045;MRO-10046,EOT Crane,DHR-03,train,12,risk,risk,approved_on_validation,우선 점검 후보
2023-08-25,AST-5007,A2,0,4.6002171672192675,0.0431284094504706,0.0243504803214517,MRO-50008;MRO-40022;MRO-10045,MRO-10045;MRO-50009;MRO-10047,EOT Crane,PUN-01,train,12,normal,caution,approved_on_validation,우선 점검 후보
2023-08-26,AST-1041,A2,0,0.0033477414154839,9.651388791691726e-12,8.925025142462581e-15,MRO-80001;MRO-10045;MRO-10047,MRO-80001;MRO-10045;MRO-10047,CNC Lathe,PUN-01,train,12,normal,normal,approved_on_validation,우선 점검 후보
2023-08-26,AST-1042,A2,0,0.0034461392555823,6.5228012150402465e-12,7.1287745991719e-15,MRO-50008;MRO-40021;MRO-10046,MRO-10046;MRO-50008;MRO-10045,CNC Lathe,PUN-01,train,12,normal,normal,approved_on_validation,우선 점검 후보
2023-08-26,AST-2017,A2,0,0.0033083668763618,6.965026252374735e-12,7.255021578051677e-15,MRO-10045;MRO-30012;MRO-40021,MRO-10045;MRO-10047;MRO-10046,Hydraulic Press,PUN-01,train,12,normal,normal,approved_on_validation,우선 점검 후보
2023-08-26,AST-2031,A2,0,0.0032647652309015,7.1990540755609626e-12,7.187881171543864e-15,MRO-10045;MRO-10046;MRO-10047,MRO-10045;MRO-10046;MRO-10047,Hydraulic Press,CHN-02,train,12,normal,normal,approved_on_validation,우선 점검 후보
2023-08-26,AST-3008,A2,0,0.0032259656391982,6.615853698194989e-12,6.586627098792452e-15,MRO-30011;MRO-10045;MRO-10046,MRO-10045;MRO-10046;MRO-10047,Belt Conveyor,CHN-02,train,12,normal,normal,approved_on_validation,우선 점검 후보
2023-08-26,AST-3019,A2,0,0.0031921005921709,6.331288907572893e-12,6.324202148144874e-15,MRO-10046;MRO-40022;MRO-60015,MRO-10046;MRO-20031;MRO-10045,Belt Conveyor,CHN-02,train,12,normal,normal,approved_on_validation,우선 점검 후보
2023-08-26,AST-4055,A2,0,0.0032466313322383,6.6419372129753185e-12,6.7412353980654345e-15,MRO-10045;MRO-10046;MRO-10047,MRO-10045;MRO-10046;MRO-10047,Screw Compressor,DHR-03,train,12,normal,normal,approved_on_validation,우선 점검 후보
2023-08-26,AST-4061,A2,0,0.003303061605677,6.6282811932392755e-12,6.928037656232155e-15,MRO-60015;MRO-20032;MRO-10045,MRO-10045;MRO-10047;MRO-20031,Screw Compressor,DHR-03,train,12,normal,normal,approved_on_validation,우선 점검 후보
2023-08-26,AST-5003,A2,0,0.0030179232658638,3.911195962511432e-12,3.9352985185489465e-15,MRO-60015;MRO-40021;MRO-70005,MRO-60015;MRO-10045;MRO-20031,EOT Crane,DHR-03,train,12,normal,normal,approved_on_validation,우선 점검 후보
2023-08-26,AST-5007,A2,0,0.0029165808527495,4.85470117569403e-12,4.3962357028266864e-15,MRO-10045;MRO-10046;MRO-10047,MRO-10045;MRO-10046;MRO-10047,EOT Crane,PUN-01,train,12,normal,normal,approved_on_validation,우선 점검 후보
2023-08-27,AST-1041,A2,0,0.0033452237022615,9.645989125093842e-12,8.893553827174991e-15,MRO-10045;MRO-80001;MRO-10047,MRO-10045;MRO-80001;MRO-10047,CNC Lathe,PUN-01,train,12,normal,normal,approved_on_validation,우선 점검 후보
2023-08-27,AST-1042,A2,0,0.0034428924739029,8.044867619673072e-12,8.498425780839043e-15,MRO-50008;MRO-10046;MRO-20031,MRO-10046;MRO-20031;MRO-50009,CNC Lathe,PUN-01,train,12,normal,normal,approved_on_validation,우선 점검 후보
2023-08-27,AST-2017,A2,0,0.0032182894659297,6.5335897110990126e-12,6.561339099476186e-15,MRO-10045;MRO-10046;MRO-20031,MRO-10045;MRO-10046;MRO-20031,Hydraulic Press,PUN-01,train,12,normal,normal,approved_on_validation,우선 점검 후보
2023-08-27,AST-2031,A2,0,0.0032220985662924,6.5098998314343075e-12,6.5567360349256996e-15,MRO-10045;MRO-10046;MRO-10047,MRO-10045;MRO-10046;MRO-10047,Hydraulic Press,CHN-02,train,12,normal,normal,approved_on_validation,우선 점검 후보
2023-08-27,AST-3008,A2,0,0.0032252113948113,6.6158436964376024e-12,6.583306858715097e-15,MRO-30011;MRO-10045;MRO-10046,MRO-10045;MRO-10046;MRO-10047,Belt Conveyor,CHN-02,train,12,normal,normal,approved_on_validation,우선 점검 후보
2023-08-27,AST-3019,A2,0,0.0031915147151203,6.151023895178737e-12,6.181067894392774e-15,MRO-20032;MRO-10045;MRO-10046,MRO-10045;MRO-10046;MRO-10047,Belt Conveyor,CHN-02,train,12,normal,normal,approved_on_validation,우선 점검 후보
2023-08-27,AST-4055,A2,0,0.0033546486664922,6.8702586551173346e-12,7.273689120450432e-15,MRO-60016;MRO-20031;MRO-10046,MRO-20031;MRO-10046;MRO-10047,Screw Compressor,DHR-03,train,12,normal,normal,approved_on_validation,우선 점검 후보
2023-08-27,AST-4061,A2,0,0.0032493254870179,6.657222805628101e-12,6.761761263965684e-15,MRO-10045;MRO-10046;MRO-10047,MRO-10045;MRO-10046;MRO-10047,Screw Compressor,DHR-03,train,12,normal,normal,approved_on_validation,우선 점검 후보
2023-08-27,AST-5003,A2,0,0.0032211484042877,6.655953771852909e-12,6.651473066571989e-15,MRO-10045;MRO-10047;MRO-20031,MRO-10045;MRO-10047;MRO-20031,EOT Crane,DHR-03,train,12,normal,normal,approved_on_validation,우선 점검 후보
2023-08-27,AST-5007,A2,0,0.0032292636009918,6.574265853168203e-12,6.602826201598903e-15,MRO-10045;MRO-10046;MRO-10047,MRO-10045;MRO-10046;MRO-10047,EOT Crane,PUN-01,train,12,normal,normal,approved_on_validation,우선 점검 후보
2023-08-28,AST-1041,A2,4,6.932698354112275,0.1538680445732048,0.102839388049987,MRO-10045;MRO-10047;MRO-20031,MRO-10045;MRO-10047;MRO-20031,CNC Lathe,PUN-01,train,12,caution,risk,approved_on_validation,우선 점검 후보
2023-08-28,AST-1042,A2,5,6.231799923259851,0.1146298487448579,0.0726020971966128,MRO-10046;MRO-10045;MRO-10047,MRO-10046;MRO-10045;MRO-10047,CNC Lathe,PUN-01,train,12,caution,risk,approved_on_validation,우선 점검 후보
2023-08-28,AST-2017,A2,1,6.622790865950101,0.1331066019552326,0.0884431404865039,MRO-50009;MRO-10045;MRO-10047,MRO-50009;MRO-10045;MRO-10047,Hydraulic Press,PUN-01,train,12,caution,risk,approved_on_validation,우선 점검 후보
2023-08-28,AST-2031,A2,2,7.387400277684851,0.1752249693825146,0.124727579504828,MRO-70004;MRO-10046;MRO-10045,MRO-10046;MRO-10045;MRO-10047,Hydraulic Press,CHN-02,train,12,caution,risk,approved_on_validation,우선 점검 후보
2023-08-28,AST-3008,A2,4,6.777471767131087,0.1415413466525743,0.0945337122688474,MRO-10046;MRO-20031;MRO-50009,MRO-10046;MRO-20031;MRO-50009,Belt Conveyor,CHN-02,train,12,caution,risk,approved_on_validation,우선 점검 후보
2023-08-28,AST-3019,A2,10,6.144463451268668,0.1062142390721575,0.0683428338927936,MRO-30011;MRO-80001;MRO-50009,MRO-80001;MRO-50009;MRO-20031,Belt Conveyor,CHN-02,train,12,risk,risk,approved_on_validation,우선 점검 후보
2023-08-28,AST-4055,A2,14,8.675920495781478,0.2718078767144523,0.1982834755493787,MRO-50009;MRO-20031;MRO-10046,MRO-50009;MRO-20031;MRO-10046,Screw Compressor,DHR-03,train,12,high_risk,risk,approved_on_validation,우선 점검 후보
2023-08-28,AST-4061,A2,1,6.4925717451404275,0.127131095005434,0.0834835815374588,MRO-10046;MRO-10047;MRO-20031,MRO-10046;MRO-10047;MRO-20031,Screw Compressor,DHR-03,train,12,caution,risk,approved_on_validation,우선 점검 후보
2023-08-28,AST-5003,A2,5,8.13765011194488,0.2276617130070324,0.1646503176608068,MRO-10045;MRO-10046;MRO-10047,MRO-10045;MRO-10046;MRO-10047,EOT Crane,DHR-03,train,12,caution,risk,approved_on_validation,우선 점검 후보
2023-08-28,AST-5007,A2,8,5.3390495988088285,0.0700326404524372,0.0422738873636307,MRO-10045;MRO-10047;MRO-50009,MRO-10045;MRO-10047;MRO-50009,EOT Crane,PUN-01,train,12,risk,caution,approved_on_validation,우선 점검 후보
2023-08-29,AST-1041,A2,4,6.8195755179564514,0.1427089576615455,0.097076963268663,MRO-20031;MRO-10047;MRO-10045,MRO-20031;MRO-10047;MRO-10045,CNC Lathe,PUN-01,train,12,caution,risk,approved_on_validation,우선 점검 후보
2023-08-29,AST-1042,A2,16,8.420291777247911,0.2552564688811758,0.1816132918012327,MRO-10046;MRO-10045;MRO-80001,MRO-10046;MRO-10045;MRO-80001,CNC Lathe,PUN-01,train,12,high_risk,risk,approved_on_validation,우선 점검 후보
2023-08-29,AST-2017,A2,10,7.898963203034039,0.2139520822481379,0.1516921561935038,MRO-10047;MRO-10045;MRO-50009,MRO-10047;MRO-10045;MRO-50009,Hydraulic Press,PUN-01,train,12,risk,risk,approved_on_validation,우선 점검 후보
2023-08-29,AST-2031,A2,10,7.259087494892039,0.1710879991854722,0.117580753191309,MRO-10045;MRO-10046;MRO-80001,MRO-10045;MRO-10046;MRO-80001,Hydraulic Press,CHN-02,train,12,risk,risk,approved_on_validation,우선 점검 후보
2023-08-29,AST-3008,A2,10,6.802573087625932,0.144166231470865,0.096115126642641,MRO-80001;MRO-10046;MRO-20031,MRO-80001;MRO-10046;MRO-20031,Belt Conveyor,CHN-02,train,12,risk,risk,approved_on_validation,우선 점검 후보
2023-08-29,AST-3019,A2,10,5.700054303171219,0.0865493190761622,0.0539017714231235,MRO-40022;MRO-20031;MRO-50009,MRO-20031;MRO-50009;MRO-80001,Belt Conveyor,CHN-02,train,12,risk,caution,approved_on_validation,우선 점검 후보
2023-08-29,AST-4055,A2,13,7.348048703312924,0.1791417449672099,0.121619504781599,MRO-10046;MRO-20031;MRO-80001,MRO-10046;MRO-20031;MRO-80001,Screw Compressor,DHR-03,train,12,high_risk,risk,approved_on_validation,우선 점검 후보
2023-08-29,AST-4061,A2,10,6.549844857467665,0.1303873505519802,0.0855790866565976,MRO-50009;MRO-10047;MRO-20031,MRO-50009;MRO-10047;MRO-20031,Screw Compressor,DHR-03,train,12,risk,risk,approved_on_validation,우선 점검 후보
2023-08-29,AST-5003,A2,14,7.861779038060958,0.2092155013276897,0.1488154152962307,MRO-10045;MRO-10046;MRO-10047,MRO-10045;MRO-10046;MRO-10047,EOT Crane,DHR-03,train,12,high_risk,risk,approved_on_validation,우선 점검 후보
2023-08-29,AST-5007,A2,0,5.40147619711852,0.0728927147067476,0.0440064579195261,MRO-10045;MRO-10047;MRO-50009,MRO-10045;MRO-10047;MRO-50009,EOT Crane,PUN-01,train,12,normal,caution,approved_on_validation,우선 점검 후보
2023-08-30,AST-1041,A2,8,6.463590883373714,0.1229242778377261,0.0817390445166205,MRO-10047;MRO-20031;MRO-50009,MRO-10047;MRO-20031;MRO-50009,CNC Lathe,PUN-01,train,12,risk,risk,approved_on_validation,우선 점검 후보
2023-08-30,AST-1042,A2,0,5.961335798756585,0.1008584554740469,0.0625701314539903,MRO-10046;MRO-20031;MRO-10045,MRO-10046;MRO-20031;MRO-10045,CNC Lathe,PUN-01,train,12,normal,risk,approved_on_validation,우선 점검 후보
2023-08-30,AST-2017,A2,2,8.022463460470707,0.2207141569722866,0.1587109779505319,MRO-80001;MRO-50009;MRO-20031,MRO-80001;MRO-50009;MRO-20031,Hydraulic Press,PUN-01,train,12,caution,risk,approved_on_validation,우선 점검 후보
2023-08-30,AST-2031,A2,8,7.298199942424104,0.1725120538552204,0.1196836187010083,MRO-10046;MRO-50009;MRO-10045,MRO-10046;MRO-50009;MRO-10045,Hydraulic Press,CHN-02,train,12,risk,risk,approved_on_validation,우선 점검 후보
2023-08-30,AST-3008,A2,10,6.746230266481393,0.1408714300140891,0.0932558751212716,MRO-80001;MRO-10045;MRO-10046,MRO-80001;MRO-10045;MRO-10046,Belt Conveyor,CHN-02,train,12,risk,risk,approved_on_validation,우선 점검 후보
2023-08-30,AST-3019,A2,4,5.8782584741323625,0.0946927932372558,0.0601003861232381,MRO-10045;MRO-10047;MRO-20032,MRO-10045;MRO-10047;MRO-10046,Belt Conveyor,CHN-02,train,12,caution,caution,approved_on_validation,우선 점검 후보
2023-08-30,AST-4055,A2,2,6.836089216828702,0.1477967967683813,0.0978007543086058,MRO-80001;MRO-10047;MRO-20031,MRO-80001;MRO-10047;MRO-20031,Screw Compressor,DHR-03,train,12,caution,risk,approved_on_validation,우선 점검 후보
2023-08-30,AST-4061,A2,8,6.5320730839400545,0.1294282726051939,0.0849226856777116,MRO-10045;MRO-10046;MRO-10047,MRO-10045;MRO-10046;MRO-10047,Screw Compressor,DHR-03,train,12,risk,risk,approved_on_validation,우선 점검 후보
2023-08-30,AST-5003,A2,8,7.484163250148288,0.1840200243608515,0.1272891407649391,MRO-20033;MRO-10045;MRO-80001,MRO-10045;MRO-80001;MRO-10046,EOT Crane,DHR-03,train,12,risk,risk,approved_on_validation,우선 점검 후보
2023-08-30,AST-5007,A2,0,5.14662741381144,0.0631247421292605,0.0374751899554158,MRO-20031;MRO-10045;MRO-10047,MRO-20031;MRO-10045;MRO-10047,EOT Crane,PUN-01,train,12,normal,caution,approved_on_validation,우선 점검 후보
2023-08-31,AST-1041,A2,10,6.995823593130625,0.1582718713847193,0.1060759155709928,MRO-10047;MRO-80001;MRO-10045,MRO-10047;MRO-80001;MRO-10045,CNC Lathe,PUN-01,train,12,risk,risk,approved_on_validation,우선 점검 후보
2023-08-31,AST-1042,A2,9,6.263787855039122,0.1149627642334757,0.0735538515708768,MRO-20031;MRO-10047;MRO-10045,MRO-20031;MRO-10047;MRO-10045,CNC Lathe,PUN-01,train,12,risk,risk,approved_on_validation,우선 점검 후보
2023-08-31,AST-2017,A2,4,8.29381740357967,0.2417313725872074,0.1744039795947409,MRO-80001;MRO-10045;MRO-10047,MRO-80001;MRO-10045;MRO-10047,Hydraulic Press,PUN-01,train,12,caution,risk,approved_on_validation,우선 점검 후보
2023-08-31,AST-2031,A2,10,7.277762289934642,0.1714379158649644,0.118560983782345,MRO-50009;MRO-10045;MRO-10046,MRO-50009;MRO-10045;MRO-10046,Hydraulic Press,CHN-02,train,12,risk,risk,approved_on_validation,우선 점검 후보
2023-08-31,AST-3008,A2,7,6.2927900517096464,0.1164634553187428,0.0753173142105299,MRO-10045;MRO-80001;MRO-10046,MRO-10045;MRO-80001;MRO-10046,Belt Conveyor,CHN-02,train,12,risk,risk,approved_on_validation,우선 점검 후보
2023-08-31,AST-3019,A2,7,5.671773931487573,0.0871101917826623,0.0526821613964495,MRO-10047;MRO-10045;MRO-20031,MRO-10047;MRO-10045;MRO-20031,Belt Conveyor,CHN-02,train,12,risk,caution,approved_on_validation,우선 점검 후보
2023-08-31,AST-4055,A2,7,7.9829329923722785,0.2177993705241945,0.1573972915274255,MRO-10046;MRO-10047;MRO-80001,MRO-10046;MRO-10047;MRO-80001,Screw Compressor,DHR-03,train,12,risk,risk,approved_on_validation,우선 점검 후보
2023-08-31,AST-4061,A2,4,6.598470548546359,0.133076655734182,0.087605018581152,MRO-10045;MRO-10046;MRO-80001,MRO-10045;MRO-10046;MRO-80001,Screw Compressor,DHR-03,train,12,caution,risk,approved_on_validation,우선 점검 후보
2023-08-31,AST-5003,A2,4,8.226435115432157,0.2345157840740334,0.1686299960218673,MRO-80001;MRO-10046;MRO-10045,MRO-80001;MRO-10046;MRO-10045,EOT Crane,DHR-03,train,12,caution,risk,approved_on_validation,우선 점검 후보
2023-08-31,AST-5007,A2,5,5.147995101037542,0.0623446085241822,0.0367896590664111,MRO-20031;MRO-40021;MRO-40022,MRO-20031;MRO-10045;MRO-10047,EOT Crane,PUN-01,train,12,caution,caution,approved_on_validation,우선 점검 후보
2023-09-01,AST-1041,A2,10,6.668461248635329,0.1368550831141649,0.0906623435954084,MRO-10047;MRO-10045;MRO-20031,MRO-10047;MRO-10045;MRO-20031,CNC Lathe,PUN-01,train,12,risk,risk,approved_on_validation,우선 점검 후보
2023-09-01,AST-1042,A2,12,6.062008227824661,0.1048325406804826,0.0663385442623148,MRO-20031;MRO-10047;MRO-50009,MRO-20031;MRO-10047;MRO-50009,CNC Lathe,PUN-01,train,12,high_risk,risk,approved_on_validation,우선 점검 후보
2023-09-01,AST-2017,A2,11,8.889780351705227,0.2848627715056248,0.21209360853533,MRO-10046;MRO-20031;MRO-80001,MRO-10046;MRO-20031;MRO-80001,Hydraulic Press,PUN-01,train,12,risk,risk,approved_on_validation,우선 점검 후보
2023-09-01,AST-2031,A2,8,7.397352189470775,0.1805882950432262,0.1248857548950522,MRO-50009;MRO-20031;MRO-10047,MRO-50009;MRO-20031;MRO-10047,Hydraulic Press,CHN-02,train,12,risk,risk,approved_on_validation,우선 점검 후보
2023-09-01,AST-3008,A2,10,7.436977560905366,0.1819767687575519,0.128233638144655,MRO-80001;MRO-10046;MRO-10045,MRO-80001;MRO-10046;MRO-10045,Belt Conveyor,CHN-02,train,12,risk,risk,approved_on_validation,우선 점검 후보
2023-09-01,AST-3019,A2,11,5.525095815902629,0.0821863040341534,0.0492844766266565,MRO-10045;MRO-10047;MRO-10046,MRO-10045;MRO-10047;MRO-10046,Belt Conveyor,CHN-02,train,12,risk,caution,approved_on_validation,우선 점검 후보
2023-09-01,AST-4055,A2,6,7.620406504805124,0.1957137323501819,0.1355649308717109,MRO-10046;MRO-10047;MRO-20031,MRO-10046;MRO-10047;MRO-20031,Screw Compressor,DHR-03,train,12,risk,risk,approved_on_validation,우선 점검 후보
2023-09-01,AST-4061,A2,10,6.832002808566686,0.146583756936463,0.0976776894464302,MRO-10045;MRO-10046;MRO-80001,MRO-10045;MRO-10046;MRO-80001,Screw Compressor,DHR-03,train,12,risk,risk,approved_on_validation,우선 점검 후보
2023-09-01,AST-5003,A2,13,8.172353722542548,0.2309288988914354,0.1660880849110139,MRO-10045;MRO-10047;MRO-80001,MRO-10045;MRO-10047;MRO-80001,EOT Crane,DHR-03,train,12,high_risk,risk,approved_on_validation,우선 점검 후보
2023-09-01,AST-5007,A2,8,5.423137390096622,0.0740238362561881,0.0445870566326808,MRO-10045;MRO-10047;MRO-50009,MRO-10045;MRO-10047;MRO-50009,EOT Crane,PUN-01,train,12,risk,caution,approved_on_validation,우선 점검 후보
2023-09-02,AST-1041,A2,0,0.0032155533478986,6.377451972833778e-12,6.4266850367810424e-15,MRO-10046;MRO-50009;MRO-20033,MRO-10046;MRO-50009;MRO-10047,CNC Lathe,PUN-01,train,12,normal,normal,approved_on_validation,우선 점검 후보
2023-09-02,AST-1042,A2,0,0.0033497346860845,7.852172943648739e-12,7.970017946696362e-15,MRO-10046;MRO-10045;MRO-50009,MRO-10046;MRO-10045;MRO-50009,CNC Lathe,PUN-01,train,12,normal,normal,approved_on_validation,우선 점검 후보
2023-09-02,AST-2017,A2,0,0.0032787150534483,6.7165500935661086e-12,6.911374005752451e-15,MRO-40022;MRO-60015;MRO-10045,MRO-10045;MRO-50009;MRO-10047,Hydraulic Press,PUN-01,train,12,normal,normal,approved_on_validation,우선 점검 후보
2023-09-02,AST-2031,A2,0,0.0032191457022635,6.475030680631725e-12,6.5210091716474405e-15,MRO-10045;MRO-10047;MRO-50009,MRO-10045;MRO-10047;MRO-50009,Hydraulic Press,CHN-02,train,12,normal,normal,approved_on_validation,우선 점검 후보
2023-09-02,AST-3008,A2,0,0.0031869743761074,5.364619336773822e-12,5.715297934413703e-15,MRO-90012;MRO-70004;MRO-30011,MRO-10046;MRO-10047;MRO-50009,Belt Conveyor,CHN-02,train,12,normal,normal,approved_on_validation,우선 점검 후보
2023-09-02,AST-3019,A2,0,0.0032160423409325,6.530249487068066e-12,6.541497568016221e-15,MRO-10047;MRO-50009;MRO-10046,MRO-10047;MRO-50009;MRO-10046,Belt Conveyor,CHN-02,train,12,normal,normal,approved_on_validation,우선 점검 후보
2023-09-02,AST-4055,A2,0,0.003309410624063,6.8972014549808585e-12,7.139394522809858e-15,MRO-60016;MRO-80002;MRO-20031,MRO-20031;MRO-10045;MRO-10047,Screw Compressor,DHR-03,train,12,normal,normal,approved_on_validation,우선 점검 후보
2023-09-02,AST-4061,A2,0,0.0032314566195479,6.539021109310094e-12,6.611036185715184e-15,MRO-10047;MRO-20031;MRO-50009,MRO-10047;MRO-20031;MRO-50009,Screw Compressor,DHR-03,train,12,normal,normal,approved_on_validation,우선 점검 후보
2023-09-02,AST-5003,A2,0,0.0032379575350032,4.820742655659096e-12,5.167117721275458e-15,MRO-20033;MRO-40021;MRO-60016,MRO-10046;MRO-10047;MRO-20031,EOT Crane,DHR-03,train,12,normal,normal,approved_on_validation,우선 점검 후보
2023-09-02,AST-5007,A2,0,0.0029310429192706,4.991236142655244e-12,4.523443463624774e-15,MRO-50009;MRO-80001;MRO-10045,MRO-50009;MRO-80001;MRO-10045,EOT Crane,PUN-01,train,12,normal,normal,approved_on_validation,우선 점검 후보
2023-09-03,AST-1041,A2,0,0.0032776553446188,9.392012428006018e-12,8.350486486989187e-15,MRO-10045;MRO-80001;MRO-10046,MRO-10045;MRO-80001;MRO-10046,CNC Lathe,PUN-01,train,12,normal,normal,approved_on_validation,우선 점검 후보
2023-09-03,AST-1042,A2,0,0.0034978714829456,9.962948508106229e-12,1.0157544959429811e-14,MRO-10046;MRO-10047;MRO-20031,MRO-10046;MRO-10047;MRO-20031,CNC Lathe,PUN-01,train,12,normal,normal,approved_on_validation,우선 점검 후보
2023-09-03,AST-2017,A2,0,0.003318539586041,7.204690347811102e-12,7.441852218163668e-15,MRO-10046;MRO-20031;MRO-80002,MRO-10046;MRO-20031;MRO-10045,Hydraulic Press,PUN-01,train,12,normal,normal,approved_on_validation,우선 점검 후보
2023-09-03,AST-2031,A2,0,0.0035057633549829,1.0197973995923694e-11,1.0354126392286397e-14,MRO-10046;MRO-80001;MRO-10045,MRO-10046;MRO-80001;MRO-10045,Hydraulic Press,CHN-02,train,12,normal,normal,approved_on_validation,우선 점검 후보
2023-09-03,AST-3008,A2,0,0.0032165468446549,6.5054176687319345e-12,6.511266850962066e-15,MRO-10045;MRO-10046;MRO-10047,MRO-10045;MRO-10046;MRO-10047,Belt Conveyor,CHN-02,train,12,normal,normal,approved_on_validation,우선 점검 후보
2023-09-03,AST-3019,A2,0,0.0032188989997515,6.519419324784771e-12,6.534063011143129e-15,MRO-10045;MRO-10046;MRO-20031,MRO-10045;MRO-10046;MRO-20031,Belt Conveyor,CHN-02,train,12,normal,normal,approved_on_validation,우선 점검 후보
2023-09-03,AST-4055,A2,0,0.0032239193072626,6.890218022495163e-12,6.841056084088439e-15,MRO-20031;MRO-10045;MRO-10046,MRO-20031;MRO-10045;MRO-10046,Screw Compressor,DHR-03,train,12,normal,normal,approved_on_validation,우선 점검 후보
2023-09-03,AST-4061,A2,0,0.0032482384844218,6.628860203465791e-12,6.738737253655307e-15,MRO-10047;MRO-20031;MRO-50009,MRO-10047;MRO-20031;MRO-50009,Screw Compressor,DHR-03,train,12,normal,normal,approved_on_validation,우선 점검 후보
2023-09-03,AST-5003,A2,0,0.0030399497405213,4.9117383429408585e-12,4.751758049428781e-15,MRO-60016;MRO-10046;MRO-10047,MRO-10046;MRO-10047;MRO-20031,EOT Crane,DHR-03,train,12,normal,normal,approved_on_validation,우선 점검 후보
2023-09-03,AST-5007,A2,0,0.003270644419838,7.0421540956187815e-12,7.099653005450348e-15,MRO-50009;MRO-80001;MRO-10045,MRO-50009;MRO-80001;MRO-10045,EOT Crane,PUN-01,train,12,normal,normal,approved_on_validation,우선 점검 후보
2023-09-04,AST-1041,A2,3,6.720482162266214,0.1381109266922033,0.0924095589178263,MRO-20031;MRO-10045;MRO-10047,MRO-20031;MRO-10045;MRO-10047,CNC Lathe,PUN-01,train,12,caution,risk,approved_on_validation,우선 점검 후보
2023-09-04,AST-1042,A2,13,10.421820234922029,0.4066372959981489,0.3222798019488915,MRO-10047;MRO-20031;MRO-50009,MRO-10047;MRO-20031;MRO-50009,CNC Lathe,PUN-01,train,12,high_risk,risk,approved_on_validation,우선 점검 후보
2023-09-04,AST-2017,A2,13,7.477783407912899,0.1817018698972047,0.1280778226915207,MRO-80001;MRO-10046;MRO-20031,MRO-80001;MRO-10046;MRO-20031,Hydraulic Press,PUN-01,train,12,high_risk,risk,approved_on_validation,우선 점검 후보
2023-09-04,AST-2031,A2,10,7.112235827815546,0.1622036122231944,0.1106714899048006,MRO-20031;MRO-10047;MRO-80001,MRO-20031;MRO-10047;MRO-80001,Hydraulic Press,CHN-02,train,12,risk,risk,approved_on_validation,우선 점검 후보
2023-09-04,AST-3008,A2,5,6.678551925659767,0.1370112771208806,0.0908883697626115,MRO-20031;MRO-10046;MRO-10047,MRO-20031;MRO-10046;MRO-10047,Belt Conveyor,CHN-02,train,12,caution,risk,approved_on_validation,우선 점검 후보
2023-09-04,AST-3019,A2,4,5.578854797448873,0.0823916419590768,0.0511791553046691,MRO-10047;MRO-50009;MRO-10045,MRO-10047;MRO-50009;MRO-10045,Belt Conveyor,CHN-02,train,12,caution,caution,approved_on_validation,우선 점검 후보
2023-09-04,AST-4055,A2,9,8.303489474094427,0.2410804635534075,0.1754128231844472,MRO-10046;MRO-50009;MRO-20031,MRO-10046;MRO-50009;MRO-20031,Screw Compressor,DHR-03,train,12,risk,risk,approved_on_validation,우선 점검 후보
2023-09-04,AST-4061,A2,16,9.69312361426226,0.3454475783346801,0.2645433672409127,MRO-10046;MRO-10045;MRO-20031,MRO-10046;MRO-10045;MRO-20031,Screw Compressor,DHR-03,train,12,high_risk,risk,approved_on_validation,우선 점검 후보
2023-09-04,AST-5003,A2,6,7.583650061746718,0.1913641134143524,0.1328807448736863,MRO-10045;MRO-50009;MRO-10047,MRO-10045;MRO-50009;MRO-10047,EOT Crane,DHR-03,train,12,risk,risk,approved_on_validation,우선 점검 후보
2023-09-04,AST-5007,A2,2,6.105357261136403,0.1066902797484564,0.0672208975505771,MRO-10047;MRO-50009;MRO-10046,MRO-10047;MRO-50009;MRO-10046,EOT Crane,PUN-01,train,12,caution,risk,approved_on_validation,우선 점검 후보
2023-09-05,AST-1041,A2,8,6.99169944940938,0.1542196350118763,0.1044226400080073,MRO-10045;MRO-80001;MRO-30011,MRO-10045;MRO-80001;MRO-20031,CNC Lathe,PUN-01,train,12,risk,risk,approved_on_validation,우선 점검 후보
2023-09-05,AST-1042,A2,0,5.974017216941009,0.1004512621211446,0.0626573157535757,MRO-10046;MRO-10045;MRO-50009,MRO-10046;MRO-10045;MRO-50009,CNC Lathe,PUN-01,train,12,normal,risk,approved_on_validation,우선 점검 후보
2023-09-05,AST-2017,A2,9,8.141850096169602,0.228372300075214,0.1648623520219456,MRO-80001;MRO-50009;MRO-20031,MRO-80001;MRO-50009;MRO-20031,Hydraulic Press,PUN-01,train,12,risk,risk,approved_on_validation,우선 점검 후보
2023-09-05,AST-2031,A2,0,7.157963090777772,0.1638066954930603,0.1132701769554543,MRO-10046;MRO-80001;MRO-20031,MRO-10046;MRO-80001;MRO-20031,Hydraulic Press,CHN-02,train,12,normal,risk,approved_on_validation,우선 점검 후보
2023-09-05,AST-3008,A2,10,6.141223239629745,0.1064467365843246,0.069041508736328,MRO-10045;MRO-10046;MRO-50009,MRO-10045;MRO-10046;MRO-50009,Belt Conveyor,CHN-02,train,12,risk,risk,approved_on_validation,우선 점검 후보
2023-09-05,AST-3019,A2,0,5.942090854108666,0.0994114202191922,0.0623463908957232,MRO-10045;MRO-10047;MRO-50009,MRO-10045;MRO-10047;MRO-50009,Belt Conveyor,CHN-02,train,12,normal,risk,approved_on_validation,우선 점검 후보
2023-09-05,AST-4055,A2,12,7.640532377932161,0.1968121021510155,0.1370239767035273,MRO-10046;MRO-50009;MRO-10045,MRO-10046;MRO-50009;MRO-10045,Screw Compressor,DHR-03,train,12,high_risk,risk,approved_on_validation,우선 점검 후보
2023-09-05,AST-4061,A2,6,6.4701739380837715,0.1245393645804083,0.0825760906825126,MRO-10045;MRO-10046;MRO-10047,MRO-10045;MRO-10046;MRO-10047,Screw Compressor,DHR-03,train,12,risk,risk,approved_on_validation,우선 점검 후보
2023-09-05,AST-5003,A2,12,8.232791905550242,0.23482061172666,0.1692262370319455,MRO-50009;MRO-10045;MRO-80001,MRO-50009;MRO-10045;MRO-80001,EOT Crane,DHR-03,train,12,high_risk,risk,approved_on_validation,우선 점검 후보
2023-09-05,AST-5007,A2,12,5.714566974054686,0.0885702703488537,0.0543250967436188,MRO-10046;MRO-50009;MRO-80001,MRO-10046;MRO-50009;MRO-80001,EOT Crane,PUN-01,train,12,high_risk,caution,approved_on_validation,우선 점검 후보
2023-09-06,AST-1041,A2,4,6.416731090081537,0.1236195156396179,0.0803181694716861,MRO-80001;MRO-10046;MRO-50009,MRO-80001;MRO-10046;MRO-50009,CNC Lathe,PUN-01,train,12,caution,risk,approved_on_validation,우선 점검 후보
2023-09-06,AST-1042,A2,7,6.49627370923548,0.1298414103614206,0.0832846897919843,MRO-10047;MRO-10046;MRO-80001,MRO-10047;MRO-10046;MRO-80001,CNC Lathe,PUN-01,train,12,risk,risk,approved_on_validation,우선 점검 후보
2023-09-06,AST-2017,A2,7,7.553955608331575,0.1861541916614165,0.1315046547412637,MRO-80001;MRO-60016;MRO-10046,MRO-80001;MRO-10046;MRO-50009,Hydraulic Press,PUN-01,train,12,risk,risk,approved_on_validation,우선 점검 후보
2023-09-06,AST-2031,A2,5,7.439119385452133,0.182816518233917,0.1273830595520559,MRO-10046;MRO-20031;MRO-80001,MRO-10046;MRO-20031;MRO-80001,Hydraulic Press,CHN-02,train,12,caution,risk,approved_on_validation,우선 점검 후보
2023-09-06,AST-3008,A2,5,6.445523718760678,0.1238671646141264,0.0809769511334659,MRO-20031;MRO-50009;MRO-10046,MRO-20031;MRO-50009;MRO-10046,Belt Conveyor,CHN-02,train,12,caution,risk,approved_on_validation,우선 점검 후보
2023-09-06,AST-3019,A2,10,5.852669269943319,0.0954178078023622,0.0597014874898816,MRO-10045;MRO-10047;MRO-50009,MRO-10045;MRO-10047;MRO-50009,Belt Conveyor,CHN-02,train,12,risk,risk,approved_on_validation,우선 점검 후보
2023-09-06,AST-4055,A2,9,7.92535099479635,0.2173357004751246,0.152501632951643,MRO-10045;MRO-50009;MRO-10047,MRO-10045;MRO-50009;MRO-10047,Screw Compressor,DHR-03,train,12,risk,risk,approved_on_validation,우선 점검 후보
2023-09-06,AST-4061,A2,10,6.507914513791286,0.1289093674513418,0.0839577169809525,MRO-80001;MRO-10045;MRO-10046,MRO-80001;MRO-10045;MRO-10046,Screw Compressor,DHR-03,train,12,risk,risk,approved_on_validation,우선 점검 후보
2023-09-06,AST-5003,A2,5,7.186564794429204,0.1648655241937034,0.1122737844841608,MRO-10046;MRO-60015;MRO-20031,MRO-10046;MRO-20031;MRO-10045,EOT Crane,DHR-03,train,12,caution,risk,approved_on_validation,우선 점검 후보
2023-09-06,AST-5007,A2,10,6.052443626925536,0.1064682725098859,0.067261116567335,MRO-10045;MRO-50009;MRO-20031,MRO-10045;MRO-50009;MRO-20031,EOT Crane,PUN-01,train,12,risk,risk,approved_on_validation,우선 점검 후보
2023-09-07,AST-1041,A2,9,7.916448627471435,0.2166343725256315,0.1536237970968266,MRO-10045;MRO-10047;MRO-20031,MRO-10045;MRO-10047;MRO-20031,CNC Lathe,PUN-01,train,12,risk,risk,approved_on_validation,우선 점검 후보
2023-09-07,AST-1042,A2,4,6.744213178306847,0.1431394018693571,0.0940444799012333,MRO-10047;MRO-50009;MRO-10045,MRO-10047;MRO-50009;MRO-10045,CNC Lathe,PUN-01,train,12,caution,risk,approved_on_validation,우선 점검 후보
2023-09-07,AST-2017,A2,7,8.05716778212731,0.2231164990283884,0.159175750985172,MRO-40022;MRO-20031;MRO-50009,MRO-20031;MRO-50009;MRO-10046,Hydraulic Press,PUN-01,train,12,risk,risk,approved_on_validation,우선 점검 후보
2023-09-07,AST-2031,A2,4,7.39485150959587,0.1799481727764028,0.1250979550475106,MRO-10046;MRO-20031;MRO-80001,MRO-10046;MRO-20031;MRO-80001,Hydraulic Press,CHN-02,train,12,caution,risk,approved_on_validation,우선 점검 후보
2023-09-07,AST-3008,A2,7,6.380546774976859,0.1188892411156718,0.0779328838920319,MRO-10045;MRO-50009;MRO-20031,MRO-10045;MRO-50009;MRO-20031,Belt Conveyor,CHN-02,train,12,risk,risk,approved_on_validation,우선 점검 후보
2023-09-07,AST-3019,A2,12,5.888571905718675,0.0991834582490055,0.0607646920820344,MRO-10045;MRO-10047;MRO-50009,MRO-10045;MRO-10047;MRO-50009,Belt Conveyor,CHN-02,train,12,high_risk,risk,approved_on_validation,우선 점검 후보
2023-09-07,AST-4055,A2,12,8.267557189043886,0.2401357522842778,0.1718567839673223,MRO-20031;MRO-10045;MRO-50009,MRO-20031;MRO-10045;MRO-50009,Screw Compressor,DHR-03,train,12,high_risk,risk,approved_on_validation,우선 점검 후보
2023-09-07,AST-4061,A2,8,6.406324907941222,0.1223839656112703,0.079395912600975,MRO-20031;MRO-50009;MRO-10045,MRO-20031;MRO-50009;MRO-10045,Screw Compressor,DHR-03,train,12,risk,risk,approved_on_validation,우선 점검 후보
2023-09-07,AST-5003,A2,7,7.604789382696749,0.1932737903637105,0.1352410972191494,MRO-10045;MRO-50009;MRO-10047,MRO-10045;MRO-50009;MRO-10047,EOT Crane,DHR-03,train,12,risk,risk,approved_on_validation,우선 점검 후보
2023-09-07,AST-5007,A2,7,5.826341510219944,0.0939415734253698,0.0579408724680278,MRO-10046;MRO-80001;MRO-10045,MRO-10046;MRO-80001;MRO-10045,EOT Crane,PUN-01,train,12,risk,risk,approved_on_validation,우선 점검 후보
2023-09-08,AST-1041,A2,8,6.975628298585502,0.1530720068416756,0.1046900778443694,MRO-50009;MRO-10045;MRO-10047,MRO-50009;MRO-10045;MRO-10047,CNC Lathe,PUN-01,train,12,risk,risk,approved_on_validation,우선 점검 후보
2023-09-08,AST-1042,A2,1,6.095405871036113,0.1074629439141345,0.0674194329234202,MRO-10045;MRO-20031;MRO-80001,MRO-10045;MRO-20031;MRO-80001,CNC Lathe,PUN-01,train,12,caution,risk,approved_on_validation,우선 점검 후보
2023-09-08,AST-2017,A2,10,10.648311031050826,0.4172771037379251,0.3368878193451273,MRO-10046;MRO-80001;MRO-10045,MRO-10046;MRO-80001;MRO-10045,Hydraulic Press,PUN-01,train,12,risk,risk,approved_on_validation,우선 점검 후보
2023-09-08,AST-2031,A2,8,7.4382144920434845,0.1836448847841068,0.1257181715675007,MRO-20031;MRO-10047;MRO-50009,MRO-20031;MRO-10047;MRO-50009,Hydraulic Press,CHN-02,train,12,risk,risk,approved_on_validation,우선 점검 후보
2023-09-08,AST-3008,A2,7,6.363483924744822,0.1192177817930825,0.0772264636776496,MRO-50009;MRO-20031;MRO-10046,MRO-50009;MRO-20031;MRO-10046,Belt Conveyor,CHN-02,train,12,risk,risk,approved_on_validation,우선 점검 후보
2023-09-08,AST-3019,A2,4,5.3891051236665675,0.0758787417488991,0.0448824896594116,MRO-50009;MRO-10045;MRO-80001,MRO-50009;MRO-10045;MRO-80001,Belt Conveyor,CHN-02,train,12,caution,caution,approved_on_validation,우선 점검 후보
2023-09-08,AST-4055,A2,13,9.10665284673131,0.3010852880084814,0.2246337260347261,MRO-10047;MRO-10046;MRO-10045,MRO-10047;MRO-10046;MRO-10045,Screw Compressor,DHR-03,train,12,high_risk,risk,approved_on_validation,우선 점검 후보
2023-09-08,AST-4061,A2,3,6.915374525942586,0.1513421033714574,0.1008679962243307,MRO-80001;MRO-10045;MRO-10046,MRO-80001;MRO-10045;MRO-10046,Screw Compressor,DHR-03,train,12,caution,risk,approved_on_validation,우선 점검 후보
2023-09-08,AST-5003,A2,10,8.39365933611686,0.2482715095458774,0.1791310664073101,MRO-80001;MRO-10046;MRO-20031,MRO-80001;MRO-10046;MRO-20031,EOT Crane,DHR-03,train,12,risk,risk,approved_on_validation,우선 점검 후보
2023-09-08,AST-5007,A2,8,5.714107247692725,0.0874761120007782,0.0537972590162814,MRO-10045;MRO-80001;MRO-10047,MRO-10045;MRO-80001;MRO-10047,EOT Crane,PUN-01,train,12,risk,caution,approved_on_validation,우선 점검 후보
2023-09-09,AST-1041,A2,0,0.0032282419815857,6.527071995833229e-12,6.578643934630503e-15,MRO-10046;MRO-10047;MRO-20031,MRO-10046;MRO-10047;MRO-20031,CNC Lathe,PUN-01,train,12,normal,normal,approved_on_validation,우선 점검 후보
2023-09-09,AST-1042,A2,0,0.0032259436337819,6.441114994409514e-12,6.517364479048383e-15,MRO-10045;MRO-10046;MRO-20031,MRO-10045;MRO-10046;MRO-20031,CNC Lathe,PUN-01,train,12,normal,normal,approved_on_validation,우선 점검 후보
2023-09-09,AST-2017,A2,0,0.0033789945780304,6.931855389083481e-12,7.528042181356186e-15,MRO-40022;MRO-90011;MRO-80001,MRO-80001;MRO-20031;MRO-10045,Hydraulic Press,PUN-01,train,12,normal,normal,approved_on_validation,우선 점검 후보
2023-09-09,AST-2031,A2,0,0.0032141117017942,6.418142953388838e-12,6.4619666915072325e-15,MRO-10045;MRO-10047;MRO-50009,MRO-10045;MRO-10047;MRO-50009,Hydraulic Press,CHN-02,train,12,normal,normal,approved_on_validation,우선 점검 후보
2023-09-09,AST-3008,A2,0,0.0032587797656368,6.462766652138436e-12,6.775058114991391e-15,MRO-70004;MRO-10045;MRO-20031,MRO-10045;MRO-20031;MRO-50009,Belt Conveyor,CHN-02,train,12,normal,normal,approved_on_validation,우선 점검 후보
2023-09-09,AST-3019,A2,0,0.0032433267672195,6.685761851595553e-12,6.7486583274077106e-15,MRO-10046;MRO-30011;MRO-10045,MRO-10046;MRO-10045;MRO-50009,Belt Conveyor,CHN-02,train,12,normal,normal,approved_on_validation,우선 점검 후보
2023-09-09,AST-4055,A2,0,0.0032392807575607,6.5639262610481475e-12,6.658725835058711e-15,MRO-20031;MRO-50009;MRO-30011,MRO-20031;MRO-50009;MRO-10045,Screw Compressor,DHR-03,train,12,normal,normal,approved_on_validation,우선 점검 후보
2023-09-09,AST-4061,A2,0,0.0032315551110782,6.515120807994144e-12,6.592105093234338e-15,MRO-10045;MRO-10046;MRO-10047,MRO-10045;MRO-10046;MRO-10047,Screw Compressor,DHR-03,train,12,normal,normal,approved_on_validation,우선 점검 후보
2023-09-09,AST-5003,A2,0,0.0031806214713891,5.6168164544739015e-12,5.664876499444142e-15,MRO-30011;MRO-30012;MRO-10046,MRO-10046;MRO-50009;MRO-10045,EOT Crane,DHR-03,train,12,normal,normal,approved_on_validation,우선 점검 후보
2023-09-09,AST-5007,A2,0,0.0033312763617707,6.9650715910323416e-12,7.407277276694478e-15,MRO-70004;MRO-10046;MRO-60015,MRO-10046;MRO-50009;MRO-10045,EOT Crane,PUN-01,train,12,normal,normal,approved_on_validation,우선 점검 후보
2023-09-10,AST-1041,A2,0,0.0033508162236301,9.696981327400872e-12,8.971462388993748e-15,MRO-80001;MRO-10045;MRO-10046,MRO-80001;MRO-10045;MRO-10046,CNC Lathe,PUN-01,train,12,normal,normal,approved_on_validation,우선 점검 후보
2023-09-10,AST-1042,A2,0,0.0033492837316768,8.969186137796964e-12,8.274295522069676e-15,MRO-10047;MRO-10045;MRO-10046,MRO-10047;MRO-10045;MRO-10046,CNC Lathe,PUN-01,train,12,normal,normal,approved_on_validation,우선 점검 후보
2023-09-10,AST-2017,A2,0,0.0033927304777789,8.342133015745367e-12,8.512989685146328e-15,MRO-50009;MRO-60016;MRO-80001,MRO-50009;MRO-80001;MRO-10045,Hydraulic Press,PUN-01,train,12,normal,normal,approved_on_validation,우선 점검 후보
2023-09-10,AST-2031,A2,0,0.0033785054312899,8.719871941214719e-12,8.737791517618788e-15,MRO-10046;MRO-20031;MRO-10045,MRO-10046;MRO-20031;MRO-10045,Hydraulic Press,CHN-02,train,12,normal,normal,approved_on_validation,우선 점검 후보
2023-09-10,AST-3008,A2,0,0.0032812805013039,6.60160638350033e-12,6.967695924175187e-15,MRO-70004;MRO-10045;MRO-10047,MRO-10045;MRO-10047;MRO-20031,Belt Conveyor,CHN-02,train,12,normal,normal,approved_on_validation,우선 점검 후보
2023-09-10,AST-3019,A2,0,0.0032907832694662,6.475265725570658e-12,6.9772929533962376e-15,MRO-70004;MRO-10047;MRO-20031,MRO-10047;MRO-20031;MRO-50009,Belt Conveyor,CHN-02,train,12,normal,normal,approved_on_validation,우선 점검 후보
2023-09-10,AST-4055,A2,0,0.003243218095037,6.595712179686898e-12,6.695942276343144e-15,MRO-10045;MRO-20031;MRO-50009,MRO-10045;MRO-20031;MRO-50009,Screw Compressor,DHR-03,train,12,normal,normal,approved_on_validation,우선 점검 후보
2023-09-10,AST-4061,A2,0,0.0032357758664897,6.574241543384782e-12,6.649671004761429e-15,MRO-10045;MRO-10046;MRO-10047,MRO-10045;MRO-10046;MRO-10047,Screw Compressor,DHR-03,train,12,normal,normal,approved_on_validation,우선 점검 후보
2023-09-10,AST-5003,A2,0,0.0033025902099147,6.793532628607288e-12,7.146833910532562e-15,MRO-70004;MRO-50009;MRO-30011,MRO-50009;MRO-10045;MRO-10047,EOT Crane,DHR-03,train,12,normal,normal,approved_on_validation,우선 점검 후보
2023-09-10,AST-5007,A2,0,0.0032110956235187,6.4501760932444346e-12,6.459626640437184e-15,MRO-10045;MRO-10046;MRO-10047,MRO-10045;MRO-10046;MRO-10047,EOT Crane,PUN-01,train,12,normal,normal,approved_on_validation,우선 점검 후보
2023-09-11,AST-1041,A2,7,6.253370554044481,0.1131270338960171,0.0734753057500145,MRO-10045;MRO-50009;MRO-10047,MRO-10045;MRO-50009;MRO-10047,CNC Lathe,PUN-01,train,12,risk,risk,approved_on_validation,우선 점검 후보
2023-09-11,AST-1042,A2,8,6.7308677508717825,0.1408522532855341,0.0930636264939705,MRO-10047;MRO-10045;MRO-20031,MRO-10047;MRO-10045;MRO-20031,CNC Lathe,PUN-01,train,12,risk,risk,approved_on_validation,우선 점검 후보
2023-09-11,AST-2017,A2,5,8.376037618586007,0.2461446322679811,0.1791199041534429,MRO-80001;MRO-10047;MRO-20031,MRO-80001;MRO-10047;MRO-20031,Hydraulic Press,PUN-01,train,12,caution,risk,approved_on_validation,우선 점검 후보
2023-09-11,AST-2031,A2,0,7.301890475580197,0.1739317773092005,0.1200831197106679,MRO-20031;MRO-10046;MRO-10047,MRO-20031;MRO-10046;MRO-10047,Hydraulic Press,CHN-02,train,12,normal,risk,approved_on_validation,우선 점검 후보
2023-09-11,AST-3008,A2,6,6.212928191809752,0.1095499078396667,0.071655972696027,MRO-50009;MRO-10045;MRO-80001,MRO-50009;MRO-10045;MRO-80001,Belt Conveyor,CHN-02,train,12,risk,risk,approved_on_validation,우선 점검 후보
2023-09-11,AST-3019,A2,0,5.554766780176798,0.0810948321001296,0.0503073300424195,MRO-10047;MRO-20031;MRO-10046,MRO-10047;MRO-20031;MRO-10046,Belt Conveyor,CHN-02,train,12,normal,caution,approved_on_validation,우선 점검 후보
2023-09-11,AST-4055,A2,6,7.513074074135614,0.186815710062017,0.1305835158318713,MRO-10046;MRO-10045;MRO-10047,MRO-10046;MRO-10045;MRO-10047,Screw Compressor,DHR-03,train,12,risk,risk,approved_on_validation,우선 점검 후보
2023-09-11,AST-4061,A2,2,6.685201202406597,0.1384627274182084,0.0915077663154782,MRO-20031;MRO-50009;MRO-10047,MRO-20031;MRO-50009;MRO-10047,Screw Compressor,DHR-03,train,12,caution,risk,approved_on_validation,우선 점검 후보
2023-09-11,AST-5003,A2,2,7.607515721084698,0.1920197670769123,0.134757682857,MRO-50009;MRO-20031;MRO-10045,MRO-50009;MRO-20031;MRO-10045,EOT Crane,DHR-03,train,12,caution,risk,approved_on_validation,우선 점검 후보
2023-09-11,AST-5007,A2,2,5.342493859496137,0.0714301101595647,0.0423747811249174,MRO-10047;MRO-50009;MRO-10046,MRO-10047;MRO-50009;MRO-10046,EOT Crane,PUN-01,train,12,caution,caution,approved_on_validation,우선 점검 후보
2023-09-12,AST-1041,A2,2,6.409985444057063,0.1216842410337995,0.0792888279015539,MRO-10045;MRO-50009;MRO-10046,MRO-10045;MRO-50009;MRO-10046,CNC Lathe,PUN-01,train,12,caution,risk,approved_on_validation,우선 점검 후보
2023-09-12,AST-1042,A2,10,6.1404231956172675,0.1085655803294137,0.0695881003183299,MRO-10046;MRO-10047;MRO-10045,MRO-10046;MRO-10047;MRO-10045,CNC Lathe,PUN-01,train,12,risk,risk,approved_on_validation,우선 점검 후보
2023-09-12,AST-2017,A2,8,8.572342238292634,0.2613213771387064,0.1911150779739057,MRO-10046;MRO-80001;MRO-10045,MRO-10046;MRO-80001;MRO-10045,Hydraulic Press,PUN-01,train,12,risk,risk,approved_on_validation,우선 점검 후보
2023-09-12,AST-2031,A2,4,6.597274767453309,0.1333848863929166,0.0875328289568685,MRO-20031;MRO-10045;MRO-10047,MRO-20031;MRO-10045;MRO-10047,Hydraulic Press,CHN-02,train,12,caution,risk,approved_on_validation,우선 점검 후보
2023-09-12,AST-3008,A2,0,6.466044110340677,0.1261157268826664,0.0822464540464182,MRO-20031;MRO-10046;MRO-50009,MRO-20031;MRO-10046;MRO-50009,Belt Conveyor,CHN-02,train,12,normal,risk,approved_on_validation,우선 점검 후보
2023-09-12,AST-3019,A2,0,5.513216665254612,0.0805808925446208,0.0488816082858664,MRO-10047;MRO-20031;MRO-10045,MRO-10047;MRO-20031;MRO-10045,Belt Conveyor,CHN-02,train,12,normal,caution,approved_on_validation,우선 점검 후보
2023-09-12,AST-4055,A2,5,7.552760423741163,0.1917202969278935,0.1324400510956273,MRO-10046;MRO-10047;MRO-80001,MRO-10046;MRO-10047;MRO-80001,Screw Compressor,DHR-03,train,12,caution,risk,approved_on_validation,우선 점검 후보
2023-09-12,AST-4061,A2,7,6.676502986931714,0.1373107741957177,0.0909355197761916,MRO-20031;MRO-50009;MRO-10046,MRO-20031;MRO-50009;MRO-10046,Screw Compressor,DHR-03,train,12,risk,risk,approved_on_validation,우선 점검 후보
2023-09-12,AST-5003,A2,6,7.882052391337135,0.2116821618819413,0.150661078261099,MRO-10046;MRO-50009;MRO-10045,MRO-10046;MRO-50009;MRO-10045,EOT Crane,DHR-03,train,12,risk,risk,approved_on_validation,우선 점검 후보
2023-09-12,AST-5007,A2,2,5.752542608730549,0.0904559445766629,0.0551756571568612,MRO-50009;MRO-10047;MRO-10046,MRO-50009;MRO-10047;MRO-10046,EOT Crane,PUN-01,train,12,caution,caution,approved_on_validation,우선 점검 후보
2023-09-13,AST-1041,A2,4,5.628821091314503,0.0828887481306887,0.0511898253092823,MRO-10045;MRO-10046;MRO-50009,MRO-10045;MRO-10046;MRO-50009,CNC Lathe,PUN-01,train,12,caution,caution,approved_on_validation,우선 점검 후보
2023-09-13,AST-1042,A2,8,6.5717337312694175,0.1325016447369595,0.0860023198845158,MRO-10046;MRO-10047;MRO-10045,MRO-10046;MRO-10047;MRO-10045,CNC Lathe,PUN-01,train,12,risk,risk,approved_on_validation,우선 점검 후보
2023-09-13,AST-2017,A2,11,8.009138107994158,0.2160067492245106,0.1551129829004808,MRO-60015;MRO-10047;MRO-50009,MRO-10047;MRO-50009;MRO-20031,Hydraulic Press,PUN-01,train,12,risk,risk,approved_on_validation,우선 점검 후보
2023-09-13,AST-2031,A2,2,7.0249048235700045,0.1576463775500739,0.1067058146826758,MRO-10046;MRO-20031;MRO-10047,MRO-10046;MRO-20031;MRO-10047,Hydraulic Press,CHN-02,train,12,caution,risk,approved_on_validation,우선 점검 후보
2023-09-13,AST-3008,A2,10,6.55239575540817,0.1296951426839917,0.0855418580658641,MRO-20031;MRO-10046;MRO-10047,MRO-20031;MRO-10046;MRO-10047,Belt Conveyor,CHN-02,train,12,risk,risk,approved_on_validation,우선 점검 후보
2023-09-13,AST-3019,A2,4,5.539571729615414,0.0807660872606556,0.0494558024531762,MRO-10047;MRO-20031;MRO-50009,MRO-10047;MRO-20031;MRO-50009,Belt Conveyor,CHN-02,train,12,caution,caution,approved_on_validation,우선 점검 후보
2023-09-13,AST-4055,A2,6,7.628934794945986,0.1958187667804732,0.1370008354835361,MRO-10045;MRO-10046;MRO-20031,MRO-10045;MRO-10046;MRO-20031,Screw Compressor,DHR-03,train,12,risk,risk,approved_on_validation,우선 점검 후보
2023-09-13,AST-4061,A2,10,6.496265496065862,0.1279128844893619,0.0833838615179279,MRO-20031;MRO-50009;MRO-80001,MRO-20031;MRO-50009;MRO-80001,Screw Compressor,DHR-03,train,12,risk,risk,approved_on_validation,우선 점검 후보
2023-09-13,AST-5003,A2,3,6.925217143898436,0.1489214111339299,0.1006515748017097,MRO-20031;MRO-80001;MRO-50009,MRO-20031;MRO-80001;MRO-50009,EOT Crane,DHR-03,train,12,caution,risk,approved_on_validation,우선 점검 후보
2023-09-13,AST-5007,A2,2,5.386482348836378,0.073181891095732,0.0435391457969201,MRO-50009;MRO-10047;MRO-10045,MRO-50009;MRO-10047;MRO-10045,EOT Crane,PUN-01,train,12,caution,caution,approved_on_validation,우선 점검 후보
2023-09-14,AST-1041,A2,4,6.555044787019774,0.1294816583792374,0.0850257856488772,MRO-10046;MRO-50009;MRO-10047,MRO-10046;MRO-50009;MRO-10047,CNC Lathe,PUN-01,train,12,caution,risk,approved_on_validation,우선 점검 후보
2023-09-14,AST-1042,A2,4,6.566194082825398,0.1313140205319484,0.0859324936295801,MRO-10047;MRO-10046;MRO-10045,MRO-10047;MRO-10046;MRO-10045,CNC Lathe,PUN-01,train,12,caution,risk,approved_on_validation,우선 점검 후보
2023-09-14,AST-2017,A2,14,7.574385089676521,0.1867140184970993,0.1325168754644311,MRO-80001;MRO-70004;MRO-10046,MRO-80001;MRO-10046;MRO-20031,Hydraulic Press,PUN-01,train,12,high_risk,risk,approved_on_validation,우선 점검 후보
2023-09-14,AST-2031,A2,11,7.263077197583655,0.1708742428724874,0.1181817185728589,MRO-20031;MRO-80001;MRO-10046,MRO-20031;MRO-80001;MRO-10046,Hydraulic Press,CHN-02,train,12,risk,risk,approved_on_validation,우선 점검 후보
2023-09-14,AST-3008,A2,10,6.054525743011769,0.104496860740124,0.0660353251559815,MRO-10045;MRO-20031;MRO-80001,MRO-10045;MRO-20031;MRO-80001,Belt Conveyor,CHN-02,train,12,risk,risk,approved_on_validation,우선 점검 후보
2023-09-14,AST-3019,A2,2,5.697908826353983,0.0895942220737591,0.0553066159771478,MRO-50009;MRO-10045;MRO-10047,MRO-50009;MRO-10045;MRO-10047,Belt Conveyor,CHN-02,train,12,caution,caution,approved_on_validation,우선 점검 후보
2023-09-14,AST-4055,A2,19,8.625764073179782,0.2619862117154989,0.1959332856845171,MRO-10046;MRO-10045;MRO-20031,MRO-10046;MRO-10045;MRO-20031,Screw Compressor,DHR-03,train,12,high_risk,risk,approved_on_validation,우선 점검 후보
2023-09-14,AST-4061,A2,2,6.051114882647355,0.1048414542087174,0.0662331118653878,MRO-50009;MRO-10046;MRO-10047,MRO-50009;MRO-10046;MRO-10047,Screw Compressor,DHR-03,train,12,caution,risk,approved_on_validation,우선 점검 후보
2023-09-14,AST-5003,A2,17,7.812985664779827,0.2051370247089475,0.1454241509212032,MRO-10045;MRO-20031;MRO-80001,MRO-10045;MRO-20031;MRO-80001,EOT Crane,DHR-03,train,12,high_risk,risk,approved_on_validation,우선 점검 후보
2023-09-14,AST-5007,A2,5,5.815527923151205,0.092517052497809,0.0571730203010438,MRO-50009;MRO-10047;MRO-10045,MRO-50009;MRO-10047;MRO-10045,EOT Crane,PUN-01,train,12,caution,caution,approved_on_validation,우선 점검 후보
2023-09-15,AST-1041,A2,14,6.907675279477783,0.1507206187056781,0.1015515622307228,MRO-50009;MRO-10047;MRO-20031,MRO-50009;MRO-10047;MRO-20031,CNC Lathe,PUN-01,train,12,high_risk,risk,approved_on_validation,우선 점검 후보
2023-09-15,AST-1042,A2,1,6.015094405759655,0.1029776900090813,0.064835992103014,MRO-10047;MRO-10045;MRO-20031,MRO-10047;MRO-10045;MRO-20031,CNC Lathe,PUN-01,train,12,caution,risk,approved_on_validation,우선 점검 후보
2023-09-15,AST-2017,A2,0,8.504556675405697,0.256332412049592,0.1872493183051391,MRO-80001;MRO-20031;MRO-10046,MRO-80001;MRO-20031;MRO-10046,Hydraulic Press,PUN-01,train,12,normal,risk,approved_on_validation,우선 점검 후보
2023-09-15,AST-2031,A2,6,7.415312401616327,0.1804247918567666,0.1250216747270015,MRO-20031;MRO-50009;MRO-80001,MRO-20031;MRO-50009;MRO-80001,Hydraulic Press,CHN-02,train,12,risk,risk,approved_on_validation,우선 점검 후보
2023-09-15,AST-3008,A2,6,6.326752291705608,0.1170749041786209,0.0765511828118421,MRO-10047;MRO-20031;MRO-80001,MRO-10047;MRO-20031;MRO-80001,Belt Conveyor,CHN-02,train,12,risk,risk,approved_on_validation,우선 점검 후보
2023-09-15,AST-3019,A2,2,5.490339101928711,0.0776339071219516,0.0480948485878803,MRO-50009;MRO-10047;MRO-20031,MRO-50009;MRO-10047;MRO-20031,Belt Conveyor,CHN-02,train,12,caution,caution,approved_on_validation,우선 점검 후보
2023-09-15,AST-4055,A2,10,7.832236577811751,0.2097613397929007,0.1478832188467293,MRO-20031;MRO-10046;MRO-10045,MRO-20031;MRO-10046;MRO-10045,Screw Compressor,DHR-03,train,12,risk,risk,approved_on_validation,우선 점검 후보
2023-09-15,AST-4061,A2,5,8.62815146446566,0.2612897586764074,0.1939899843440131,MRO-10046;MRO-20031;MRO-50009,MRO-10046;MRO-20031;MRO-50009,Screw Compressor,DHR-03,train,12,caution,risk,approved_on_validation,우선 점검 후보
2023-09-15,AST-5003,A2,0,7.467348943809803,0.1833968101396797,0.1275430001211186,MRO-50009;MRO-10046;MRO-20031,MRO-50009;MRO-10046;MRO-20031,EOT Crane,DHR-03,train,12,normal,risk,approved_on_validation,우선 점검 후보
2023-09-15,AST-5007,A2,10,5.6628016402863235,0.0861421495532608,0.0520888204007415,MRO-40021;MRO-50009;MRO-10047,MRO-50009;MRO-10047;MRO-10045,EOT Crane,PUN-01,train,12,risk,caution,approved_on_validation,우선 점검 후보
2023-09-16,AST-1041,A2,0,0.0031280757128138,6.820103857498995e-12,6.267937618499886e-15,MRO-10045;MRO-50009;MRO-80001,MRO-10045;MRO-50009;MRO-80001,CNC Lathe,PUN-01,train,12,normal,normal,approved_on_validation,우선 점검 후보
2023-09-16,AST-1042,A2,0,0.0032195975399993,6.394315666562289e-12,6.453743697182465e-15,MRO-10045;MRO-10046;MRO-20031,MRO-10045;MRO-10046;MRO-20031,CNC Lathe,PUN-01,train,12,normal,normal,approved_on_validation,우선 점검 후보
2023-09-16,AST-2017,A2,0,0.0032335156060767,6.532257170999069e-12,6.612636661103895e-15,MRO-10045;MRO-10046;MRO-20031,MRO-10045;MRO-10046;MRO-20031,Hydraulic Press,PUN-01,train,12,normal,normal,approved_on_validation,우선 점검 후보
2023-09-16,AST-2031,A2,0,0.0032871446088104,6.907727238479145e-12,7.089798558591561e-15,MRO-20031;MRO-30012;MRO-80002,MRO-20031;MRO-10046;MRO-10045,Hydraulic Press,CHN-02,train,12,normal,normal,approved_on_validation,우선 점검 후보
2023-09-16,AST-3008,A2,0,0.0031884998406256,6.480346463622275e-12,6.5652579911566855e-15,MRO-70004;MRO-10047;MRO-20031,MRO-10047;MRO-20031;MRO-50009,Belt Conveyor,CHN-02,train,12,normal,normal,approved_on_validation,우선 점검 후보
2023-09-16,AST-3019,A2,0,0.0032860252865674,6.700476766572879e-12,7.059861050748773e-15,MRO-90011;MRO-10045;MRO-30011,MRO-10045;MRO-10046;MRO-10047,Belt Conveyor,CHN-02,train,12,normal,normal,approved_on_validation,우선 점검 후보
2023-09-16,AST-4055,A2,0,0.0032442578208331,6.59588932980155e-12,6.699527453184097e-15,MRO-10046;MRO-10045;MRO-30012,MRO-10046;MRO-10045;MRO-10047,Screw Compressor,DHR-03,train,12,normal,normal,approved_on_validation,우선 점검 후보
2023-09-16,AST-4061,A2,0,0.0033077227221312,6.613430455830221e-12,6.929589000519154e-15,MRO-60015;MRO-40022;MRO-20032,MRO-10045;MRO-10047;MRO-20031,Screw Compressor,DHR-03,train,12,normal,normal,approved_on_validation,우선 점검 후보
2023-09-16,AST-5003,A2,0,0.0034082091488263,8.60737662083039e-12,8.477322882733179e-15,MRO-10046;MRO-60016;MRO-10045,MRO-10046;MRO-10045;MRO-10047,EOT Crane,DHR-03,train,12,normal,normal,approved_on_validation,우선 점검 후보
2023-09-16,AST-5007,A2,0,0.003223825658131,6.539003392245106e-12,6.564127566572944e-15,MRO-10045;MRO-10046;MRO-10047,MRO-10045;MRO-10046;MRO-10047,EOT Crane,PUN-01,train,12,normal,normal,approved_on_validation,우선 점검 후보
2023-09-17,AST-1041,A2,0,0.0032254578048865,6.485705527619254e-12,6.540079429362723e-15,MRO-10045;MRO-50009;MRO-80001,MRO-10045;MRO-50009;MRO-80001,CNC Lathe,PUN-01,train,12,normal,normal,approved_on_validation,우선 점검 후보
2023-09-17,AST-1042,A2,0,0.0033467365365696,8.969186105570873e-12,8.251468922447462e-15,MRO-10047;MRO-10045;MRO-10046,MRO-10047;MRO-10045;MRO-10046,CNC Lathe,PUN-01,train,12,normal,normal,approved_on_validation,우선 점검 후보
2023-09-17,AST-2017,A2,0,0.0032376369738669,6.5742659547705785e-12,6.657822968632216e-15,MRO-10045;MRO-10046;MRO-10047,MRO-10045;MRO-10046;MRO-10047,Hydraulic Press,PUN-01,train,12,normal,normal,approved_on_validation,우선 점검 후보
2023-09-17,AST-2031,A2,0,0.0030911433064296,5.6711498344033105e-12,5.560931741583431e-15,MRO-70005;MRO-90011;MRO-10046,MRO-10046;MRO-10045;MRO-10047,Hydraulic Press,CHN-02,train,12,normal,normal,approved_on_validation,우선 점검 후보
2023-09-17,AST-3008,A2,0,0.003288708166013,6.615834121782059e-12,7.004720870353345e-15,MRO-70004;MRO-30011;MRO-10045,MRO-10045;MRO-10046;MRO-10047,Belt Conveyor,CHN-02,train,12,normal,normal,approved_on_validation,우선 점검 후보
2023-09-17,AST-3019,A2,0,0.0032892900492515,6.5331641947309896e-12,7.016154960458079e-15,MRO-90011;MRO-10045;MRO-10046,MRO-10045;MRO-10046;MRO-10047,Belt Conveyor,CHN-02,train,12,normal,normal,approved_on_validation,우선 점검 후보
2023-09-17,AST-4055,A2,0,0.0032494446549326,6.645608242025527e-12,6.7552864918558205e-15,MRO-10046;MRO-10045;MRO-10047,MRO-10046;MRO-10045;MRO-10047,Screw Compressor,DHR-03,train,12,normal,normal,approved_on_validation,우선 점검 후보
2023-09-17,AST-4061,A2,0,0.0032459729217058,6.612247003498598e-12,6.7176682073139015e-15,MRO-10045;MRO-10047;MRO-20031,MRO-10045;MRO-10047;MRO-20031,Screw Compressor,DHR-03,train,12,normal,normal,approved_on_validation,우선 점검 후보
2023-09-17,AST-5003,A2,0,0.0031884762734265,6.057498988600174e-12,6.094467325729206e-15,MRO-10045;MRO-10047;MRO-20031,MRO-10045;MRO-10047;MRO-20031,EOT Crane,DHR-03,train,12,normal,normal,approved_on_validation,우선 점검 후보
2023-09-17,AST-5007,A2,0,0.0033467422134983,7.042353992617158e-12,7.601073311998233e-15,MRO-70004;MRO-20031;MRO-50009,MRO-20031;MRO-50009;MRO-10045,EOT Crane,PUN-01,train,12,normal,normal,approved_on_validation,우선 점검 후보
2023-09-18,AST-1041,A2,6,6.174027272777119,0.1069178956023073,0.0681908259883722,MRO-40022;MRO-10047;MRO-20031,MRO-10047;MRO-20031;MRO-10046,CNC Lathe,PUN-01,train,12,risk,risk,approved_on_validation,우선 점검 후보
2023-09-18,AST-1042,A2,4,6.52873026540214,0.130607056601588,0.084882727539723,MRO-10047;MRO-80001;MRO-10046,MRO-10047;MRO-80001;MRO-10046,CNC Lathe,PUN-01,train,12,caution,risk,approved_on_validation,우선 점검 후보
2023-09-18,AST-2017,A2,12,8.470324833465325,0.2531073085431218,0.1841358712312501,MRO-80001;MRO-20031;MRO-10046,MRO-80001;MRO-20031;MRO-10046,Hydraulic Press,PUN-01,train,12,high_risk,risk,approved_on_validation,우선 점검 후보
2023-09-18,AST-2031,A2,8,7.170100524269755,0.1651714093243805,0.1133725277935344,MRO-20031;MRO-10047;MRO-80001,MRO-20031;MRO-10047;MRO-80001,Hydraulic Press,CHN-02,train,12,risk,risk,approved_on_validation,우선 점검 후보
2023-09-18,AST-3008,A2,0,6.46743547882963,0.1243290685975068,0.0822114705195894,MRO-10046;MRO-10047;MRO-50009,MRO-10046;MRO-10047;MRO-50009,Belt Conveyor,CHN-02,train,12,normal,risk,approved_on_validation,우선 점검 후보
2023-09-18,AST-3019,A2,10,5.415094619730831,0.0767315088487539,0.0463123015770029,MRO-50009;MRO-10045;MRO-10047,MRO-50009;MRO-10045;MRO-10047,Belt Conveyor,CHN-02,train,12,risk,caution,approved_on_validation,우선 점검 후보
2023-09-18,AST-4055,A2,4,7.737075707532949,0.2020478703515765,0.1425292189390295,MRO-10047;MRO-80001;MRO-10046,MRO-10047;MRO-80001;MRO-10046,Screw Compressor,DHR-03,train,12,caution,risk,approved_on_validation,우선 점검 후보
2023-09-18,AST-4061,A2,6,6.629362644486243,0.1341826447387283,0.0884650600340759,MRO-20031;MRO-10047;MRO-10045,MRO-20031;MRO-10047;MRO-10045,Screw Compressor,DHR-03,train,12,risk,risk,approved_on_validation,우선 점검 후보
2023-09-18,AST-5003,A2,2,7.2545575368071,0.1689820628233795,0.1159762214021733,MRO-20031;MRO-50009;MRO-10045,MRO-20031;MRO-50009;MRO-10045,EOT Crane,DHR-03,train,12,caution,risk,approved_on_validation,우선 점검 후보
2023-09-18,AST-5007,A2,6,5.425339867980456,0.0742319870684787,0.0448811676756457,MRO-50009;MRO-10047;MRO-10045,MRO-50009;MRO-10047;MRO-10045,EOT Crane,PUN-01,train,12,risk,caution,approved_on_validation,우선 점검 후보
2023-09-19,AST-1041,A2,8,7.085017454021014,0.1606959335149121,0.1099441341772674,MRO-80001;MRO-10047;MRO-20031,MRO-80001;MRO-10047;MRO-20031,CNC Lathe,PUN-01,train,12,risk,risk,approved_on_validation,우선 점검 후보
2023-09-19,AST-1042,A2,10,6.217877395886363,0.1141201951427169,0.0720702227047137,MRO-20031;MRO-50009;MRO-10047,MRO-20031;MRO-50009;MRO-10047,CNC Lathe,PUN-01,train,12,risk,risk,approved_on_validation,우선 점검 후보
2023-09-19,AST-2017,A2,26,8.991511126487062,0.2925802875611123,0.2183841607162221,MRO-80001;MRO-10045;MRO-50009,MRO-80001;MRO-10045;MRO-50009,Hydraulic Press,PUN-01,train,12,high_risk,risk,approved_on_validation,우선 점검 후보
2023-09-19,AST-2031,A2,4,7.105792818236648,0.1609251427816882,0.1095045145097538,MRO-10046;MRO-80001;MRO-20031,MRO-10046;MRO-80001;MRO-20031,Hydraulic Press,CHN-02,train,12,caution,risk,approved_on_validation,우선 점검 후보
2023-09-19,AST-3008,A2,6,6.207668706719062,0.1112026608666001,0.0719685906655692,MRO-10045;MRO-10046;MRO-20031,MRO-10045;MRO-10046;MRO-20031,Belt Conveyor,CHN-02,train,12,risk,risk,approved_on_validation,우선 점검 후보
2023-09-19,AST-3019,A2,17,6.441861635273458,0.1248871533863767,0.0817162002367379,MRO-10047;MRO-10045;MRO-50009,MRO-10047;MRO-10045;MRO-50009,Belt Conveyor,CHN-02,train,12,high_risk,risk,approved_on_validation,우선 점검 후보
2023-09-19,AST-4055,A2,9,8.303093890580874,0.2399443696786433,0.1750156265483579,MRO-10046;MRO-10047;MRO-80001,MRO-10046;MRO-10047;MRO-80001,Screw Compressor,DHR-03,train,12,risk,risk,approved_on_validation,우선 점검 후보
2023-09-19,AST-4061,A2,3,6.424374571054434,0.1238952274818028,0.0806703121315782,MRO-20031;MRO-10047;MRO-10045,MRO-20031;MRO-10047;MRO-10045,Screw Compressor,DHR-03,train,12,caution,risk,approved_on_validation,우선 점검 후보
2023-09-19,AST-5003,A2,11,8.397268763820591,0.2462094867441931,0.1795619587429205,MRO-10045;MRO-10047;MRO-20031,MRO-10045;MRO-10047;MRO-20031,EOT Crane,DHR-03,train,12,risk,risk,approved_on_validation,우선 점검 후보
2023-09-19,AST-5007,A2,0,5.847582033523647,0.0932683225825885,0.0585135390208197,MRO-50009;MRO-10047;MRO-20031,MRO-50009;MRO-10047;MRO-20031,EOT Crane,PUN-01,train,12,normal,caution,approved_on_validation,우선 점검 후보
2023-09-20,AST-1041,A2,5,6.418501363706664,0.1223860886509198,0.0801073202127172,MRO-80001;MRO-10047;MRO-20031,MRO-80001;MRO-10047;MRO-20031,CNC Lathe,PUN-01,train,12,caution,risk,approved_on_validation,우선 점검 후보
2023-09-20,AST-1042,A2,10,5.798082032422975,0.0902785604138124,0.057117814722938,MRO-70004;MRO-10047;MRO-10045,MRO-10047;MRO-10045;MRO-80001,CNC Lathe,PUN-01,train,12,risk,caution,approved_on_validation,우선 점검 후보
2023-09-20,AST-2017,A2,5,7.75834592770002,0.2062646895136466,0.1426684094656117,MRO-20031;MRO-80001;MRO-50009,MRO-20031;MRO-80001;MRO-50009,Hydraulic Press,PUN-01,train,12,caution,risk,approved_on_validation,우선 점검 후보
2023-09-20,AST-2031,A2,12,7.958422373974539,0.2221980267214263,0.1548067777723313,MRO-50009;MRO-10046;MRO-10047,MRO-50009;MRO-10046;MRO-10047,Hydraulic Press,CHN-02,train,12,high_risk,risk,approved_on_validation,우선 점검 후보
2023-09-20,AST-3008,A2,4,6.0410436585884355,0.1068782574680734,0.0667568157356515,MRO-10045;MRO-80001;MRO-50009,MRO-10045;MRO-80001;MRO-50009,Belt Conveyor,CHN-02,train,12,caution,risk,approved_on_validation,우선 점검 후보
2023-09-20,AST-3019,A2,4,5.343570123092763,0.0744598313718619,0.0434883999587177,MRO-10045;MRO-20031;MRO-10047,MRO-10045;MRO-20031;MRO-10047,Belt Conveyor,CHN-02,train,12,caution,caution,approved_on_validation,우선 점검 후보
2023-09-20,AST-4055,A2,0,5.831454027024201,0.0939163919434125,0.057173641293462,MRO-10046;MRO-10047;MRO-80001,MRO-10046;MRO-10047;MRO-80001,Screw Compressor,DHR-03,train,12,normal,risk,approved_on_validation,우선 점검 후보
2023-09-20,AST-4061,A2,7,6.813393142999651,0.1451412533189527,0.0974779394976393,MRO-20031;MRO-10047;MRO-10046,MRO-20031;MRO-10047;MRO-10046,Screw Compressor,DHR-03,train,12,risk,risk,approved_on_validation,우선 점검 후보
2023-09-20,AST-5003,A2,6,6.8511839914499655,0.1499607424539313,0.0963368624548321,MRO-10046;MRO-10045;MRO-50008,MRO-10046;MRO-10045;MRO-50009,EOT Crane,DHR-03,train,12,risk,risk,approved_on_validation,우선 점검 후보
2023-09-20,AST-5007,A2,0,5.523494781349789,0.0795257714812899,0.0482316310178238,MRO-20031;MRO-50009;MRO-10046,MRO-20031;MRO-50009;MRO-10046,EOT Crane,PUN-01,train,12,normal,caution,approved_on_validation,우선 점검 후보
2023-09-21,AST-1041,A2,7,6.330228593538357,0.1188151340459206,0.076669386692489,MRO-80001;MRO-10047;MRO-20031,MRO-80001;MRO-10047;MRO-20031,CNC Lathe,PUN-01,train,12,risk,risk,approved_on_validation,우선 점검 후보
2023-09-21,AST-1042,A2,9,6.050949573899398,0.1035930641487894,0.0664226392237001,MRO-80001;MRO-10047;MRO-70004,MRO-80001;MRO-10047;MRO-10045,CNC Lathe,PUN-01,train,12,risk,risk,approved_on_validation,우선 점검 후보
2023-09-21,AST-2017,A2,12,8.63658706329953,0.2666434734196013,0.195759181525562,MRO-20031;MRO-10045;MRO-10046,MRO-20031;MRO-10045;MRO-10046,Hydraulic Press,PUN-01,train,12,high_risk,risk,approved_on_validation,우선 점검 후보
2023-09-21,AST-2031,A2,16,8.333397566502475,0.2460655702142555,0.1764430520328104,MRO-10045;MRO-10046;MRO-10047,MRO-10045;MRO-10046;MRO-10047,Hydraulic Press,CHN-02,train,12,high_risk,risk,approved_on_validation,우선 점검 후보
2023-09-21,AST-3008,A2,12,6.180259282730624,0.1108571232385844,0.0707937851791687,MRO-50009;MRO-80001;MRO-10047,MRO-50009;MRO-80001;MRO-10047,Belt Conveyor,CHN-02,train,12,high_risk,risk,approved_on_validation,우선 점검 후보
2023-09-21,AST-3019,A2,8,5.480279826222024,0.0805932077402038,0.0475891006004431,MRO-20031;MRO-10047;MRO-50009,MRO-20031;MRO-10047;MRO-50009,Belt Conveyor,CHN-02,train,12,risk,caution,approved_on_validation,우선 점검 후보
2023-09-21,AST-4055,A2,0,5.7695444416291295,0.0897842686866596,0.0543406433032325,MRO-40022;MRO-80001;MRO-10047,MRO-80001;MRO-10047;MRO-10045,Screw Compressor,DHR-03,train,12,normal,caution,approved_on_validation,우선 점검 후보
2023-09-21,AST-4061,A2,7,7.135725293722051,0.1638371583417585,0.1101004864964219,MRO-10045;MRO-10046;MRO-20031,MRO-10045;MRO-10046;MRO-20031,Screw Compressor,DHR-03,train,12,risk,risk,approved_on_validation,우선 점검 후보
2023-09-21,AST-5003,A2,18,8.78787785810698,0.2819862619582162,0.2029575682946398,MRO-10046;MRO-10045;MRO-50008,MRO-10046;MRO-10045;MRO-50009,EOT Crane,DHR-03,train,12,high_risk,risk,approved_on_validation,우선 점검 후보
2023-09-21,AST-5007,A2,7,6.078516792045844,0.106552164590415,0.0673464534288477,MRO-20031;MRO-50009;MRO-10047,MRO-20031;MRO-50009;MRO-10047,EOT Crane,PUN-01,train,12,risk,risk,approved_on_validation,우선 점검 후보
2023-09-22,AST-1041,A2,4,6.694827945688381,0.1375128366570484,0.0917359084900257,MRO-50009;MRO-10047;MRO-20031,MRO-50009;MRO-10047;MRO-20031,CNC Lathe,PUN-01,train,12,caution,risk,approved_on_validation,우선 점검 후보
2023-09-22,AST-1042,A2,3,6.1053255692563235,0.1055837610406525,0.0669667603381808,MRO-10047;MRO-10046;MRO-50009,MRO-10047;MRO-10046;MRO-50009,CNC Lathe,PUN-01,train,12,caution,risk,approved_on_validation,우선 점검 후보
2023-09-22,AST-2017,A2,8,8.472294630546436,0.2526590902365192,0.1856399937766148,MRO-80001;MRO-10047;MRO-20031,MRO-80001;MRO-10047;MRO-20031,Hydraulic Press,PUN-01,train,12,risk,risk,approved_on_validation,우선 점검 후보
2023-09-22,AST-2031,A2,15,8.033521114788728,0.220373945585238,0.1594223912410825,MRO-10046;MRO-80001;MRO-50009,MRO-10046;MRO-80001;MRO-50009,Hydraulic Press,CHN-02,train,12,high_risk,risk,approved_on_validation,우선 점검 후보
2023-09-22,AST-3008,A2,2,6.794530688799801,0.1445713628519208,0.0956799108950074,MRO-20031;MRO-50009;MRO-10047,MRO-20031;MRO-50009;MRO-10047,Belt Conveyor,CHN-02,train,12,caution,risk,approved_on_validation,우선 점검 후보
2023-09-22,AST-3019,A2,6,5.075235704985558,0.0639948086884529,0.0366652010192851,MRO-10047;MRO-80001;MRO-10046,MRO-10047;MRO-80001;MRO-10046,Belt Conveyor,CHN-02,train,12,risk,caution,approved_on_validation,우선 점검 후보
2023-09-22,AST-4055,A2,7,7.536090079322809,0.1879293161337552,0.1324850267989849,MRO-10047;MRO-80001;MRO-50009,MRO-10047;MRO-80001;MRO-50009,Screw Compressor,DHR-03,train,12,risk,risk,approved_on_validation,우선 점검 후보
2023-09-22,AST-4061,A2,0,6.709113277010012,0.140012025978436,0.0927300296293993,MRO-10046;MRO-10045;MRO-20031,MRO-10046;MRO-10045;MRO-20031,Screw Compressor,DHR-03,train,12,normal,risk,approved_on_validation,우선 점검 후보
2023-09-22,AST-5003,A2,6,6.65313177087176,0.1367472628754148,0.0905344466435321,MRO-10047;MRO-50009;MRO-20031,MRO-10047;MRO-50009;MRO-20031,EOT Crane,DHR-03,train,12,risk,risk,approved_on_validation,우선 점검 후보
2023-09-22,AST-5007,A2,4,5.88422722018379,0.094135263295119,0.0591006222699133,MRO-50009;MRO-80001;MRO-60015,MRO-50009;MRO-80001;MRO-10047,EOT Crane,PUN-01,train,12,caution,risk,approved_on_validation,우선 점검 후보
2023-09-23,AST-1041,A2,0,0.0032318114085055,6.544593994371845e-12,6.6143576908278205e-15,MRO-10045;MRO-10046;MRO-10047,MRO-10045;MRO-10046;MRO-10047,CNC Lathe,PUN-01,train,12,normal,normal,approved_on_validation,우선 점검 후보
2023-09-23,AST-1042,A2,0,0.0033830818756878,8.0435160852243e-12,8.257932733570368e-15,MRO-10047;MRO-40022;MRO-10046,MRO-10047;MRO-10046;MRO-20031,CNC Lathe,PUN-01,train,12,normal,normal,approved_on_validation,우선 점검 후보
2023-09-23,AST-2017,A2,0,0.0035862464965059,7.002455515476546e-12,8.408324597908363e-15,MRO-80002;MRO-20032;MRO-60015,MRO-80002;MRO-10046;MRO-10045,Hydraulic Press,PUN-01,train,12,normal,normal,approved_on_validation,우선 점검 후보
2023-09-23,AST-2031,A2,0,0.0034099688849613,9.019881434616312e-12,9.078050642197864e-15,MRO-80001;MRO-10045;MRO-10046,MRO-80001;MRO-10045;MRO-10046,Hydraulic Press,CHN-02,train,12,normal,normal,approved_on_validation,우선 점검 후보
2023-09-23,AST-3008,A2,0,0.0033338287887965,6.587644224825173e-12,7.285408476745811e-15,MRO-20032;MRO-70004;MRO-30011,MRO-10045;MRO-10046;MRO-50009,Belt Conveyor,CHN-02,train,12,normal,normal,approved_on_validation,우선 점검 후보
2023-09-23,AST-3019,A2,0,0.0034783695562455,9.916170276018863e-12,1.0022648564022175e-14,MRO-10045;MRO-10047;MRO-10046,MRO-10045;MRO-10047;MRO-10046,Belt Conveyor,CHN-02,train,12,normal,normal,approved_on_validation,우선 점검 후보
2023-09-23,AST-4055,A2,0,0.0032444604897125,6.592133095150622e-12,6.697060953978181e-15,MRO-10045;MRO-10047;MRO-20031,MRO-10045;MRO-10047;MRO-20031,Screw Compressor,DHR-03,train,12,normal,normal,approved_on_validation,우선 점검 후보
2023-09-23,AST-4061,A2,0,0.003246827398678,6.62723038608259e-12,6.730770093544757e-15,MRO-10046;MRO-10047;MRO-20031,MRO-10046;MRO-10047;MRO-20031,Screw Compressor,DHR-03,train,12,normal,normal,approved_on_validation,우선 점검 후보
2023-09-23,AST-5003,A2,0,0.0032489443264381,6.643683686283809e-12,6.752663298939933e-15,MRO-10046;MRO-20031;MRO-50009,MRO-10046;MRO-20031;MRO-50009,EOT Crane,DHR-03,train,12,normal,normal,approved_on_validation,우선 점검 후보
2023-09-23,AST-5007,A2,0,0.0032758005220236,6.8054312490912536e-12,6.946204094142181e-15,MRO-20031;MRO-80002;MRO-90011,MRO-20031;MRO-10045;MRO-10046,EOT Crane,PUN-01,train,12,normal,normal,approved_on_validation,우선 점검 후보
2023-09-24,AST-1041,A2,0,0.003235153096001,6.5742171744754635e-12,6.6496525047878325e-15,MRO-10045;MRO-10046;MRO-10047,MRO-10045;MRO-10046;MRO-10047,CNC Lathe,PUN-01,train,12,normal,normal,approved_on_validation,우선 점검 후보
2023-09-24,AST-1042,A2,0,0.0032333267851407,6.529843499259439e-12,6.609233281831084e-15,MRO-10045;MRO-10046;MRO-20031,MRO-10045;MRO-10046;MRO-20031,CNC Lathe,PUN-01,train,12,normal,normal,approved_on_validation,우선 점검 후보
2023-09-24,AST-2017,A2,0,0.003252344409558,6.574560397312413e-12,6.705251917536101e-15,MRO-80002;MRO-10045;MRO-10046,MRO-10045;MRO-10046;MRO-10047,Hydraulic Press,PUN-01,train,12,normal,normal,approved_on_validation,우선 점검 후보
2023-09-24,AST-2031,A2,0,0.003844513442716,1.616859092045305e-11,1.6187414982337262e-14,MRO-10046;MRO-20031;MRO-10045,MRO-10046;MRO-20031;MRO-10045,Hydraulic Press,CHN-02,train,12,normal,normal,approved_on_validation,우선 점검 후보
2023-09-24,AST-3008,A2,0,0.0032323702642525,6.6157172608138235e-12,6.6517657434054135e-15,MRO-10045;MRO-10046;MRO-10047,MRO-10045;MRO-10046;MRO-10047,Belt Conveyor,CHN-02,train,12,normal,normal,approved_on_validation,우선 점검 후보
2023-09-24,AST-3019,A2,0,0.0032142322254127,6.50100243964341e-12,6.495051795010952e-15,MRO-10047;MRO-10046;MRO-20031,MRO-10047;MRO-10046;MRO-20031,Belt Conveyor,CHN-02,train,12,normal,normal,approved_on_validation,우선 점검 후보
2023-09-24,AST-4055,A2,0,0.0032460295414429,6.602857373915377e-12,6.711089269106803e-15,MRO-10045;MRO-10047;MRO-20031,MRO-10045;MRO-10047;MRO-20031,Screw Compressor,DHR-03,train,12,normal,normal,approved_on_validation,우선 점검 후보
2023-09-24,AST-4061,A2,0,0.0032511943871391,6.657247628449116e-12,6.770050683472836e-15,MRO-10045;MRO-10046;MRO-10047,MRO-10045;MRO-10046;MRO-10047,Screw Compressor,DHR-03,train,12,normal,normal,approved_on_validation,우선 점검 후보
2023-09-24,AST-5003,A2,0,0.003557520063252,1.0973957059282795e-11,1.0801168661766916e-14,MRO-10046;MRO-10045;MRO-50008,MRO-10046;MRO-10045;MRO-80001,EOT Crane,DHR-03,train,12,normal,normal,approved_on_validation,우선 점검 후보
2023-09-24,AST-5007,A2,0,0.003233677641399,6.574254435432941e-12,6.633733359497821e-15,MRO-10045;MRO-10046;MRO-10047,MRO-10045;MRO-10046;MRO-10047,EOT Crane,PUN-01,train,12,normal,normal,approved_on_validation,우선 점검 후보
2023-09-25,AST-1041,A2,2,6.816336717985867,0.1440568264770092,0.0962461873760213,MRO-50009;MRO-80001;MRO-10045,MRO-50009;MRO-80001;MRO-10045,CNC Lathe,PUN-01,train,12,caution,risk,approved_on_validation,우선 점검 후보
2023-09-25,AST-1042,A2,15,6.535172366679203,0.1305318345261615,0.0852508982458599,MRO-10047;MRO-80001;MRO-10045,MRO-10047;MRO-80001;MRO-10045,CNC Lathe,PUN-01,train,12,high_risk,risk,approved_on_validation,우선 점검 후보
2023-09-25,AST-2017,A2,8,7.395961541786993,0.1769958727366956,0.1240030819327443,MRO-80001;MRO-10045;MRO-10046,MRO-80001;MRO-10045;MRO-10046,Hydraulic Press,PUN-01,train,12,risk,risk,approved_on_validation,우선 점검 후보
2023-09-25,AST-2031,A2,15,8.794045419861856,0.2770634475767369,0.2057445320316211,MRO-10046;MRO-20031;MRO-10047,MRO-10046;MRO-20031;MRO-10047,Hydraulic Press,CHN-02,train,12,high_risk,risk,approved_on_validation,우선 점검 후보
2023-09-25,AST-3008,A2,1,6.722655921218958,0.1394903075728604,0.0932235470365921,MRO-10047;MRO-20031;MRO-80001,MRO-10047;MRO-20031;MRO-80001,Belt Conveyor,CHN-02,train,12,caution,risk,approved_on_validation,우선 점검 후보
2023-09-25,AST-3019,A2,2,5.987428915553157,0.0991720446234604,0.064082708225858,MRO-50009;MRO-10045;MRO-40022,MRO-50009;MRO-10045;MRO-10047,Belt Conveyor,CHN-02,train,12,caution,risk,approved_on_validation,우선 점검 후보
2023-09-25,AST-4055,A2,2,7.364624194359438,0.1796163031617917,0.1226253150756573,MRO-10046;MRO-50009;MRO-10045,MRO-10046;MRO-50009;MRO-10045,Screw Compressor,DHR-03,train,12,caution,risk,approved_on_validation,우선 점검 후보
2023-09-25,AST-4061,A2,12,6.515750241827875,0.1284150328187089,0.0838250658226065,MRO-10045;MRO-50009;MRO-80001,MRO-10045;MRO-50009;MRO-80001,Screw Compressor,DHR-03,train,12,high_risk,risk,approved_on_validation,우선 점검 후보
2023-09-25,AST-5003,A2,9,8.087137729102187,0.2231023915209047,0.1610030199716134,MRO-80001;MRO-50009;MRO-10047,MRO-80001;MRO-50009;MRO-10047,EOT Crane,DHR-03,train,12,risk,risk,approved_on_validation,우선 점검 후보
2023-09-25,AST-5007,A2,4,5.183270279515327,0.0641896015003009,0.0377266841364207,MRO-40022;MRO-20031;MRO-50009,MRO-20031;MRO-50009;MRO-10047,EOT Crane,PUN-01,train,12,caution,caution,approved_on_validation,우선 점검 후보
2023-09-26,AST-1041,A2,5,7.181247993467729,0.1643609194719177,0.1140185368347559,MRO-80001;MRO-50009;MRO-10045,MRO-80001;MRO-50009;MRO-10045,CNC Lathe,PUN-01,train,12,caution,risk,approved_on_validation,우선 점검 후보
2023-09-26,AST-1042,A2,9,6.917212534949544,0.1516801199889049,0.1024108438748698,MRO-10047;MRO-10046;MRO-50009,MRO-10047;MRO-10046;MRO-50009,CNC Lathe,PUN-01,train,12,risk,risk,approved_on_validation,우선 점검 후보
2023-09-26,AST-2017,A2,11,8.271057501415669,0.236950374926701,0.1739529095498411,MRO-80001;MRO-10045;MRO-10046,MRO-80001;MRO-10045;MRO-10046,Hydraulic Press,PUN-01,train,12,risk,risk,approved_on_validation,우선 점검 후보
2023-09-26,AST-2031,A2,14,7.775235811680147,0.2050915687240686,0.1445557709542482,MRO-80001;MRO-10046;MRO-10045,MRO-80001;MRO-10046;MRO-10045,Hydraulic Press,CHN-02,train,12,high_risk,risk,approved_on_validation,우선 점검 후보
2023-09-26,AST-3008,A2,10,7.005744435349012,0.1568990028483302,0.1068275385251752,MRO-10045;MRO-10047;MRO-20031,MRO-10045;MRO-10047;MRO-20031,Belt Conveyor,CHN-02,train,12,risk,risk,approved_on_validation,우선 점검 후보
2023-09-26,AST-3019,A2,2,5.463400075116045,0.0767182244986433,0.0464135962882542,MRO-20031;MRO-50009;MRO-80001,MRO-20031;MRO-50009;MRO-80001,Belt Conveyor,CHN-02,train,12,caution,caution,approved_on_validation,우선 점검 후보
2023-09-26,AST-4055,A2,3,7.325885776257849,0.1760680183915446,0.1209145625521602,MRO-10046;MRO-10045;MRO-10047,MRO-10046;MRO-10045;MRO-10047,Screw Compressor,DHR-03,train,12,caution,risk,approved_on_validation,우선 점검 후보
2023-09-26,AST-4061,A2,11,6.484281634604043,0.1265778824373628,0.0825584583031899,MRO-50009;MRO-20031;MRO-80001,MRO-50009;MRO-20031;MRO-80001,Screw Compressor,DHR-03,train,12,risk,risk,approved_on_validation,우선 점검 후보
2023-09-26,AST-5003,A2,4,8.139167722266635,0.2279285134952277,0.1645450324450876,MRO-10045;MRO-80001;MRO-10046,MRO-10045;MRO-80001;MRO-10046,EOT Crane,DHR-03,train,12,caution,risk,approved_on_validation,우선 점검 후보
2023-09-26,AST-5007,A2,7,5.652110477966287,0.0836689028165002,0.051407593113452,MRO-50009;MRO-10045;MRO-10047,MRO-50009;MRO-10045;MRO-10047,EOT Crane,PUN-01,train,12,risk,caution,approved_on_validation,우선 점검 후보
2023-09-27,AST-1041,A2,1,6.297838473757314,0.1143934765168541,0.0755557087940393,MRO-80001;MRO-50009;MRO-10045,MRO-80001;MRO-50009;MRO-10045,CNC Lathe,PUN-01,train,12,caution,risk,approved_on_validation,우선 점검 후보
2023-09-27,AST-1042,A2,4,6.235240469526379,0.1133789376928199,0.0727288777630342,MRO-10047;MRO-50009;MRO-10046,MRO-10047;MRO-50009;MRO-10046,CNC Lathe,PUN-01,train,12,caution,risk,approved_on_validation,우선 점검 후보
2023-09-27,AST-2017,A2,7,8.502526450389514,0.2562745690381983,0.1874356533312654,MRO-80001;MRO-10045;MRO-10046,MRO-80001;MRO-10045;MRO-10046,Hydraulic Press,PUN-01,train,12,risk,risk,approved_on_validation,우선 점검 후보
2023-09-27,AST-2031,A2,15,8.191631813339221,0.2322546383016741,0.168117265202089,MRO-20031;MRO-10046;MRO-10045,MRO-20031;MRO-10046;MRO-10045,Hydraulic Press,CHN-02,train,12,high_risk,risk,approved_on_validation,우선 점검 후보
2023-09-27,AST-3008,A2,4,6.382064809553188,0.121529916573026,0.0789259921162612,MRO-80001;MRO-10045;MRO-50009,MRO-80001;MRO-10045;MRO-50009,Belt Conveyor,CHN-02,train,12,caution,risk,approved_on_validation,우선 점검 후보
2023-09-27,AST-3019,A2,9,5.946728543805912,0.0979371970876743,0.0620476607772149,MRO-40022;MRO-20031;MRO-50009,MRO-20031;MRO-50009;MRO-80001,Belt Conveyor,CHN-02,train,12,risk,risk,approved_on_validation,우선 점검 후보
2023-09-27,AST-4055,A2,6,8.077737089759356,0.2278643293082596,0.1599126042847903,MRO-20031;MRO-50009;MRO-20033,MRO-20031;MRO-50009;MRO-10046,Screw Compressor,DHR-03,train,12,risk,risk,approved_on_validation,우선 점검 후보
2023-09-27,AST-4061,A2,6,6.649644144301154,0.135143742168822,0.0895535673013338,MRO-20031;MRO-80001;MRO-50009,MRO-20031;MRO-80001;MRO-50009,Screw Compressor,DHR-03,train,12,risk,risk,approved_on_validation,우선 점검 후보
2023-09-27,AST-5003,A2,10,7.32210124641898,0.1716673554453587,0.1189971756541547,MRO-50008;MRO-10046;MRO-80001,MRO-10046;MRO-80001;MRO-50009,EOT Crane,DHR-03,train,12,risk,risk,approved_on_validation,우선 점검 후보
2023-09-27,AST-5007,A2,11,5.696506541951332,0.0860126980548531,0.0532000250040015,MRO-50009;MRO-10045;MRO-10047,MRO-50009;MRO-10045;MRO-10047,EOT Crane,PUN-01,train,12,risk,caution,approved_on_validation,우선 점검 후보
2023-09-28,AST-1041,A2,7,6.589560035871625,0.1313760465439293,0.086976818614999,MRO-10045;MRO-80001;MRO-10047,MRO-10045;MRO-80001;MRO-10047,CNC Lathe,PUN-01,train,12,risk,risk,approved_on_validation,우선 점검 후보
2023-09-28,AST-1042,A2,0,6.503610782865341,0.1305968086320391,0.083941563829633,MRO-10047;MRO-20031;MRO-50009,MRO-10047;MRO-20031;MRO-50009,CNC Lathe,PUN-01,train,12,normal,risk,approved_on_validation,우선 점검 후보
2023-09-28,AST-2017,A2,10,8.735358645164558,0.2738094192679194,0.2011118129640036,MRO-80001;MRO-40022;MRO-10046,MRO-80001;MRO-10046;MRO-10045,Hydraulic Press,PUN-01,train,12,risk,risk,approved_on_validation,우선 점검 후보
2023-09-28,AST-2031,A2,12,9.03163636419164,0.2908543484940754,0.2218689827878036,MRO-20031;MRO-10046;MRO-10045,MRO-20031;MRO-10046;MRO-10045,Hydraulic Press,CHN-02,train,12,high_risk,risk,approved_on_validation,우선 점검 후보
2023-09-28,AST-3008,A2,2,6.312058450451932,0.1171341400155056,0.0757073228958351,MRO-50009;MRO-80001;MRO-10047,MRO-50009;MRO-80001;MRO-10047,Belt Conveyor,CHN-02,train,12,caution,risk,approved_on_validation,우선 점검 후보
2023-09-28,AST-3019,A2,11,5.719747522308805,0.088857334069799,0.0548420910144786,MRO-50009;MRO-10047;MRO-20031,MRO-50009;MRO-10047;MRO-20031,Belt Conveyor,CHN-02,train,12,risk,caution,approved_on_validation,우선 점검 후보
2023-09-28,AST-4055,A2,9,7.7791635936702095,0.2041048272202053,0.1454679926187228,MRO-10046;MRO-50009;MRO-10047,MRO-10046;MRO-50009;MRO-10047,Screw Compressor,DHR-03,train,12,risk,risk,approved_on_validation,우선 점검 후보
2023-09-28,AST-4061,A2,12,6.705721604523405,0.1399793010365976,0.0924919110132852,MRO-20031;MRO-80001;MRO-10045,MRO-20031;MRO-80001;MRO-10045,Screw Compressor,DHR-03,train,12,high_risk,risk,approved_on_validation,우선 점검 후보
2023-09-28,AST-5003,A2,8,8.051908734398872,0.2225980205544089,0.1588914907392026,MRO-10046;MRO-10047;MRO-80001,MRO-10046;MRO-10047;MRO-80001,EOT Crane,DHR-03,train,12,risk,risk,approved_on_validation,우선 점검 후보
2023-09-28,AST-5007,A2,2,4.651107842755391,0.0455085014215855,0.0253676187717716,MRO-50009;MRO-20033;MRO-50008,MRO-50009;MRO-20031;MRO-10047,EOT Crane,PUN-01,train,12,caution,caution,approved_on_validation,우선 점검 후보
2023-09-29,AST-1041,A2,18,11.338812886852256,0.4764061876629121,0.389229618981331,MRO-10046;MRO-20031;MRO-10045,MRO-10046;MRO-20031;MRO-10045,CNC Lathe,PUN-01,train,12,high_risk,high_risk,approved_on_validation,우선 점검 후보
2023-09-29,AST-1042,A2,12,6.18463491298941,0.1110024314250836,0.0705304104730718,MRO-10046;MRO-20031;MRO-50009,MRO-10046;MRO-20031;MRO-50009,CNC Lathe,PUN-01,train,12,high_risk,risk,approved_on_validation,우선 점검 후보
2023-09-29,AST-2017,A2,13,8.201915863754925,0.2353540264922411,0.1703282104918298,MRO-20031;MRO-80001;MRO-10046,MRO-20031;MRO-80001;MRO-10046,Hydraulic Press,PUN-01,train,12,high_risk,risk,approved_on_validation,우선 점검 후보
2023-09-29,AST-2031,A2,2,7.4817838057053025,0.1825957698585149,0.1296946615725117,MRO-10046;MRO-10045;MRO-80001,MRO-10046;MRO-10045;MRO-80001,Hydraulic Press,CHN-02,train,12,caution,risk,approved_on_validation,우선 점검 후보
2023-09-29,AST-3008,A2,11,6.604336951988799,0.1289402550929778,0.0881209689760125,MRO-20032;MRO-10045;MRO-80001,MRO-10045;MRO-80001;MRO-50009,Belt Conveyor,CHN-02,train,12,risk,risk,approved_on_validation,우선 점검 후보
2023-09-29,AST-3019,A2,8,5.654024906398655,0.0848254991249462,0.052887928728793,MRO-50009;MRO-20031;MRO-10045,MRO-50009;MRO-20031;MRO-10045,Belt Conveyor,CHN-02,train,12,risk,caution,approved_on_validation,우선 점검 후보
2023-09-29,AST-4055,A2,6,8.474381545815332,0.2519124649208386,0.1858739773114419,MRO-20031;MRO-10047;MRO-80001,MRO-20031;MRO-10047;MRO-80001,Screw Compressor,DHR-03,train,12,risk,risk,approved_on_validation,우선 점검 후보
2023-09-29,AST-4061,A2,6,6.536777685483846,0.1283407932615858,0.0847163625845129,MRO-50009;MRO-20031;MRO-10047,MRO-50009;MRO-20031;MRO-10047,Screw Compressor,DHR-03,train,12,risk,risk,approved_on_validation,우선 점검 후보
2023-09-29,AST-5003,A2,10,7.543842677358211,0.1886469985722646,0.1315882152992785,MRO-10045;MRO-10046;MRO-80001,MRO-10045;MRO-10046;MRO-80001,EOT Crane,DHR-03,train,12,risk,risk,approved_on_validation,우선 점검 후보
2023-09-29,AST-5007,A2,1,5.364672497211325,0.0717631136763906,0.043287119414842,MRO-10045;MRO-20031;MRO-50009,MRO-10045;MRO-20031;MRO-50009,EOT Crane,PUN-01,train,12,caution,caution,approved_on_validation,우선 점검 후보
2023-09-30,AST-1041,A2,0,0.0031291165699894,6.844772169476809e-12,6.283087096572076e-15,MRO-10045;MRO-50009;MRO-80001,MRO-10045;MRO-50009;MRO-80001,CNC Lathe,PUN-01,train,12,normal,normal,approved_on_validation,우선 점검 후보
2023-09-30,AST-1042,A2,0,0.0032675113377023,6.405758740411545e-12,6.624186229408388e-15,MRO-20033;MRO-80002;MRO-10046,MRO-10046;MRO-20031;MRO-10045,CNC Lathe,PUN-01,train,12,normal,normal,approved_on_validation,우선 점검 후보
2023-09-30,AST-2017,A2,0,0.0034306033389914,7.052341467303341e-12,7.648534131806901e-15,MRO-60015;MRO-30011;MRO-50008,MRO-60015;MRO-10046;MRO-20031,Hydraulic Press,PUN-01,train,12,normal,normal,approved_on_validation,우선 점검 후보
2023-09-30,AST-2031,A2,0,0.0032497855763106,6.845604842983461e-12,6.896074213204625e-15,MRO-10046;MRO-20031;MRO-10045,MRO-10046;MRO-20031;MRO-10045,Hydraulic Press,CHN-02,train,12,normal,normal,approved_on_validation,우선 점검 후보
2023-09-30,AST-3008,A2,0,0.0033331577174109,6.5980989894924335e-12,7.290859027483702e-15,MRO-90011;MRO-70004;MRO-30011,MRO-10045;MRO-10046;MRO-10047,Belt Conveyor,CHN-02,train,12,normal,normal,approved_on_validation,우선 점검 후보
2023-09-30,AST-3019,A2,0,0.0032040186563954,6.371907008864604e-12,6.3807432613165306e-15,MRO-10045;MRO-10046;MRO-20031,MRO-10045;MRO-10046;MRO-20031,Belt Conveyor,CHN-02,train,12,normal,normal,approved_on_validation,우선 점검 후보
2023-09-30,AST-4055,A2,0,0.0032477422901082,6.3708614692364755e-12,6.524332857633661e-15,MRO-60016;MRO-20031;MRO-10045,MRO-20031;MRO-10045;MRO-10047,Screw Compressor,DHR-03,train,12,normal,normal,approved_on_validation,우선 점검 후보
2023-09-30,AST-4061,A2,0,0.0032645651370942,6.597735852703286e-12,6.768739740262734e-15,MRO-20033;MRO-40021;MRO-50008,MRO-10046;MRO-20031;MRO-50009,Screw Compressor,DHR-03,train,12,normal,normal,approved_on_validation,우선 점검 후보
2023-09-30,AST-5003,A2,0,0.0032057793424293,6.116801708263741e-12,6.210591998900534e-15,MRO-10045;MRO-10047;MRO-80001,MRO-10045;MRO-10047;MRO-80001,EOT Crane,DHR-03,train,12,normal,normal,approved_on_validation,우선 점검 후보
2023-09-30,AST-5007,A2,0,0.00330031862682,6.574242334381985e-12,7.073588761641141e-15,MRO-70004;MRO-90012;MRO-10045,MRO-10045;MRO-10046;MRO-10047,EOT Crane,PUN-01,train,12,normal,normal,approved_on_validation,우선 점검 후보
2023-10-01,AST-1041,A2,0,0.0032427176920799,6.531136267450717e-12,6.672946833904509e-15,MRO-70004;MRO-10047;MRO-50009,MRO-10047;MRO-50009;MRO-80001,CNC Lathe,PUN-01,train,12,normal,normal,approved_on_validation,우선 점검 후보
2023-10-01,AST-1042,A2,0,0.0033810275108086,8.253968810534007e-12,8.40144966975169e-15,MRO-10047;MRO-10045;MRO-50009,MRO-10047;MRO-10045;MRO-50009,CNC Lathe,PUN-01,train,12,normal,normal,approved_on_validation,우선 점검 후보
2023-10-01,AST-2017,A2,0,0.0032193544417193,6.599105528995007e-12,6.5784246511817516e-15,MRO-70005;MRO-10045;MRO-10047,MRO-10045;MRO-10047;MRO-80001,Hydraulic Press,PUN-01,train,12,normal,normal,approved_on_validation,우선 점검 후보
2023-10-01,AST-2031,A2,0,0.0032403096218047,6.537297201461393e-12,6.646697773750885e-15,MRO-70005;MRO-10045;MRO-10047,MRO-10045;MRO-10047;MRO-50009,Hydraulic Press,CHN-02,train,12,normal,normal,approved_on_validation,우선 점검 후보
2023-10-01,AST-3008,A2,0,0.0034388997963899,6.582187173571525e-12,7.986289997955768e-15,MRO-70005;MRO-90011;MRO-70004,MRO-10045;MRO-10046;MRO-10047,Belt Conveyor,CHN-02,train,12,normal,normal,approved_on_validation,우선 점검 후보
2023-10-01,AST-3019,A2,0,0.0032150139795029,6.175964577957255e-12,6.299618405071532e-15,MRO-20032;MRO-50009;MRO-80001,MRO-50009;MRO-80001;MRO-10045,Belt Conveyor,CHN-02,train,12,normal,normal,approved_on_validation,우선 점검 후보
2023-10-01,AST-4055,A2,0,0.0032535775189079,6.6943959814393696e-12,6.7955407439509695e-15,MRO-10045;MRO-10046;MRO-10047,MRO-10045;MRO-10046;MRO-10047,Screw Compressor,DHR-03,train,12,normal,normal,approved_on_validation,우선 점검 후보
2023-10-01,AST-4061,A2,0,0.0032538366333211,6.703854782498173e-12,6.812875185859944e-15,MRO-10045;MRO-10046;MRO-10047,MRO-10045;MRO-10046;MRO-10047,Screw Compressor,DHR-03,train,12,normal,normal,approved_on_validation,우선 점검 후보
2023-10-01,AST-5003,A2,0,0.0035021246999411,7.77932571652458e-12,9.156486781468801e-15,MRO-70005;MRO-70004;MRO-10046,MRO-10046;MRO-20031;MRO-50009,EOT Crane,DHR-03,train,12,normal,normal,approved_on_validation,우선 점검 후보
2023-10-01,AST-5007,A2,0,0.0033370234606484,7.1681559144176624e-12,7.505145070877094e-15,MRO-70005;MRO-10045;MRO-10046,MRO-10045;MRO-10046;MRO-10047,EOT Crane,PUN-01,train,12,normal,normal,approved_on_validation,우선 점검 후보
2023-10-02,AST-1041,A2,4,7.854634081074446,0.2114625871633826,0.1499635151380644,MRO-10045;MRO-10047;MRO-20031,MRO-10045;MRO-10047;MRO-20031,CNC Lathe,PUN-01,train,12,caution,risk,approved_on_validation,우선 점검 후보
2023-10-02,AST-1042,A2,6,6.74319079967227,0.1411986701989454,0.0936609724138748,MRO-10047;MRO-10046;MRO-20031,MRO-10047;MRO-10046;MRO-20031,CNC Lathe,PUN-01,train,12,risk,risk,approved_on_validation,우선 점검 후보
2023-10-02,AST-2017,A2,4,8.19803424504693,0.2333891516015863,0.1695644147255069,MRO-10047;MRO-10046;MRO-80001,MRO-10047;MRO-10046;MRO-80001,Hydraulic Press,PUN-01,train,12,caution,risk,approved_on_validation,우선 점검 후보
2023-10-02,AST-2031,A2,13,7.663696512176759,0.1971652938717271,0.1388751206534872,MRO-10046;MRO-20031;MRO-50009,MRO-10046;MRO-20031;MRO-50009,Hydraulic Press,CHN-02,train,12,high_risk,risk,approved_on_validation,우선 점검 후보
2023-10-02,AST-3008,A2,7,7.4404098552668305,0.1804091179573987,0.1246994540857268,MRO-50009;MRO-40021;MRO-80002,MRO-50009;MRO-80001;MRO-10047,Belt Conveyor,CHN-02,train,12,risk,risk,approved_on_validation,우선 점검 후보
2023-10-02,AST-3019,A2,0,6.12327160106691,0.1045425718238347,0.0675745447008233,MRO-10047;MRO-80001;MRO-50009,MRO-10047;MRO-80001;MRO-50009,Belt Conveyor,CHN-02,train,12,normal,risk,approved_on_validation,우선 점검 후보
2023-10-02,AST-4055,A2,6,8.180370023654508,0.2347099565274351,0.1657690673385506,MRO-10046;MRO-20031;MRO-80001,MRO-10046;MRO-20031;MRO-80001,Screw Compressor,DHR-03,train,12,risk,risk,approved_on_validation,우선 점검 후보
2023-10-02,AST-4061,A2,12,6.666599683176984,0.1379957926687021,0.0895809458621384,MRO-10045;MRO-10047;MRO-10046,MRO-10045;MRO-10047;MRO-10046,Screw Compressor,DHR-03,train,12,high_risk,risk,approved_on_validation,우선 점검 후보
2023-10-02,AST-5003,A2,8,7.408931633213476,0.1776963192989923,0.123173973830454,MRO-20031;MRO-50009;MRO-10045,MRO-20031;MRO-50009;MRO-10045,EOT Crane,DHR-03,train,12,risk,risk,approved_on_validation,우선 점검 후보
2023-10-02,AST-5007,A2,15,6.925096101040822,0.152226126819714,0.1010557672085775,MRO-10047;MRO-50009;MRO-10046,MRO-10047;MRO-50009;MRO-10046,EOT Crane,PUN-01,train,12,high_risk,risk,approved_on_validation,우선 점검 후보
2023-10-03,AST-1041,A2,14,7.339007539263755,0.1749734437596702,0.1203677366861055,MRO-10045;MRO-20033;MRO-20031,MRO-10045;MRO-20031;MRO-10046,CNC Lathe,PUN-01,train,12,high_risk,risk,approved_on_validation,우선 점검 후보
2023-10-03,AST-1042,A2,13,8.145296812639103,0.2207880531116914,0.1651624684951075,MRO-70005;MRO-20032;MRO-90012,MRO-10047;MRO-10046;MRO-20031,CNC Lathe,PUN-01,train,12,high_risk,risk,approved_on_validation,우선 점검 후보
2023-10-03,AST-2017,A2,10,8.302868484424415,0.2409416112918817,0.1750810723392105,MRO-10046;MRO-20031;MRO-50009,MRO-10046;MRO-20031;MRO-50009,Hydraulic Press,PUN-01,train,12,risk,risk,approved_on_validation,우선 점검 후보
2023-10-03,AST-2031,A2,7,7.446474195410673,0.1829068638239242,0.1257017149726378,MRO-10045;MRO-10047;MRO-50009,MRO-10045;MRO-10047;MRO-50009,Hydraulic Press,CHN-02,train,12,risk,risk,approved_on_validation,우선 점검 후보
2023-10-03,AST-3008,A2,10,7.426751837939301,0.1809250904326628,0.1259400224060504,MRO-10045;MRO-10046;MRO-50009,MRO-10045;MRO-10046;MRO-50009,Belt Conveyor,CHN-02,train,12,risk,risk,approved_on_validation,우선 점검 후보
2023-10-03,AST-3019,A2,14,7.061529553581556,0.1565633148107778,0.1072409321004469,MRO-10047;MRO-80001;MRO-50009,MRO-10047;MRO-80001;MRO-50009,Belt Conveyor,CHN-02,train,12,high_risk,risk,approved_on_validation,우선 점검 후보
2023-10-03,AST-4055,A2,11,8.075132175890602,0.2247776108820187,0.1609191187043635,MRO-10047;MRO-80001;MRO-80002,MRO-10047;MRO-80001;MRO-10046,Screw Compressor,DHR-03,train,12,risk,risk,approved_on_validation,우선 점검 후보
2023-10-03,AST-4061,A2,10,9.30374273947389,0.3120764847730645,0.2395202796409773,MRO-10046;MRO-80001;MRO-10045,MRO-10046;MRO-80001;MRO-10045,Screw Compressor,DHR-03,train,12,risk,risk,approved_on_validation,우선 점검 후보
2023-10-03,AST-5003,A2,6,8.181221088164731,0.2309331099623441,0.1668545435734306,MRO-10045;MRO-20031;MRO-50009,MRO-10045;MRO-20031;MRO-50009,EOT Crane,DHR-03,train,12,risk,risk,approved_on_validation,우선 점검 후보
2023-10-03,AST-5007,A2,1,6.027599801842426,0.1018690655726466,0.063906280159943,MRO-40022;MRO-50009;MRO-10047,MRO-50009;MRO-10047;MRO-10045,EOT Crane,PUN-01,train,12,caution,risk,approved_on_validation,우선 점검 후보
2023-10-04,AST-1041,A2,17,10.889114633575325,0.4394028451226835,0.3553270847255212,MRO-50009;MRO-20031;MRO-80001,MRO-50009;MRO-20031;MRO-80001,CNC Lathe,PUN-01,train,12,high_risk,high_risk,approved_on_validation,우선 점검 후보
2023-10-04,AST-1042,A2,0,6.617388260846085,0.1302073897607762,0.0866569138372219,MRO-20031;MRO-50009;MRO-10045,MRO-20031;MRO-50009;MRO-10045,CNC Lathe,PUN-01,train,12,normal,risk,approved_on_validation,우선 점검 후보
2023-10-04,AST-2017,A2,14,9.848796575683496,0.351528376438163,0.278200769407479,MRO-20031;MRO-50009;MRO-70005,MRO-20031;MRO-50009;MRO-10045,Hydraulic Press,PUN-01,train,12,high_risk,risk,approved_on_validation,우선 점검 후보
2023-10-04,AST-2031,A2,2,7.527919124685781,0.187003515159601,0.1308258811044953,MRO-20031;MRO-50009;MRO-10045,MRO-20031;MRO-50009;MRO-10045,Hydraulic Press,CHN-02,train,12,caution,risk,approved_on_validation,우선 점검 후보
2023-10-04,AST-3008,A2,6,6.688323141106178,0.1370645259365519,0.090420820242468,MRO-10047;MRO-50009;MRO-10046,MRO-10047;MRO-50009;MRO-10046,Belt Conveyor,CHN-02,train,12,risk,risk,approved_on_validation,우선 점검 후보
2023-10-04,AST-3019,A2,7,6.016732910432999,0.1008534887968837,0.064556158221716,MRO-40022;MRO-10047;MRO-50009,MRO-10047;MRO-50009;MRO-80001,Belt Conveyor,CHN-02,train,12,risk,risk,approved_on_validation,우선 점검 후보
2023-10-04,AST-4055,A2,12,8.590152345022915,0.2617215954852315,0.1908364091037273,MRO-10047;MRO-80001;MRO-10045,MRO-10047;MRO-80001;MRO-10045,Screw Compressor,DHR-03,train,12,high_risk,risk,approved_on_validation,우선 점검 후보
2023-10-04,AST-4061,A2,5,6.894112171128273,0.1487269312290914,0.1003972060482931,MRO-10047;MRO-80001;MRO-10045,MRO-10047;MRO-80001;MRO-10045,Screw Compressor,DHR-03,train,12,caution,risk,approved_on_validation,우선 점검 후보
2023-10-04,AST-5003,A2,8,8.563026883957486,0.2562672811250416,0.1900438836877993,MRO-10045;MRO-20031;MRO-80001,MRO-10045;MRO-20031;MRO-80001,EOT Crane,DHR-03,train,12,risk,risk,approved_on_validation,우선 점검 후보
2023-10-04,AST-5007,A2,4,5.828035094566466,0.0915584236670031,0.0565591759238027,MRO-10047;MRO-50009;MRO-20033,MRO-10047;MRO-50009;MRO-10045,EOT Crane,PUN-01,train,12,caution,risk,approved_on_validation,우선 점검 후보
2023-10-05,AST-1041,A2,20,13.373707241842446,0.6305131843565087,0.5450314703960978,MRO-20031;MRO-50009;MRO-10046,MRO-20031;MRO-50009;MRO-10046,CNC Lathe,PUN-01,train,12,high_risk,high_risk,approved_on_validation,우선 점검 후보
2023-10-05,AST-1042,A2,18,8.17808085126154,0.2359271722884704,0.1681536686821711,MRO-80001;MRO-10046;MRO-20031,MRO-80001;MRO-10046;MRO-20031,CNC Lathe,PUN-01,train,12,high_risk,risk,approved_on_validation,우선 점검 후보
2023-10-05,AST-2017,A2,12,7.910364005516897,0.2117584526458916,0.1500183634115261,MRO-50009;MRO-40022;MRO-60016,MRO-50009;MRO-10046;MRO-20031,Hydraulic Press,PUN-01,train,12,high_risk,risk,approved_on_validation,우선 점검 후보
2023-10-05,AST-2031,A2,8,7.70404411705294,0.1993298231293335,0.1406691135169493,MRO-20031;MRO-10046;MRO-50009,MRO-20031;MRO-10046;MRO-50009,Hydraulic Press,CHN-02,train,12,risk,risk,approved_on_validation,우선 점검 후보
2023-10-05,AST-3008,A2,7,6.765263170182134,0.1348073027624571,0.093093325878133,MRO-70004;MRO-20031;MRO-80001,MRO-20031;MRO-80001;MRO-10045,Belt Conveyor,CHN-02,train,12,risk,risk,approved_on_validation,우선 점검 후보
2023-10-05,AST-3019,A2,6,5.891881130472864,0.0965982132646799,0.0607433852291123,MRO-10047;MRO-80001;MRO-50009,MRO-10047;MRO-80001;MRO-50009,Belt Conveyor,CHN-02,train,12,risk,risk,approved_on_validation,우선 점검 후보
2023-10-05,AST-4055,A2,11,8.957158115720016,0.2895909782436727,0.2159507671111076,MRO-10045;MRO-80001;MRO-10047,MRO-10045;MRO-80001;MRO-10047,Screw Compressor,DHR-03,train,12,risk,risk,approved_on_validation,우선 점검 후보
2023-10-05,AST-4061,A2,8,6.781269813651474,0.1412586562134721,0.0940884564516625,MRO-10047;MRO-10046;MRO-80001,MRO-10047;MRO-10046;MRO-80001,Screw Compressor,DHR-03,train,12,risk,risk,approved_on_validation,우선 점검 후보
2023-10-05,AST-5003,A2,10,8.192103396206923,0.2316602003119279,0.167125137547898,MRO-10045;MRO-20031;MRO-50009,MRO-10045;MRO-20031;MRO-50009,EOT Crane,DHR-03,train,12,risk,risk,approved_on_validation,우선 점검 후보
2023-10-05,AST-5007,A2,0,5.625393556971784,0.0815246525972825,0.0503958310253026,MRO-10047;MRO-50009;MRO-10045,MRO-10047;MRO-50009;MRO-10045,EOT Crane,PUN-01,train,12,normal,caution,approved_on_validation,우선 점검 후보
2023-10-06,AST-1041,A2,5,7.45836623246528,0.18104400394786,0.1256825668382534,MRO-50009;MRO-80001;MRO-40021,MRO-50009;MRO-80001;MRO-10047,CNC Lathe,PUN-01,train,12,caution,risk,approved_on_validation,우선 점검 후보
2023-10-06,AST-1042,A2,6,6.618562158291003,0.1331391494428184,0.0870222845032857,MRO-20031;MRO-50009;MRO-60015,MRO-20031;MRO-50009;MRO-10045,CNC Lathe,PUN-01,train,12,risk,risk,approved_on_validation,우선 점검 후보
2023-10-06,AST-2017,A2,4,8.011441955204278,0.220060299854316,0.1575478362843747,MRO-20031;MRO-40022;MRO-10045,MRO-20031;MRO-10045;MRO-10046,Hydraulic Press,PUN-01,train,12,caution,risk,approved_on_validation,우선 점검 후보
2023-10-06,AST-2031,A2,25,10.267009625692127,0.3829051193763743,0.3077927457450601,MRO-50009;MRO-10047;MRO-10045,MRO-50009;MRO-10047;MRO-10045,Hydraulic Press,CHN-02,train,12,high_risk,risk,approved_on_validation,우선 점검 후보
2023-10-06,AST-3008,A2,0,7.148661596126997,0.1640042854303923,0.1115565892652925,MRO-10046;MRO-50009;MRO-10047,MRO-10046;MRO-50009;MRO-10047,Belt Conveyor,CHN-02,train,12,normal,risk,approved_on_validation,우선 점검 후보
2023-10-06,AST-3019,A2,6,5.869952800971753,0.0968112048204141,0.059732412683774,MRO-20031;MRO-80001;MRO-10047,MRO-20031;MRO-80001;MRO-10047,Belt Conveyor,CHN-02,train,12,risk,risk,approved_on_validation,우선 점검 후보
2023-10-06,AST-4055,A2,7,8.876003342893435,0.2835318948203196,0.2104299698792715,MRO-20031;MRO-10047;MRO-80001,MRO-20031;MRO-10047;MRO-80001,Screw Compressor,DHR-03,train,12,risk,risk,approved_on_validation,우선 점검 후보
2023-10-06,AST-4061,A2,3,7.114236192215322,0.1611304222897377,0.1093257206901662,MRO-80001;MRO-10045;MRO-10046,MRO-80001;MRO-10045;MRO-10046,Screw Compressor,DHR-03,train,12,caution,risk,approved_on_validation,우선 점검 후보
2023-10-06,AST-5003,A2,6,8.206512691709563,0.2367792820811995,0.1722815182687041,MRO-80001;MRO-10045;MRO-20031,MRO-80001;MRO-10045;MRO-20031,EOT Crane,DHR-03,train,12,risk,risk,approved_on_validation,우선 점검 후보
2023-10-06,AST-5007,A2,13,5.662389986857904,0.083742001273868,0.0514812674747852,MRO-10046;MRO-10047;MRO-50009,MRO-10046;MRO-10047;MRO-50009,EOT Crane,PUN-01,train,12,high_risk,caution,approved_on_validation,우선 점검 후보
2023-10-07,AST-1041,A2,0,0.0032278611841553,6.501651405580735e-12,6.55871038124957e-15,MRO-10045;MRO-50009;MRO-30011,MRO-10045;MRO-50009;MRO-10046,CNC Lathe,PUN-01,train,12,normal,normal,approved_on_validation,우선 점검 후보
2023-10-07,AST-1042,A2,0,0.003501990138448,1.0035644835945931e-11,1.0218027128345807e-14,MRO-10047;MRO-10046;MRO-10045,MRO-10047;MRO-10046;MRO-10045,CNC Lathe,PUN-01,train,12,normal,normal,approved_on_validation,우선 점검 후보
2023-10-07,AST-2017,A2,0,0.0033306034542759,7.40982709857983e-12,7.625831050634397e-15,MRO-20031;MRO-50009;MRO-30012,MRO-20031;MRO-50009;MRO-80001,Hydraulic Press,PUN-01,train,12,normal,normal,approved_on_validation,우선 점검 후보
2023-10-07,AST-2031,A2,0,0.0032713944290565,6.8436963241950906e-12,6.982958630181164e-15,MRO-20033;MRO-10046;MRO-70005,MRO-10046;MRO-20031;MRO-10045,Hydraulic Press,CHN-02,train,12,normal,normal,approved_on_validation,우선 점검 후보
2023-10-07,AST-3008,A2,0,0.0033717924259577,6.6896199043720416e-12,7.583808877609139e-15,MRO-70005;MRO-10046;MRO-10047,MRO-10046;MRO-10047;MRO-20031,Belt Conveyor,CHN-02,train,12,normal,normal,approved_on_validation,우선 점검 후보
2023-10-07,AST-3019,A2,0,0.0033215655871339,6.76246011736494e-12,7.282400895431429e-15,MRO-70005;MRO-10046;MRO-60016,MRO-10046;MRO-10045;MRO-10047,Belt Conveyor,CHN-02,train,12,normal,normal,approved_on_validation,우선 점검 후보
2023-10-07,AST-4055,A2,0,0.0032528146751652,6.669262354774744e-12,6.781877520987355e-15,MRO-10046;MRO-10047;MRO-50009,MRO-10046;MRO-10047;MRO-50009,Screw Compressor,DHR-03,train,12,normal,normal,approved_on_validation,우선 점검 후보
2023-10-07,AST-4061,A2,0,0.0032352259895689,6.5665320581286185e-12,6.6402479797609106e-15,MRO-10045;MRO-10046;MRO-20031,MRO-10045;MRO-10046;MRO-20031,Screw Compressor,DHR-03,train,12,normal,normal,approved_on_validation,우선 점검 후보
2023-10-07,AST-5003,A2,0,0.0036096333910754,7.766102036897399e-12,9.50025713402918e-15,MRO-70005;MRO-30012;MRO-30011,MRO-80001;MRO-10045;MRO-10046,EOT Crane,DHR-03,train,12,normal,normal,approved_on_validation,우선 점검 후보
2023-10-07,AST-5007,A2,0,0.0032342731112504,6.567280379920199e-12,6.622900180062556e-15,MRO-10045;MRO-50009;MRO-80001,MRO-10045;MRO-50009;MRO-80001,EOT Crane,PUN-01,train,12,normal,normal,approved_on_validation,우선 점검 후보
2023-10-08,AST-1041,A2,0,0.0032378188288594,6.620316901292175e-12,6.679627372500097e-15,MRO-10045;MRO-10046;MRO-10047,MRO-10045;MRO-10046;MRO-10047,CNC Lathe,PUN-01,train,12,normal,normal,approved_on_validation,우선 점검 후보
2023-10-08,AST-1042,A2,0,0.0033659112949489,8.107683330310688e-12,8.227003043716712e-15,MRO-10046;MRO-10047;MRO-20031,MRO-10046;MRO-10047;MRO-20031,CNC Lathe,PUN-01,train,12,normal,normal,approved_on_validation,우선 점검 후보
2023-10-08,AST-2017,A2,0,0.0032706932530417,6.606716500863896e-12,6.8030622540761746e-15,MRO-60015;MRO-70005;MRO-10045,MRO-10045;MRO-10046;MRO-10047,Hydraulic Press,PUN-01,train,12,normal,normal,approved_on_validation,우선 점검 후보
2023-10-08,AST-2031,A2,0,0.0035948403192759,1.2707836965634714e-11,1.2482345946422042e-14,MRO-10046;MRO-10047;MRO-80001,MRO-10046;MRO-10047;MRO-80001,Hydraulic Press,CHN-02,train,12,normal,normal,approved_on_validation,우선 점검 후보
2023-10-08,AST-3008,A2,0,0.0033557141607623,6.596290338462615e-12,7.441914252289486e-15,MRO-70005;MRO-10045;MRO-10046,MRO-10045;MRO-10046;MRO-10047,Belt Conveyor,CHN-02,train,12,normal,normal,approved_on_validation,우선 점검 후보
2023-10-08,AST-3019,A2,0,0.0032402974633874,6.613344991330058e-12,6.6854317342241655e-15,MRO-10045;MRO-10047;MRO-20031,MRO-10045;MRO-10047;MRO-20031,Belt Conveyor,CHN-02,train,12,normal,normal,approved_on_validation,우선 점검 후보
2023-10-08,AST-4055,A2,0,0.0032551217750064,6.687197040204036e-12,6.803406990647437e-15,MRO-10045;MRO-10046;MRO-10047,MRO-10045;MRO-10046;MRO-10047,Screw Compressor,DHR-03,train,12,normal,normal,approved_on_validation,우선 점검 후보
2023-10-08,AST-4061,A2,0,0.0032431195062483,6.620354517067259e-12,6.708412327636556e-15,MRO-10045;MRO-10046;MRO-10047,MRO-10045;MRO-10046;MRO-10047,Screw Compressor,DHR-03,train,12,normal,normal,approved_on_validation,우선 점검 후보
2023-10-08,AST-5003,A2,0,0.0034163866928378,6.946004448592808e-12,7.988763538306026e-15,MRO-70005;MRO-50008;MRO-80001,MRO-80001;MRO-10045;MRO-10046,EOT Crane,DHR-03,train,12,normal,normal,approved_on_validation,우선 점검 후보
2023-10-08,AST-5007,A2,0,0.0033839585784931,7.337016905295357e-12,8.050986151824031e-15,MRO-70005;MRO-10046;MRO-10047,MRO-10046;MRO-10047;MRO-20031,EOT Crane,PUN-01,train,12,normal,normal,approved_on_validation,우선 점검 후보
2023-10-09,AST-1041,A2,6,7.350986969387946,0.1779793493359996,0.1217423390915293,MRO-80001;MRO-10047;MRO-20031,MRO-80001;MRO-10047;MRO-20031,CNC Lathe,PUN-01,train,12,risk,risk,approved_on_validation,우선 점검 후보
2023-10-09,AST-1042,A2,15,7.027203074216556,0.1582274955923823,0.1064582828631325,MRO-10046;MRO-10045;MRO-20031,MRO-10046;MRO-10045;MRO-20031,CNC Lathe,PUN-01,train,12,high_risk,risk,approved_on_validation,우선 점검 후보
2023-10-09,AST-2017,A2,10,8.619639526487326,0.26289171450741,0.1937286471476826,MRO-20031;MRO-50009;MRO-80001,MRO-20031;MRO-50009;MRO-80001,Hydraulic Press,PUN-01,train,12,risk,risk,approved_on_validation,우선 점검 후보
2023-10-09,AST-2031,A2,10,8.320034041940502,0.2409356752769927,0.1726359143231981,MRO-10045;MRO-50009;MRO-10047,MRO-10045;MRO-50009;MRO-10047,Hydraulic Press,CHN-02,train,12,risk,risk,approved_on_validation,우선 점검 후보
2023-10-09,AST-3008,A2,12,7.207291703696238,0.167392430655929,0.1142838761431702,MRO-10047;MRO-10046;MRO-10045,MRO-10047;MRO-10046;MRO-10045,Belt Conveyor,CHN-02,train,12,high_risk,risk,approved_on_validation,우선 점검 후보
2023-10-09,AST-3019,A2,2,5.9565416499076695,0.0995100515332932,0.062980469813226,MRO-80001;MRO-20031;MRO-10046,MRO-80001;MRO-20031;MRO-10046,Belt Conveyor,CHN-02,train,12,caution,risk,approved_on_validation,우선 점검 후보
2023-10-09,AST-4055,A2,9,8.554387852034811,0.2534733928616841,0.1900344323758677,MRO-80002;MRO-70005;MRO-10045,MRO-10045;MRO-20031;MRO-50009,Screw Compressor,DHR-03,train,12,risk,risk,approved_on_validation,우선 점검 후보
2023-10-09,AST-4061,A2,6,6.486005002426422,0.12540319053849,0.0814787215139206,MRO-10047;MRO-50009;MRO-10046,MRO-10047;MRO-50009;MRO-10046,Screw Compressor,DHR-03,train,12,risk,risk,approved_on_validation,우선 점검 후보
2023-10-09,AST-5003,A2,18,8.099979457406038,0.2253269833624125,0.1624547726550503,MRO-10047;MRO-20031;MRO-80001,MRO-10047;MRO-20031;MRO-80001,EOT Crane,DHR-03,train,12,high_risk,risk,approved_on_validation,우선 점검 후보
2023-10-09,AST-5007,A2,2,6.0720495121414375,0.1034532841531951,0.0657647855522385,MRO-10047;MRO-10046;MRO-40022,MRO-10047;MRO-10046;MRO-50009,EOT Crane,PUN-01,train,12,caution,risk,approved_on_validation,우선 점검 후보
2023-10-10,AST-1041,A2,16,7.867568061026183,0.2097143533707744,0.1503781975192182,MRO-50009;MRO-20031;MRO-80001,MRO-50009;MRO-20031;MRO-80001,CNC Lathe,PUN-01,train,12,high_risk,risk,approved_on_validation,우선 점검 후보
2023-10-10,AST-1042,A2,7,6.9981761297641025,0.1570081926314247,0.1053532454564116,MRO-10047;MRO-10045;MRO-80001,MRO-10047;MRO-10045;MRO-80001,CNC Lathe,PUN-01,train,12,risk,risk,approved_on_validation,우선 점검 후보
2023-10-10,AST-2017,A2,10,7.815353052928623,0.2047917745559646,0.1466864613430402,MRO-10046;MRO-10047;MRO-80001,MRO-10046;MRO-10047;MRO-80001,Hydraulic Press,PUN-01,train,12,risk,risk,approved_on_validation,우선 점검 후보
2023-10-10,AST-2031,A2,2,6.777407544032903,0.1416377873419499,0.0949796971945082,MRO-10047;MRO-10045;MRO-50009,MRO-10047;MRO-10045;MRO-50009,Hydraulic Press,CHN-02,train,12,caution,risk,approved_on_validation,우선 점검 후보
2023-10-10,AST-3008,A2,4,7.364345333780365,0.1774200303565396,0.1221522726702441,MRO-10045;MRO-20031;MRO-50009,MRO-10045;MRO-20031;MRO-50009,Belt Conveyor,CHN-02,train,12,caution,risk,approved_on_validation,우선 점검 후보
2023-10-10,AST-3019,A2,8,6.192313551324661,0.1096353098539627,0.0707384340562871,MRO-80001;MRO-20031;MRO-10046,MRO-80001;MRO-20031;MRO-10046,Belt Conveyor,CHN-02,train,12,risk,risk,approved_on_validation,우선 점검 후보
2023-10-10,AST-4055,A2,6,9.99979487136137,0.3676609216165902,0.2867970145781259,MRO-10046;MRO-20031;MRO-10047,MRO-10046;MRO-20031;MRO-10047,Screw Compressor,DHR-03,train,12,risk,risk,approved_on_validation,우선 점검 후보
2023-10-10,AST-4061,A2,6,6.401446443387452,0.1205963236086633,0.0781144861713998,MRO-40022;MRO-10047;MRO-10046,MRO-10047;MRO-10046;MRO-80001,Screw Compressor,DHR-03,train,12,risk,risk,approved_on_validation,우선 점검 후보
2023-10-10,AST-5003,A2,5,7.954855714304927,0.2153338310507447,0.1540347432876778,MRO-80001;MRO-20031;MRO-50009,MRO-80001;MRO-20031;MRO-50009,EOT Crane,DHR-03,train,12,caution,risk,approved_on_validation,우선 점검 후보
2023-10-10,AST-5007,A2,1,5.608381406338672,0.0813242504168881,0.0501581074875957,MRO-10047;MRO-10046;MRO-80002,MRO-10047;MRO-10046;MRO-50009,EOT Crane,PUN-01,train,12,caution,caution,approved_on_validation,우선 점검 후보
2023-10-11,AST-1041,A2,2,7.189844101655871,0.1639645904895176,0.1140981287981715,MRO-50009;MRO-80001;MRO-10045,MRO-50009;MRO-80001;MRO-10045,CNC Lathe,PUN-01,train,12,caution,risk,approved_on_validation,우선 점검 후보
2023-10-11,AST-1042,A2,5,6.63314559750225,0.1339809603355764,0.0885908066590947,MRO-50009;MRO-10045;MRO-20031,MRO-50009;MRO-10045;MRO-20031,CNC Lathe,PUN-01,train,12,caution,risk,approved_on_validation,우선 점검 후보
2023-10-11,AST-2017,A2,20,13.816090211765404,0.6546834552628071,0.5792854114118253,MRO-10045;MRO-80001;MRO-50009,MRO-10045;MRO-80001;MRO-50009,Hydraulic Press,PUN-01,train,12,high_risk,high_risk,approved_on_validation,우선 점검 후보
2023-10-11,AST-2031,A2,12,7.7069624130348,0.196163434316276,0.1400600499189369,MRO-10045;MRO-50009;MRO-10047,MRO-10045;MRO-50009;MRO-10047,Hydraulic Press,CHN-02,train,12,high_risk,risk,approved_on_validation,우선 점검 후보
2023-10-11,AST-3008,A2,9,6.782616150735247,0.143640408497208,0.0953057641983625,MRO-10047;MRO-20031;MRO-50009,MRO-10047;MRO-20031;MRO-50009,Belt Conveyor,CHN-02,train,12,risk,risk,approved_on_validation,우선 점검 후보
2023-10-11,AST-3019,A2,4,5.644895022046069,0.0848059057251211,0.0521225153574011,MRO-20031;MRO-80001;MRO-10047,MRO-20031;MRO-80001;MRO-10047,Belt Conveyor,CHN-02,train,12,caution,caution,approved_on_validation,우선 점검 후보
2023-10-11,AST-4055,A2,6,8.691106747262447,0.2691437058078316,0.1981795890154993,MRO-50009;MRO-10045;MRO-20031,MRO-50009;MRO-10045;MRO-20031,Screw Compressor,DHR-03,train,12,risk,risk,approved_on_validation,우선 점검 후보
2023-10-11,AST-4061,A2,4,6.649976252386395,0.1337551731928254,0.0887501044199707,MRO-10045;MRO-80001;MRO-50009,MRO-10045;MRO-80001;MRO-50009,Screw Compressor,DHR-03,train,12,caution,risk,approved_on_validation,우선 점검 후보
2023-10-11,AST-5003,A2,9,8.246420112654842,0.2359364952270615,0.1701259935801269,MRO-10046;MRO-10047;MRO-20031,MRO-10046;MRO-10047;MRO-20031,EOT Crane,DHR-03,train,12,risk,risk,approved_on_validation,우선 점검 후보
2023-10-11,AST-5007,A2,9,6.234496906270164,0.111811001887179,0.0713118394005555,MRO-10047;MRO-40022;MRO-10046,MRO-10047;MRO-10046;MRO-20031,EOT Crane,PUN-01,train,12,risk,risk,approved_on_validation,우선 점검 후보
2023-10-12,AST-1041,A2,12,8.743305714548963,0.2683050663658453,0.2020628488689144,MRO-10047;MRO-50009;MRO-80001,MRO-10047;MRO-50009;MRO-80001,CNC Lathe,PUN-01,train,12,high_risk,risk,approved_on_validation,우선 점검 후보
2023-10-12,AST-1042,A2,9,6.96406180495844,0.1536442174904329,0.1035207687479373,MRO-50009;MRO-10045;MRO-20031,MRO-50009;MRO-10045;MRO-20031,CNC Lathe,PUN-01,train,12,risk,risk,approved_on_validation,우선 점검 후보
2023-10-12,AST-2017,A2,2,8.587674807080278,0.2618886461899283,0.1925014294272437,MRO-10045;MRO-50009;MRO-10047,MRO-10045;MRO-50009;MRO-10047,Hydraulic Press,PUN-01,train,12,caution,risk,approved_on_validation,우선 점검 후보
2023-10-12,AST-2031,A2,6,7.413308029469949,0.1807080011704186,0.1260562925533927,MRO-10045;MRO-10046;MRO-50009,MRO-10045;MRO-10046;MRO-50009,Hydraulic Press,CHN-02,train,12,risk,risk,approved_on_validation,우선 점검 후보
2023-10-12,AST-3008,A2,11,7.299658934766775,0.1743864314377918,0.1181487977285281,MRO-80001;MRO-10045;MRO-10047,MRO-80001;MRO-10045;MRO-10047,Belt Conveyor,CHN-02,train,12,risk,risk,approved_on_validation,우선 점검 후보
2023-10-12,AST-3019,A2,8,5.915632388956217,0.0970871532473215,0.0615355741860317,MRO-80001;MRO-20031;MRO-10047,MRO-80001;MRO-20031;MRO-10047,Belt Conveyor,CHN-02,train,12,risk,risk,approved_on_validation,우선 점검 후보
2023-10-12,AST-4055,A2,0,8.457209100174017,0.2547968209054211,0.1834942134335894,MRO-50009;MRO-10046;MRO-10045,MRO-50009;MRO-10046;MRO-10045,Screw Compressor,DHR-03,train,12,normal,risk,approved_on_validation,우선 점검 후보
2023-10-12,AST-4061,A2,11,6.961521818786679,0.1504354720964348,0.1015726044067735,MRO-20031;MRO-10045;MRO-80001,MRO-20031;MRO-10045;MRO-80001,Screw Compressor,DHR-03,train,12,risk,risk,approved_on_validation,우선 점검 후보
2023-10-12,AST-5003,A2,10,8.038595484469242,0.2214117906229576,0.1580864162372381,MRO-10047;MRO-20031;MRO-50009,MRO-10047;MRO-20031;MRO-50009,EOT Crane,DHR-03,train,12,risk,risk,approved_on_validation,우선 점검 후보
2023-10-12,AST-5007,A2,8,5.685258722265701,0.0863275929049943,0.0528542249915453,MRO-50009;MRO-10046;MRO-20031,MRO-50009;MRO-10046;MRO-20031,EOT Crane,PUN-01,train,12,risk,caution,approved_on_validation,우선 점검 후보
2023-10-13,AST-1041,A2,6,7.018940194388084,0.1574504678995351,0.1053281074209925,MRO-10047;MRO-20031;MRO-10046,MRO-10047;MRO-20031;MRO-10046,CNC Lathe,PUN-01,train,12,risk,risk,approved_on_validation,우선 점검 후보
2023-10-13,AST-1042,A2,12,6.762317407236133,0.1433894298335653,0.094030955275337,MRO-10047;MRO-10046;MRO-50009,MRO-10047;MRO-10046;MRO-50009,CNC Lathe,PUN-01,train,12,high_risk,risk,approved_on_validation,우선 점검 후보
2023-10-13,AST-2017,A2,7,8.624562305813837,0.264803973569682,0.195017412882129,MRO-10045;MRO-80001;MRO-10047,MRO-10045;MRO-80001;MRO-10047,Hydraulic Press,PUN-01,train,12,risk,risk,approved_on_validation,우선 점검 후보
2023-10-13,AST-2031,A2,7,7.761002617188259,0.201278181495996,0.1449490231300744,MRO-10045;MRO-80001;MRO-50009,MRO-10045;MRO-80001;MRO-50009,Hydraulic Press,CHN-02,train,12,risk,risk,approved_on_validation,우선 점검 후보
2023-10-13,AST-3008,A2,6,7.364731048034832,0.1778440936747239,0.1226463822455022,MRO-10045;MRO-10047;MRO-50009,MRO-10045;MRO-10047;MRO-50009,Belt Conveyor,CHN-02,train,12,risk,risk,approved_on_validation,우선 점검 후보
2023-10-13,AST-3019,A2,6,6.204400197958715,0.1112760821196263,0.0718848836041623,MRO-10045;MRO-10046;MRO-80001,MRO-10045;MRO-10046;MRO-80001,Belt Conveyor,CHN-02,train,12,risk,risk,approved_on_validation,우선 점검 후보
2023-10-13,AST-4055,A2,20,9.444581053119803,0.3262346969407159,0.2481191189484239,MRO-10046;MRO-50009;MRO-20031,MRO-10046;MRO-50009;MRO-20031,Screw Compressor,DHR-03,train,12,high_risk,risk,approved_on_validation,우선 점검 후보
2023-10-13,AST-4061,A2,0,6.455809259657405,0.1239707898046771,0.0802624929069265,MRO-10045;MRO-20031;MRO-80001,MRO-10045;MRO-20031;MRO-80001,Screw Compressor,DHR-03,train,12,normal,risk,approved_on_validation,우선 점검 후보
2023-10-13,AST-5003,A2,8,7.93353244951112,0.2157514849748369,0.1524245500205832,MRO-10045;MRO-50009;MRO-10046,MRO-10045;MRO-50009;MRO-10046,EOT Crane,DHR-03,train,12,risk,risk,approved_on_validation,우선 점검 후보
2023-10-13,AST-5007,A2,11,5.396299830880956,0.0724137617100476,0.0431794553330892,MRO-10045;MRO-10047;MRO-40022,MRO-10045;MRO-10047;MRO-50009,EOT Crane,PUN-01,train,12,risk,caution,approved_on_validation,우선 점검 후보
2023-10-14,AST-1041,A2,0,0.0032226276606531,6.439287581565541e-12,6.492369602319385e-15,MRO-10045;MRO-10047;MRO-20031,MRO-10045;MRO-10047;MRO-20031,CNC Lathe,PUN-01,train,12,normal,normal,approved_on_validation,우선 점검 후보
2023-10-14,AST-1042,A2,0,0.003368268591648,8.104780717051118e-12,8.245973884020758e-15,MRO-10047;MRO-50009;MRO-10045,MRO-10047;MRO-50009;MRO-10045,CNC Lathe,PUN-01,train,12,normal,normal,approved_on_validation,우선 점검 후보
2023-10-14,AST-2017,A2,0,0.0033441938689436,6.7316069747647755e-12,7.362258469598326e-15,MRO-70005;MRO-90012;MRO-60015,MRO-10046;MRO-10045;MRO-10047,Hydraulic Press,PUN-01,train,12,normal,normal,approved_on_validation,우선 점검 후보
2023-10-14,AST-2031,A2,0,0.003385246584802,8.541285442118647e-12,8.599844186275825e-15,MRO-10046;MRO-10045;MRO-20031,MRO-10046;MRO-10045;MRO-20031,Hydraulic Press,CHN-02,train,12,normal,normal,approved_on_validation,우선 점검 후보
2023-10-14,AST-3008,A2,0,0.0033737016580655,6.671690590438956e-12,7.586320700180069e-15,MRO-70005;MRO-10046;MRO-10047,MRO-10046;MRO-10047;MRO-20031,Belt Conveyor,CHN-02,train,12,normal,normal,approved_on_validation,우선 점검 후보
2023-10-14,AST-3019,A2,0,0.003254817903685,6.7768535877669715e-12,6.837243306665286e-15,MRO-10045;MRO-20033;MRO-10046,MRO-10045;MRO-10046;MRO-10047,Belt Conveyor,CHN-02,train,12,normal,normal,approved_on_validation,우선 점검 후보
2023-10-14,AST-4055,A2,0,0.00325376130625,6.6299170366766184e-12,6.767205772607074e-15,MRO-70005;MRO-20031;MRO-80001,MRO-20031;MRO-80001;MRO-10045,Screw Compressor,DHR-03,train,12,normal,normal,approved_on_validation,우선 점검 후보
2023-10-14,AST-4061,A2,0,0.0032507056942497,6.6436082725715896e-12,6.7547128992192935e-15,MRO-10045;MRO-10046;MRO-10047,MRO-10045;MRO-10046;MRO-10047,Screw Compressor,DHR-03,train,12,normal,normal,approved_on_validation,우선 점검 후보
2023-10-14,AST-5003,A2,0,0.0033691760259056,6.667244004683119e-12,7.550706492251971e-15,MRO-70005;MRO-10045;MRO-10046,MRO-10045;MRO-10046;MRO-80001,EOT Crane,DHR-03,train,12,normal,normal,approved_on_validation,우선 점검 후보
2023-10-14,AST-5007,A2,0,0.0034315690877704,7.014996827694321e-12,7.944444773663017e-15,MRO-70005;MRO-60015;MRO-20031,MRO-20031;MRO-10046;MRO-10045,EOT Crane,PUN-01,train,12,normal,normal,approved_on_validation,우선 점검 후보
2023-10-15,AST-1041,A2,0,0.0032355804826318,6.60950505649785e-12,6.655601851063901e-15,MRO-10045;MRO-10047;MRO-20031,MRO-10045;MRO-10047;MRO-20031,CNC Lathe,PUN-01,train,12,normal,normal,approved_on_validation,우선 점검 후보
2023-10-15,AST-1042,A2,0,0.0032400000468023,6.606329797990159e-12,6.6810953881005536e-15,MRO-10045;MRO-10046;MRO-20031,MRO-10045;MRO-10046;MRO-20031,CNC Lathe,PUN-01,train,12,normal,normal,approved_on_validation,우선 점검 후보
2023-10-15,AST-2017,A2,0,0.003282789167997,6.703049790638332e-12,6.9307566860204315e-15,MRO-60015;MRO-50008;MRO-70004,MRO-10046;MRO-10045;MRO-10047,Hydraulic Press,PUN-01,train,12,normal,normal,approved_on_validation,우선 점검 후보
2023-10-15,AST-2031,A2,0,0.0034847455400582,9.99997955912705e-12,1.0082612414297136e-14,MRO-10047;MRO-10046;MRO-10045,MRO-10047;MRO-10046;MRO-10045,Hydraulic Press,CHN-02,train,12,normal,normal,approved_on_validation,우선 점검 후보
2023-10-15,AST-3008,A2,0,0.0033549076138981,6.589294716963439e-12,7.4334126982681e-15,MRO-70005;MRO-10046;MRO-10047,MRO-10046;MRO-10047;MRO-20031,Belt Conveyor,CHN-02,train,12,normal,normal,approved_on_validation,우선 점검 후보
2023-10-15,AST-3019,A2,0,0.0032337430565746,6.606233114656188e-12,6.639762042551698e-15,MRO-10046;MRO-10047;MRO-20031,MRO-10046;MRO-10047;MRO-20031,Belt Conveyor,CHN-02,train,12,normal,normal,approved_on_validation,우선 점검 후보
2023-10-15,AST-4055,A2,0,0.0032582660729816,6.673128206861401e-12,6.816612442760166e-15,MRO-70005;MRO-20031;MRO-80001,MRO-20031;MRO-80001;MRO-10045,Screw Compressor,DHR-03,train,12,normal,normal,approved_on_validation,우선 점검 후보
2023-10-15,AST-4061,A2,0,0.0032575867700026,6.7039298396610756e-12,6.825454126728588e-15,MRO-10045;MRO-10046;MRO-10047,MRO-10045;MRO-10046;MRO-10047,Screw Compressor,DHR-03,train,12,normal,normal,approved_on_validation,우선 점검 후보
2023-10-15,AST-5003,A2,0,0.0033493825713272,6.521587477042776e-12,7.35468011922704e-15,MRO-70005;MRO-10045;MRO-10046,MRO-10045;MRO-10046;MRO-10047,EOT Crane,DHR-03,train,12,normal,normal,approved_on_validation,우선 점검 후보
2023-10-15,AST-5007,A2,0,0.0033121200863063,6.579602739607115e-12,7.157183541211719e-15,MRO-70005;MRO-10045;MRO-10047,MRO-10045;MRO-10047;MRO-20031,EOT Crane,PUN-01,train,12,normal,normal,approved_on_validation,우선 점검 후보
2023-10-16,AST-1041,A2,7,7.13608009664664,0.1614498970394247,0.1105572227613855,MRO-50009;MRO-80001;MRO-80002,MRO-50009;MRO-80001;MRO-10047,CNC Lathe,PUN-01,train,12,risk,risk,approved_on_validation,우선 점검 후보
2023-10-16,AST-1042,A2,2,6.603566968866759,0.1328950781477603,0.0868337140725812,MRO-10046;MRO-10045;MRO-10047,MRO-10046;MRO-10045;MRO-10047,CNC Lathe,PUN-01,train,12,caution,risk,approved_on_validation,우선 점검 후보
2023-10-16,AST-2017,A2,12,8.328692943867983,0.2411537737700775,0.1762920156288013,MRO-20031;MRO-80001;MRO-50009,MRO-20031;MRO-80001;MRO-50009,Hydraulic Press,PUN-01,train,12,high_risk,risk,approved_on_validation,우선 점검 후보
2023-10-16,AST-2031,A2,14,10.301957322782505,0.385712706655844,0.3100192334380538,MRO-10045;MRO-80001;MRO-60016,MRO-10045;MRO-80001;MRO-10047,Hydraulic Press,CHN-02,train,12,high_risk,risk,approved_on_validation,우선 점검 후보
2023-10-16,AST-3008,A2,4,6.890839557041781,0.1488251296091128,0.0984150013945745,MRO-10046;MRO-20031;MRO-10047,MRO-10046;MRO-20031;MRO-10047,Belt Conveyor,CHN-02,train,12,caution,risk,approved_on_validation,우선 점검 후보
2023-10-16,AST-3019,A2,5,6.474250177825998,0.1252049547687482,0.0820109716693643,MRO-10047;MRO-50009;MRO-10045,MRO-10047;MRO-50009;MRO-10045,Belt Conveyor,CHN-02,train,12,caution,risk,approved_on_validation,우선 점검 후보
2023-10-16,AST-4055,A2,11,8.028967718793844,0.219804376509038,0.1594165947356956,MRO-10045;MRO-10046;MRO-10047,MRO-10045;MRO-10046;MRO-10047,Screw Compressor,DHR-03,train,12,risk,risk,approved_on_validation,우선 점검 후보
2023-10-16,AST-4061,A2,10,6.377299872957511,0.1205851712376321,0.0769340437319181,MRO-50009;MRO-40022;MRO-50008,MRO-50009;MRO-20031;MRO-80001,Screw Compressor,DHR-03,train,12,risk,risk,approved_on_validation,우선 점검 후보
2023-10-16,AST-5003,A2,9,8.234600984034104,0.2354708277329725,0.1698005339007765,MRO-10047;MRO-20031;MRO-50009,MRO-10047;MRO-20031;MRO-50009,EOT Crane,DHR-03,train,12,risk,risk,approved_on_validation,우선 점검 후보
2023-10-16,AST-5007,A2,4,5.5566922830703005,0.0798054465783844,0.0484045853078878,MRO-40022;MRO-10045;MRO-10047,MRO-10045;MRO-10047;MRO-10046,EOT Crane,PUN-01,train,12,caution,caution,approved_on_validation,우선 점검 후보
2023-10-17,AST-1041,A2,10,7.130788585089199,0.1630467887769274,0.1107655089904222,MRO-10046;MRO-50009;MRO-80001,MRO-10046;MRO-50009;MRO-80001,CNC Lathe,PUN-01,train,12,risk,risk,approved_on_validation,우선 점검 후보
2023-10-17,AST-1042,A2,7,8.235121633141159,0.2326093727788079,0.1695194552324579,MRO-10047;MRO-20031;MRO-80001,MRO-10047;MRO-20031;MRO-80001,CNC Lathe,PUN-01,train,12,risk,risk,approved_on_validation,우선 점검 후보
2023-10-17,AST-2017,A2,11,8.823643514490836,0.2791200138533615,0.2073018337996957,MRO-20031;MRO-10047;MRO-80001,MRO-20031;MRO-10047;MRO-80001,Hydraulic Press,PUN-01,train,12,risk,risk,approved_on_validation,우선 점검 후보
2023-10-17,AST-2031,A2,0,7.256933676085338,0.1688163444042467,0.1181321773999723,MRO-10047;MRO-50009;MRO-20031,MRO-10047;MRO-50009;MRO-20031,Hydraulic Press,CHN-02,train,12,normal,risk,approved_on_validation,우선 점검 후보
2023-10-17,AST-3008,A2,9,6.861270395869169,0.1438618679066886,0.0973440617220086,MRO-10045;MRO-40022;MRO-90012,MRO-10045;MRO-80001;MRO-10046,Belt Conveyor,CHN-02,train,12,risk,risk,approved_on_validation,우선 점검 후보
2023-10-17,AST-3019,A2,4,6.494279482891456,0.1275309985851191,0.0824507003336877,MRO-10045;MRO-20031;MRO-80001,MRO-10045;MRO-20031;MRO-80001,Belt Conveyor,CHN-02,train,12,caution,risk,approved_on_validation,우선 점검 후보
2023-10-17,AST-4055,A2,8,8.643985984858602,0.2639054611376004,0.1952040196197187,MRO-10047;MRO-10045;MRO-10046,MRO-10047;MRO-10045;MRO-10046,Screw Compressor,DHR-03,train,12,risk,risk,approved_on_validation,우선 점검 후보
2023-10-17,AST-4061,A2,15,6.590639077359066,0.1322391109997496,0.0862740723660224,MRO-20031;MRO-80001;MRO-10045,MRO-20031;MRO-80001;MRO-10045,Screw Compressor,DHR-03,train,12,high_risk,risk,approved_on_validation,우선 점검 후보
2023-10-17,AST-5003,A2,13,8.10455177698616,0.2262048645289121,0.1626025466950013,MRO-20031;MRO-10047;MRO-50009,MRO-20031;MRO-10047;MRO-50009,EOT Crane,DHR-03,train,12,high_risk,risk,approved_on_validation,우선 점검 후보
2023-10-17,AST-5007,A2,0,5.728740998301099,0.0884375664133471,0.0541702147896624,MRO-50009;MRO-40022;MRO-10046,MRO-50009;MRO-10046;MRO-10045,EOT Crane,PUN-01,train,12,normal,caution,approved_on_validation,우선 점검 후보
2023-10-18,AST-1041,A2,7,6.914146797289755,0.1505093715702064,0.1004508258304835,MRO-20031;MRO-50009;MRO-10046,MRO-20031;MRO-50009;MRO-10046,CNC Lathe,PUN-01,train,12,risk,risk,approved_on_validation,우선 점검 후보
2023-10-18,AST-1042,A2,6,7.244279486255899,0.1696721861794036,0.1152205444097426,MRO-20031;MRO-10047;MRO-50009,MRO-20031;MRO-10047;MRO-50009,CNC Lathe,PUN-01,train,12,risk,risk,approved_on_validation,우선 점검 후보
2023-10-18,AST-2017,A2,6,7.716068812511521,0.1973495548496798,0.1390913429923197,MRO-60016;MRO-40022;MRO-10046,MRO-10046;MRO-20031;MRO-80001,Hydraulic Press,PUN-01,train,12,risk,risk,approved_on_validation,우선 점검 후보
2023-10-18,AST-2031,A2,10,9.061575079664015,0.2970979365733112,0.2215734308852316,MRO-10047;MRO-50009;MRO-20031,MRO-10047;MRO-50009;MRO-20031,Hydraulic Press,CHN-02,train,12,risk,risk,approved_on_validation,우선 점검 후보
2023-10-18,AST-3008,A2,10,7.530720434165752,0.1863127773964154,0.1300271996142287,MRO-10045;MRO-10046;MRO-20031,MRO-10045;MRO-10046;MRO-20031,Belt Conveyor,CHN-02,train,12,risk,risk,approved_on_validation,우선 점검 후보
2023-10-18,AST-3019,A2,0,6.111852109519469,0.1066311394398264,0.0674895953179484,MRO-10045;MRO-20031;MRO-80001,MRO-10045;MRO-20031;MRO-80001,Belt Conveyor,CHN-02,train,12,normal,risk,approved_on_validation,우선 점검 후보
2023-10-18,AST-4055,A2,1,7.962384789543554,0.2178878068488332,0.1556672115181899,MRO-10047;MRO-20031;MRO-10045,MRO-10047;MRO-20031;MRO-10045,Screw Compressor,DHR-03,train,12,caution,risk,approved_on_validation,우선 점검 후보
2023-10-18,AST-4061,A2,10,7.643096328319502,0.198090866937134,0.1353646508352877,MRO-20031;MRO-80001;MRO-10045,MRO-20031;MRO-80001;MRO-10045,Screw Compressor,DHR-03,train,12,risk,risk,approved_on_validation,우선 점검 후보
2023-10-18,AST-5003,A2,11,7.820193035532626,0.205946469266691,0.1464137184399739,MRO-10047;MRO-10046;MRO-50009,MRO-10047;MRO-10046;MRO-50009,EOT Crane,DHR-03,train,12,risk,risk,approved_on_validation,우선 점검 후보
2023-10-18,AST-5007,A2,9,6.125984164137516,0.1060753321556637,0.0662481247064001,MRO-40022;MRO-10046;MRO-10045,MRO-10046;MRO-10045;MRO-10047,EOT Crane,PUN-01,train,12,risk,risk,approved_on_validation,우선 점검 후보
2023-10-19,AST-1041,A2,14,8.063896606095673,0.2207056261145983,0.1598418827379474,MRO-50009;MRO-80001;MRO-10047,MRO-50009;MRO-80001;MRO-10047,CNC Lathe,PUN-01,train,12,high_risk,risk,approved_on_validation,우선 점검 후보
2023-10-19,AST-1042,A2,8,6.9053294745099185,0.1503046112735051,0.0999499100123788,MRO-20031;MRO-10047;MRO-50009,MRO-20031;MRO-10047;MRO-50009,CNC Lathe,PUN-01,train,12,risk,risk,approved_on_validation,우선 점검 후보
2023-10-19,AST-2017,A2,6,8.78826675925904,0.2776205980999215,0.2055717264828783,MRO-80001;MRO-20031;MRO-10046,MRO-80001;MRO-20031;MRO-10046,Hydraulic Press,PUN-01,train,12,risk,risk,approved_on_validation,우선 점검 후보
2023-10-19,AST-2031,A2,0,7.3361989744051,0.1763032022253253,0.1219820410069482,MRO-10045;MRO-10046;MRO-20031,MRO-10045;MRO-10046;MRO-20031,Hydraulic Press,CHN-02,train,12,normal,risk,approved_on_validation,우선 점검 후보
2023-10-19,AST-3008,A2,5,7.052162425642078,0.1558326495816104,0.1077691964234665,MRO-10045;MRO-70005;MRO-10046,MRO-10045;MRO-10046;MRO-10047,Belt Conveyor,CHN-02,train,12,caution,risk,approved_on_validation,우선 점검 후보
2023-10-19,AST-3019,A2,2,6.016293205854356,0.1007610837984956,0.0650828333076852,MRO-10045;MRO-20031;MRO-80001,MRO-10045;MRO-20031;MRO-80001,Belt Conveyor,CHN-02,train,12,caution,risk,approved_on_validation,우선 점검 후보
2023-10-19,AST-4055,A2,9,8.754380441020253,0.275007535059975,0.2022741386688688,MRO-10047;MRO-20031;MRO-10046,MRO-10047;MRO-20031;MRO-10046,Screw Compressor,DHR-03,train,12,risk,risk,approved_on_validation,우선 점검 후보
2023-10-19,AST-4061,A2,14,6.653973789434067,0.1342927214994807,0.0883498960669901,MRO-10046;MRO-10047;MRO-80001,MRO-10046;MRO-10047;MRO-80001,Screw Compressor,DHR-03,train,12,high_risk,risk,approved_on_validation,우선 점검 후보
2023-10-19,AST-5003,A2,8,8.24035992463066,0.2350076030924483,0.1692239986814758,MRO-10047;MRO-10046;MRO-80001,MRO-10047;MRO-10046;MRO-80001,EOT Crane,DHR-03,train,12,risk,risk,approved_on_validation,우선 점검 후보
2023-10-19,AST-5007,A2,0,5.927800419922854,0.0975734705934298,0.0608733666459218,MRO-50009;MRO-10045;MRO-10046,MRO-50009;MRO-10045;MRO-10046,EOT Crane,PUN-01,train,12,normal,risk,approved_on_validation,우선 점검 후보
2023-10-20,AST-1041,A2,4,5.956698489157908,0.0950530387589386,0.0609037389058666,MRO-50009;MRO-80001;MRO-10046,MRO-50009;MRO-80001;MRO-10046,CNC Lathe,PUN-01,train,12,caution,risk,approved_on_validation,우선 점검 후보
2023-10-20,AST-1042,A2,11,6.423072798943921,0.12361611011414,0.0798768245753143,MRO-20031;MRO-80001;MRO-10045,MRO-20031;MRO-80001;MRO-10045,CNC Lathe,PUN-01,train,12,risk,risk,approved_on_validation,우선 점검 후보
2023-10-20,AST-2017,A2,6,7.371756093359157,0.1745591805296983,0.1211307545575847,MRO-60016;MRO-20031;MRO-80001,MRO-20031;MRO-80001;MRO-10045,Hydraulic Press,PUN-01,train,12,risk,risk,approved_on_validation,우선 점검 후보
2023-10-20,AST-2031,A2,17,7.8566624064895985,0.2087535166111075,0.1492272740908246,MRO-10045;MRO-10046;MRO-20031,MRO-10045;MRO-10046;MRO-20031,Hydraulic Press,CHN-02,train,12,high_risk,risk,approved_on_validation,우선 점검 후보
2023-10-20,AST-3008,A2,10,7.376767953502035,0.1788323923784316,0.122496631764765,MRO-10047;MRO-80001;MRO-10046,MRO-10047;MRO-80001;MRO-10046,Belt Conveyor,CHN-02,train,12,risk,risk,approved_on_validation,우선 점검 후보
2023-10-20,AST-3019,A2,2,6.066294418888316,0.1046436798814534,0.0660130320501652,MRO-10045;MRO-20031;MRO-80001,MRO-10045;MRO-20031;MRO-80001,Belt Conveyor,CHN-02,train,12,caution,risk,approved_on_validation,우선 점검 후보
2023-10-20,AST-4055,A2,8,7.951131426271135,0.2160363842285357,0.1542665780411324,MRO-10046;MRO-10047;MRO-20031,MRO-10046;MRO-10047;MRO-20031,Screw Compressor,DHR-03,train,12,risk,risk,approved_on_validation,우선 점검 후보
2023-10-20,AST-4061,A2,6,6.738261226644095,0.1401372505385431,0.0924470998820414,MRO-10045;MRO-80001;MRO-20031,MRO-10045;MRO-80001;MRO-20031,Screw Compressor,DHR-03,train,12,risk,risk,approved_on_validation,우선 점검 후보
2023-10-20,AST-5003,A2,8,9.1307692220475,0.3045973724016166,0.2260925367084641,MRO-10046;MRO-50009;MRO-80001,MRO-10046;MRO-50009;MRO-80001,EOT Crane,DHR-03,train,12,risk,risk,approved_on_validation,우선 점검 후보
2023-10-20,AST-5007,A2,9,9.775195206523138,0.3460815560897805,0.2729889091849308,MRO-80001;MRO-20031;MRO-50009,MRO-80001;MRO-20031;MRO-50009,EOT Crane,PUN-01,train,12,risk,risk,approved_on_validation,우선 점검 후보
2023-10-21,AST-1041,A2,0,0.0032187320946582,6.4389181658876095e-12,6.4728949821251124e-15,MRO-10045;MRO-10046;MRO-30011,MRO-10045;MRO-10046;MRO-10047,CNC Lathe,PUN-01,train,12,normal,normal,approved_on_validation,우선 점검 후보
2023-10-21,AST-1042,A2,0,0.0032525363029135,6.6176599647166395e-12,6.7310898909255306e-15,MRO-30011;MRO-10045;MRO-20031,MRO-10045;MRO-20031;MRO-10046,CNC Lathe,PUN-01,train,12,normal,normal,approved_on_validation,우선 점검 후보
2023-10-21,AST-2017,A2,0,0.0031883309497494,6.2560775177558296e-12,6.246732509086427e-15,MRO-10045;MRO-60016;MRO-10047,MRO-10045;MRO-10047;MRO-50009,Hydraulic Press,PUN-01,train,12,normal,normal,approved_on_validation,우선 점검 후보
2023-10-21,AST-2031,A2,0,0.0032228237713596,6.566530731834018e-12,6.592421070825264e-15,MRO-20031;MRO-80001;MRO-10045,MRO-20031;MRO-80001;MRO-10045,Hydraulic Press,CHN-02,train,12,normal,normal,approved_on_validation,우선 점검 후보
2023-10-21,AST-3008,A2,0,0.0032472831335055,5.524299745282273e-12,6.1784255440131505e-15,MRO-70005;MRO-10046;MRO-20031,MRO-10046;MRO-20031;MRO-50009,Belt Conveyor,CHN-02,train,12,normal,normal,approved_on_validation,우선 점검 후보
2023-10-21,AST-3019,A2,0,0.0033227167557125,6.620496167120671e-12,7.211397194352915e-15,MRO-20032;MRO-80002;MRO-10045,MRO-10045;MRO-10046;MRO-10047,Belt Conveyor,CHN-02,train,12,normal,normal,approved_on_validation,우선 점검 후보
2023-10-21,AST-4055,A2,0,0.0032574961866112,6.658569811500472e-12,6.8034326484971716e-15,MRO-70005;MRO-10046;MRO-10047,MRO-10046;MRO-10047;MRO-80001,Screw Compressor,DHR-03,train,12,normal,normal,approved_on_validation,우선 점검 후보
2023-10-21,AST-4061,A2,0,0.0033417496119703,7.474949132319769e-12,7.786231820957861e-15,MRO-70005;MRO-10045;MRO-10047,MRO-10045;MRO-10047;MRO-20031,Screw Compressor,DHR-03,train,12,normal,normal,approved_on_validation,우선 점검 후보
2023-10-21,AST-5003,A2,0,0.0033331804081518,6.2699944525119066e-12,7.0818986375576555e-15,MRO-70005;MRO-80002;MRO-10045,MRO-10045;MRO-10047;MRO-80001,EOT Crane,DHR-03,train,12,normal,normal,approved_on_validation,우선 점검 후보
2023-10-21,AST-5007,A2,0,0.0033899649932433,6.7779042993722984e-12,7.57685046374207e-15,MRO-70005;MRO-60015;MRO-50009,MRO-50009;MRO-10045;MRO-10046,EOT Crane,PUN-01,train,12,normal,normal,approved_on_validation,우선 점검 후보
2023-10-22,AST-1041,A2,0,0.0033958681451304,8.832294341781414e-12,8.919786490160726e-15,MRO-10046;MRO-50009;MRO-90011,MRO-10046;MRO-50009;MRO-20031,CNC Lathe,PUN-01,train,12,normal,normal,approved_on_validation,우선 점검 후보
2023-10-22,AST-1042,A2,0,0.0032431985455483,6.606335617345012e-12,6.7012410920873865e-15,MRO-10046;MRO-10047;MRO-50009,MRO-10046;MRO-10047;MRO-50009,CNC Lathe,PUN-01,train,12,normal,normal,approved_on_validation,우선 점검 후보
2023-10-22,AST-2017,A2,0,0.0032820818062724,6.956601228691785e-12,7.096641801298633e-15,MRO-10045;MRO-60016;MRO-50009,MRO-10045;MRO-50009;MRO-10046,Hydraulic Press,PUN-01,train,12,normal,normal,approved_on_validation,우선 점검 후보
2023-10-22,AST-2031,A2,0,0.0033644742564635,7.411616359157832e-12,7.74733078573388e-15,MRO-40021;MRO-10047;MRO-20031,MRO-10047;MRO-20031;MRO-80001,Hydraulic Press,CHN-02,train,12,normal,normal,approved_on_validation,우선 점검 후보
2023-10-22,AST-3008,A2,0,0.003371163714039,6.675344808884666e-12,7.571086986945827e-15,MRO-70005;MRO-10045;MRO-10046,MRO-10045;MRO-10046;MRO-20031,Belt Conveyor,CHN-02,train,12,normal,normal,approved_on_validation,우선 점검 후보
2023-10-22,AST-3019,A2,0,0.0032376665278783,6.620360315720924e-12,6.6713665616071905e-15,MRO-20032;MRO-10045;MRO-10046,MRO-10045;MRO-10046;MRO-10047,Belt Conveyor,CHN-02,train,12,normal,normal,approved_on_validation,우선 점검 후보
2023-10-22,AST-4055,A2,0,0.0032588439943687,6.672938976512404e-12,6.819385119986074e-15,MRO-70005;MRO-10046;MRO-10047,MRO-10046;MRO-10047;MRO-20031,Screw Compressor,DHR-03,train,12,normal,normal,approved_on_validation,우선 점검 후보
2023-10-22,AST-4061,A2,0,0.0033543680465835,7.59537624621694e-12,7.923600599964583e-15,MRO-70005;MRO-10045;MRO-10047,MRO-10045;MRO-10047;MRO-20031,Screw Compressor,DHR-03,train,12,normal,normal,approved_on_validation,우선 점검 후보
2023-10-22,AST-5003,A2,0,0.0034082124784598,6.8277310608888895e-12,7.813590882840859e-15,MRO-70005;MRO-80002;MRO-10046,MRO-10046;MRO-10045;MRO-10047,EOT Crane,DHR-03,train,12,normal,normal,approved_on_validation,우선 점검 후보
2023-10-22,AST-5007,A2,0,0.0032133913488683,6.495405869821753e-12,6.486394522412822e-15,MRO-10045;MRO-10046;MRO-10047,MRO-10045;MRO-10046;MRO-10047,EOT Crane,PUN-01,train,12,normal,normal,approved_on_validation,우선 점검 후보
2023-10-23,AST-1041,A2,8,6.972698169469711,0.1538186436188071,0.1030941332229404,MRO-10047;MRO-50009;MRO-80001,MRO-10047;MRO-50009;MRO-80001,CNC Lathe,PUN-01,train,12,risk,risk,approved_on_validation,우선 점검 후보
2023-10-23,AST-1042,A2,11,7.313758271934972,0.1716183873407807,0.1197200369101006,MRO-40022;MRO-70005;MRO-10045,MRO-10045;MRO-20031;MRO-80001,CNC Lathe,PUN-01,train,12,risk,risk,approved_on_validation,우선 점검 후보
2023-10-23,AST-2017,A2,12,8.639327695202864,0.2644119350017317,0.1940459176513636,MRO-10045;MRO-80001;MRO-10046,MRO-10045;MRO-80001;MRO-10046,Hydraulic Press,PUN-01,train,12,high_risk,risk,approved_on_validation,우선 점검 후보
2023-10-23,AST-2031,A2,5,7.632041025878978,0.1934254371393202,0.1369697068422843,MRO-10047;MRO-20031;MRO-80001,MRO-10047;MRO-20031;MRO-80001,Hydraulic Press,CHN-02,train,12,caution,risk,approved_on_validation,우선 점검 후보
2023-10-23,AST-3008,A2,9,7.385690471905637,0.1787693982071629,0.1231812084480738,MRO-10045;MRO-10047;MRO-80001,MRO-10045;MRO-10047;MRO-80001,Belt Conveyor,CHN-02,train,12,risk,risk,approved_on_validation,우선 점검 후보
2023-10-23,AST-3019,A2,2,6.241236303496246,0.1143347566918996,0.073175418815502,MRO-20031;MRO-80001;MRO-10045,MRO-20031;MRO-80001;MRO-10045,Belt Conveyor,CHN-02,train,12,caution,risk,approved_on_validation,우선 점검 후보
2023-10-23,AST-4055,A2,15,7.960186450405144,0.216080318865535,0.1552127527999792,MRO-10045;MRO-20031;MRO-50009,MRO-10045;MRO-20031;MRO-50009,Screw Compressor,DHR-03,train,12,high_risk,risk,approved_on_validation,우선 점검 후보
2023-10-23,AST-4061,A2,13,6.49028840010933,0.1266000962351191,0.082485660538184,MRO-10046;MRO-10047;MRO-20031,MRO-10046;MRO-10047;MRO-20031,Screw Compressor,DHR-03,train,12,high_risk,risk,approved_on_validation,우선 점검 후보
2023-10-23,AST-5003,A2,8,8.753689252173338,0.2724797053495121,0.2021130411394412,MRO-20031;MRO-50009;MRO-80001,MRO-20031;MRO-50009;MRO-80001,EOT Crane,DHR-03,train,12,risk,risk,approved_on_validation,우선 점검 후보
2023-10-23,AST-5007,A2,4,5.9701242059795305,0.0993035830770524,0.0620881597209124,MRO-50009;MRO-10047;MRO-10045,MRO-50009;MRO-10047;MRO-10045,EOT Crane,PUN-01,train,12,caution,risk,approved_on_validation,우선 점검 후보
2023-10-24,AST-1041,A2,0,6.749107985690077,0.1402839019906435,0.0928522815474605,MRO-10047;MRO-80001;MRO-10046,MRO-10047;MRO-80001;MRO-10046,CNC Lathe,PUN-01,train,12,normal,risk,approved_on_validation,우선 점검 후보
2023-10-24,AST-1042,A2,11,7.0664879010882595,0.158949876800763,0.106120007399178,MRO-40021;MRO-10047;MRO-80001,MRO-10047;MRO-80001;MRO-10045,CNC Lathe,PUN-01,train,12,risk,risk,approved_on_validation,우선 점검 후보
2023-10-24,AST-2017,A2,5,8.291221122276358,0.2407174511512059,0.173982392030345,MRO-10045;MRO-80001;MRO-10046,MRO-10045;MRO-80001;MRO-10046,Hydraulic Press,PUN-01,train,12,caution,risk,approved_on_validation,우선 점검 후보
2023-10-24,AST-2031,A2,9,8.086620969216412,0.2221797642856099,0.1607677249776628,MRO-30012;MRO-80002;MRO-10047,MRO-10047;MRO-20031;MRO-80001,Hydraulic Press,CHN-02,train,12,risk,risk,approved_on_validation,우선 점검 후보
2023-10-24,AST-3008,A2,15,7.148013612900856,0.1633401586017873,0.1121901021868394,MRO-80001;MRO-10047;MRO-20031,MRO-80001;MRO-10047;MRO-20031,Belt Conveyor,CHN-02,train,12,high_risk,risk,approved_on_validation,우선 점검 후보
2023-10-24,AST-3019,A2,12,8.552756720591509,0.2503215317576496,0.1846618526284173,MRO-40021;MRO-40022;MRO-80002,MRO-10046;MRO-10045;MRO-80001,Belt Conveyor,CHN-02,train,12,high_risk,risk,approved_on_validation,우선 점검 후보
2023-10-24,AST-4055,A2,8,8.57327735993114,0.2610188610820277,0.1913775913004575,MRO-10047;MRO-10045;MRO-50009,MRO-10047;MRO-10045;MRO-50009,Screw Compressor,DHR-03,train,12,risk,risk,approved_on_validation,우선 점검 후보
2023-10-24,AST-4061,A2,8,7.032368730199866,0.1566255606087958,0.1054784454626113,MRO-40022;MRO-10046;MRO-20031,MRO-10046;MRO-20031;MRO-10045,Screw Compressor,DHR-03,train,12,risk,risk,approved_on_validation,우선 점검 후보
2023-10-24,AST-5003,A2,4,7.81122347676296,0.2041567149442196,0.146722156699602,MRO-10045;MRO-50009;MRO-10047,MRO-10045;MRO-50009;MRO-10047,EOT Crane,DHR-03,train,12,caution,risk,approved_on_validation,우선 점검 후보
2023-10-24,AST-5007,A2,3,6.002626441420375,0.1013295078189661,0.0634440221943372,MRO-50009;MRO-10047;MRO-10045,MRO-50009;MRO-10047;MRO-10045,EOT Crane,PUN-01,train,12,caution,risk,approved_on_validation,우선 점검 후보
2023-10-25,AST-1041,A2,2,7.293444419828696,0.1714138314361016,0.118225838709648,MRO-80001;MRO-20033;MRO-10045,MRO-80001;MRO-10045;MRO-50009,CNC Lathe,PUN-01,train,12,caution,risk,approved_on_validation,우선 점검 후보
2023-10-25,AST-1042,A2,8,6.569926654242963,0.131345471514434,0.085635525786562,MRO-10045;MRO-10047;MRO-80001,MRO-10045;MRO-10047;MRO-80001,CNC Lathe,PUN-01,train,12,risk,risk,approved_on_validation,우선 점검 후보
2023-10-25,AST-2017,A2,9,9.055714229931535,0.2923300778471545,0.2228145428255104,MRO-70004;MRO-80001;MRO-50009,MRO-80001;MRO-50009;MRO-10046,Hydraulic Press,PUN-01,train,12,risk,risk,approved_on_validation,우선 점검 후보
2023-10-25,AST-2031,A2,20,7.696459799840701,0.1998159436179277,0.1407896898230988,MRO-10045;MRO-10047;MRO-80001,MRO-10045;MRO-10047;MRO-80001,Hydraulic Press,CHN-02,train,12,high_risk,risk,approved_on_validation,우선 점검 후보
2023-10-25,AST-3008,A2,6,7.815538384514328,0.2053711814215995,0.1455998052588192,MRO-20031;MRO-10045;MRO-80001,MRO-20031;MRO-10045;MRO-80001,Belt Conveyor,CHN-02,train,12,risk,risk,approved_on_validation,우선 점검 후보
2023-10-25,AST-3019,A2,0,6.363201064422865,0.1195225637603343,0.0785979511903948,MRO-80001;MRO-10045;MRO-10047,MRO-80001;MRO-10045;MRO-10047,Belt Conveyor,CHN-02,train,12,normal,risk,approved_on_validation,우선 점검 후보
2023-10-25,AST-4055,A2,8,7.873075748748226,0.2117087943258311,0.1504977114868192,MRO-20031;MRO-10047;MRO-50009,MRO-20031;MRO-10047;MRO-50009,Screw Compressor,DHR-03,train,12,risk,risk,approved_on_validation,우선 점검 후보
2023-10-25,AST-4061,A2,7,7.311296504959252,0.169854061342912,0.1180634992452434,MRO-40022;MRO-50008;MRO-70005,MRO-10046;MRO-50009;MRO-10047,Screw Compressor,DHR-03,train,12,risk,risk,approved_on_validation,우선 점검 후보
2023-10-25,AST-5003,A2,5,8.269534610277113,0.2351190429070589,0.1713917593265571,MRO-40022;MRO-20031;MRO-80001,MRO-20031;MRO-80001;MRO-10046,EOT Crane,DHR-03,train,12,caution,risk,approved_on_validation,우선 점검 후보
2023-10-25,AST-5007,A2,10,5.882750799826513,0.0955929595421308,0.0597299334835087,MRO-10047;MRO-10045;MRO-50009,MRO-10047;MRO-10045;MRO-50009,EOT Crane,PUN-01,train,12,risk,risk,approved_on_validation,우선 점검 후보
2023-10-26,AST-1041,A2,2,6.043299094018329,0.1011420474931457,0.0644316085902049,MRO-10047;MRO-80001;MRO-20033,MRO-10047;MRO-80001;MRO-50009,CNC Lathe,PUN-01,train,12,caution,risk,approved_on_validation,우선 점검 후보
2023-10-26,AST-1042,A2,8,6.91480479356618,0.1525050749125786,0.1011587991434334,MRO-10046;MRO-80001;MRO-10045,MRO-10046;MRO-80001;MRO-10045,CNC Lathe,PUN-01,train,12,risk,risk,approved_on_validation,우선 점검 후보
2023-10-26,AST-2017,A2,18,8.908740202896448,0.2868951513378396,0.2122814819910415,MRO-10045;MRO-10046;MRO-80001,MRO-10045;MRO-10046;MRO-80001,Hydraulic Press,PUN-01,train,12,high_risk,risk,approved_on_validation,우선 점검 후보
2023-10-26,AST-2031,A2,11,7.791433345271691,0.2047813645855961,0.1457866932549556,MRO-20031;MRO-10045;MRO-10047,MRO-20031;MRO-10045;MRO-10047,Hydraulic Press,CHN-02,train,12,risk,risk,approved_on_validation,우선 점검 후보
2023-10-26,AST-3008,A2,8,7.941405923770694,0.2147171249482521,0.1522797618773764,MRO-50009;MRO-10047;MRO-20031,MRO-50009;MRO-10047;MRO-20031,Belt Conveyor,CHN-02,train,12,risk,risk,approved_on_validation,우선 점검 후보
2023-10-26,AST-3019,A2,8,6.403561110375989,0.1200250400851518,0.078248192800922,MRO-80001;MRO-10045;MRO-10047,MRO-80001;MRO-10045;MRO-10047,Belt Conveyor,CHN-02,train,12,risk,risk,approved_on_validation,우선 점검 후보
2023-10-26,AST-4055,A2,6,8.052387407764002,0.2257690752623646,0.1593263043794985,MRO-50009;MRO-10045;MRO-20031,MRO-50009;MRO-10045;MRO-20031,Screw Compressor,DHR-03,train,12,risk,risk,approved_on_validation,우선 점검 후보
2023-10-26,AST-4061,A2,2,6.391343396382676,0.1213257005774886,0.0781514657202629,MRO-10046;MRO-50009;MRO-10047,MRO-10046;MRO-50009;MRO-10047,Screw Compressor,DHR-03,train,12,caution,risk,approved_on_validation,우선 점검 후보
2023-10-26,AST-5003,A2,12,8.013132011361732,0.2186256077195234,0.1566067941360552,MRO-20031;MRO-80001;MRO-10046,MRO-20031;MRO-80001;MRO-10046,EOT Crane,DHR-03,train,12,high_risk,risk,approved_on_validation,우선 점검 후보
2023-10-26,AST-5007,A2,6,5.838949706325158,0.0939484559727002,0.0575384589289733,MRO-50009;MRO-10047;MRO-10045,MRO-50009;MRO-10047;MRO-10045,EOT Crane,PUN-01,train,12,risk,risk,approved_on_validation,우선 점검 후보
2023-10-27,AST-1041,A2,5,7.257164851947903,0.1702554195336585,0.1169692056365351,MRO-50009;MRO-10047;MRO-80001,MRO-50009;MRO-10047;MRO-80001,CNC Lathe,PUN-01,train,12,caution,risk,approved_on_validation,우선 점검 후보
2023-10-27,AST-1042,A2,4,6.67321562978515,0.1371675840590022,0.0909126811767571,MRO-10046;MRO-80001;MRO-10047,MRO-10046;MRO-80001;MRO-10047,CNC Lathe,PUN-01,train,12,caution,risk,approved_on_validation,우선 점검 후보
2023-10-27,AST-2017,A2,3,8.439887719562565,0.2509704348108377,0.1832945660377161,MRO-80001;MRO-10047;MRO-10046,MRO-80001;MRO-10047;MRO-10046,Hydraulic Press,PUN-01,train,12,caution,risk,approved_on_validation,우선 점검 후보
2023-10-27,AST-2031,A2,10,8.06734962477836,0.2245888563155041,0.1605423265345998,MRO-10046;MRO-10047;MRO-80001,MRO-10046;MRO-10047;MRO-80001,Hydraulic Press,CHN-02,train,12,risk,risk,approved_on_validation,우선 점검 후보
2023-10-27,AST-3008,A2,10,7.489803187856655,0.1860226119349857,0.1283537348980636,MRO-80001;MRO-10047;MRO-20031,MRO-80001;MRO-10047;MRO-20031,Belt Conveyor,CHN-02,train,12,risk,risk,approved_on_validation,우선 점검 후보
2023-10-27,AST-3019,A2,0,6.040991100601145,0.1026941266177769,0.0659206725476408,MRO-10047;MRO-80001;MRO-10045,MRO-10047;MRO-80001;MRO-10045,Belt Conveyor,CHN-02,train,12,normal,risk,approved_on_validation,우선 점검 후보
2023-10-27,AST-4055,A2,4,8.167858746560645,0.2351475496031093,0.1661624157198815,MRO-10045;MRO-50009;MRO-10047,MRO-10045;MRO-50009;MRO-10047,Screw Compressor,DHR-03,train,12,caution,risk,approved_on_validation,우선 점검 후보
2023-10-27,AST-4061,A2,19,7.277881683603851,0.1708378050984898,0.1172177173732967,MRO-10047;MRO-20031;MRO-80001,MRO-10047;MRO-20031;MRO-80001,Screw Compressor,DHR-03,train,12,high_risk,risk,approved_on_validation,우선 점검 후보
2023-10-27,AST-5003,A2,11,8.853577943124543,0.2749242183095738,0.2092876828650924,MRO-10045;MRO-20032;MRO-80001,MRO-10045;MRO-80001;MRO-10047,EOT Crane,DHR-03,train,12,risk,risk,approved_on_validation,우선 점검 후보
2023-10-27,AST-5007,A2,4,5.777042212124473,0.0902332511628542,0.0560695516649154,MRO-20031;MRO-10045;MRO-10047,MRO-20031;MRO-10045;MRO-10047,EOT Crane,PUN-01,train,12,caution,caution,approved_on_validation,우선 점검 후보
2023-10-28,AST-1041,A2,0,0.0032304965260211,6.513585404765972e-12,6.576675057954397e-15,MRO-10046;MRO-10047;MRO-80001,MRO-10046;MRO-10047;MRO-80001,CNC Lathe,PUN-01,train,12,normal,normal,approved_on_validation,우선 점검 후보
2023-10-28,AST-1042,A2,0,0.0032438084839001,6.608385470863222e-12,6.705282222185316e-15,MRO-10045;MRO-10047;MRO-20031,MRO-10045;MRO-10047;MRO-20031,CNC Lathe,PUN-01,train,12,normal,normal,approved_on_validation,우선 점검 후보
2023-10-28,AST-2017,A2,0,0.0035805515799948,8.306657626976434e-12,9.290522079429956e-15,MRO-50008;MRO-50009;MRO-60015,MRO-50009;MRO-50008;MRO-10045,Hydraulic Press,PUN-01,train,12,normal,normal,approved_on_validation,우선 점검 후보
2023-10-28,AST-2031,A2,0,0.0034334509259978,9.307753907581154e-12,9.354910655924494e-15,MRO-20031;MRO-10045;MRO-10046,MRO-20031;MRO-10045;MRO-10046,Hydraulic Press,CHN-02,train,12,normal,normal,approved_on_validation,우선 점검 후보
2023-10-28,AST-3008,A2,0,0.0033712961774215,7.207193358147914e-12,7.9656245015511e-15,MRO-70005;MRO-90011;MRO-10045,MRO-10045;MRO-80001;MRO-20031,Belt Conveyor,CHN-02,train,12,normal,normal,approved_on_validation,우선 점검 후보
2023-10-28,AST-3019,A2,0,0.0032311231902515,6.606221451453831e-12,6.624412676460076e-15,MRO-10045;MRO-10046;MRO-20031,MRO-10045;MRO-10046;MRO-20031,Belt Conveyor,CHN-02,train,12,normal,normal,approved_on_validation,우선 점검 후보
2023-10-28,AST-4055,A2,0,0.0032447992683095,6.9712449057486065e-12,6.9619378263449535e-15,MRO-20031;MRO-10045;MRO-10046,MRO-20031;MRO-10045;MRO-10046,Screw Compressor,DHR-03,train,12,normal,normal,approved_on_validation,우선 점검 후보
2023-10-28,AST-4061,A2,0,0.0032407201164677,6.68835039108231e-12,6.756186766891998e-15,MRO-10045;MRO-80001;MRO-10046,MRO-10045;MRO-80001;MRO-10046,Screw Compressor,DHR-03,train,12,normal,normal,approved_on_validation,우선 점검 후보
2023-10-28,AST-5003,A2,0,0.003370451354532,7.643375392940945e-12,7.947716972178806e-15,MRO-20031;MRO-80002;MRO-10046,MRO-20031;MRO-10046;MRO-50009,EOT Crane,DHR-03,train,12,normal,normal,approved_on_validation,우선 점검 후보
2023-10-28,AST-5007,A2,0,0.0032168546128403,6.4780414038405456e-12,6.4838359565170355e-15,MRO-10046;MRO-10047;MRO-20031,MRO-10046;MRO-10047;MRO-20031,EOT Crane,PUN-01,train,12,normal,normal,approved_on_validation,우선 점검 후보
2023-10-29,AST-1041,A2,0,0.0032209078925862,6.382219379659959e-12,6.447545382822678e-15,MRO-10046;MRO-10047;MRO-80001,MRO-10046;MRO-10047;MRO-80001,CNC Lathe,PUN-01,train,12,normal,normal,approved_on_validation,우선 점검 후보
2023-10-29,AST-1042,A2,0,0.0032411721144836,6.613350787942789e-12,6.690244953090789e-15,MRO-10046;MRO-10047;MRO-20031,MRO-10046;MRO-10047;MRO-20031,CNC Lathe,PUN-01,train,12,normal,normal,approved_on_validation,우선 점검 후보
2023-10-29,AST-2017,A2,0,0.0032356755505997,6.5756134997755304e-12,6.64011547320816e-15,MRO-10045;MRO-10046;MRO-10047,MRO-10045;MRO-10046;MRO-10047,Hydraulic Press,PUN-01,train,12,normal,normal,approved_on_validation,우선 점검 후보
2023-10-29,AST-2031,A2,0,0.0032898033975298,7.070206236758794e-12,7.204321391501264e-15,MRO-10046;MRO-10047;MRO-20033,MRO-10046;MRO-10047;MRO-10045,Hydraulic Press,CHN-02,train,12,normal,normal,approved_on_validation,우선 점검 후보
2023-10-29,AST-3008,A2,0,0.0034883618021151,6.150623544966762e-12,7.978043834717741e-15,MRO-70005;MRO-90011;MRO-10046,MRO-70005;MRO-10046;MRO-20031,Belt Conveyor,CHN-02,train,12,normal,normal,approved_on_validation,우선 점검 후보
2023-10-29,AST-3019,A2,0,0.0032305443993048,6.6203660217883026e-12,6.623292908435266e-15,MRO-10045;MRO-10046;MRO-10047,MRO-10045;MRO-10046;MRO-10047,Belt Conveyor,CHN-02,train,12,normal,normal,approved_on_validation,우선 점검 후보
2023-10-29,AST-4055,A2,0,0.0032554765972738,6.713758224267722e-12,6.816518834772375e-15,MRO-10045;MRO-10046;MRO-10047,MRO-10045;MRO-10046;MRO-10047,Screw Compressor,DHR-03,train,12,normal,normal,approved_on_validation,우선 점검 후보
2023-10-29,AST-4061,A2,0,0.0032488900843594,6.6517994560269665e-12,6.7549169484914805e-15,MRO-10046;MRO-10047;MRO-20031,MRO-10046;MRO-10047;MRO-20031,Screw Compressor,DHR-03,train,12,normal,normal,approved_on_validation,우선 점검 후보
2023-10-29,AST-5003,A2,0,0.0034498873976035,7.273316054904024e-12,8.402015334144695e-15,MRO-70005;MRO-20031;MRO-10045,MRO-20031;MRO-10045;MRO-10046,EOT Crane,DHR-03,train,12,normal,normal,approved_on_validation,우선 점검 후보
2023-10-29,AST-5007,A2,0,0.0032591577601038,6.852689368053666e-12,6.922725329030118e-15,MRO-10045;MRO-10046;MRO-10047,MRO-10045;MRO-10046;MRO-10047,EOT Crane,PUN-01,train,12,normal,normal,approved_on_validation,우선 점검 후보
2023-10-30,AST-1041,A2,6,6.445703086330759,0.1219312631348919,0.0798404255321669,MRO-20031;MRO-10045;MRO-50009,MRO-20031;MRO-10045;MRO-50009,CNC Lathe,PUN-01,train,12,risk,risk,approved_on_validation,우선 점검 후보
2023-10-30,AST-1042,A2,2,6.671787732050936,0.1369872434302577,0.0901919426830244,MRO-10045;MRO-10046;MRO-80001,MRO-10045;MRO-10046;MRO-80001,CNC Lathe,PUN-01,train,12,caution,risk,approved_on_validation,우선 점검 후보
2023-10-30,AST-2017,A2,5,8.64783223886201,0.264743419073409,0.1953768017273936,MRO-10045;MRO-10047;MRO-80001,MRO-10045;MRO-10047;MRO-80001,Hydraulic Press,PUN-01,train,12,caution,risk,approved_on_validation,우선 점검 후보
2023-10-30,AST-2031,A2,8,7.538342717627665,0.1878725289333204,0.1319788222579811,MRO-10045;MRO-10046;MRO-10047,MRO-10045;MRO-10046;MRO-10047,Hydraulic Press,CHN-02,train,12,risk,risk,approved_on_validation,우선 점검 후보
2023-10-30,AST-3008,A2,10,7.469984846805475,0.1844600854062174,0.127160064157622,MRO-10045;MRO-10047;MRO-20031,MRO-10045;MRO-10047;MRO-20031,Belt Conveyor,CHN-02,train,12,risk,risk,approved_on_validation,우선 점검 후보
2023-10-30,AST-3019,A2,2,6.158980579962,0.1077359893237628,0.0687236239992286,MRO-20033;MRO-10047;MRO-80001,MRO-10047;MRO-80001;MRO-10045,Belt Conveyor,CHN-02,train,12,caution,risk,approved_on_validation,우선 점검 후보
2023-10-30,AST-4055,A2,13,8.241213776008093,0.2357249829843574,0.1719265431099622,MRO-10045;MRO-70004;MRO-10047,MRO-10045;MRO-10047;MRO-10046,Screw Compressor,DHR-03,train,12,high_risk,risk,approved_on_validation,우선 점검 후보
2023-10-30,AST-4061,A2,4,6.927935239282993,0.1491779735928537,0.1005813853995615,MRO-40022;MRO-50009;MRO-10047,MRO-50009;MRO-10047;MRO-20031,Screw Compressor,DHR-03,train,12,caution,risk,approved_on_validation,우선 점검 후보
2023-10-30,AST-5003,A2,11,8.345463413969913,0.2415762542319251,0.1761396472221851,MRO-10045;MRO-10047;MRO-10046,MRO-10045;MRO-10047;MRO-10046,EOT Crane,DHR-03,train,12,risk,risk,approved_on_validation,우선 점검 후보
2023-10-30,AST-5007,A2,2,5.532956989634742,0.0788546122658215,0.0475015911225596,MRO-10045;MRO-50009;MRO-20031,MRO-10045;MRO-50009;MRO-20031,EOT Crane,PUN-01,train,12,caution,caution,approved_on_validation,우선 점검 후보
2023-10-31,AST-1041,A2,4,7.4367456927299935,0.181151342070436,0.1269232118276005,MRO-50009;MRO-20033;MRO-10045,MRO-50009;MRO-10045;MRO-10046,CNC Lathe,PUN-01,train,12,caution,risk,approved_on_validation,우선 점검 후보
2023-10-31,AST-1042,A2,4,6.492195717395396,0.1281270127903803,0.082342629321921,MRO-10045;MRO-10046;MRO-80001,MRO-10045;MRO-10046;MRO-80001,CNC Lathe,PUN-01,train,12,caution,risk,approved_on_validation,우선 점검 후보
2023-10-31,AST-2017,A2,17,8.65573392530116,0.264108455272233,0.1958982095967012,MRO-10045;MRO-10047;MRO-50009,MRO-10045;MRO-10047;MRO-50009,Hydraulic Press,PUN-01,train,12,high_risk,risk,approved_on_validation,우선 점검 후보
2023-10-31,AST-2031,A2,5,7.582368194655735,0.1891254110024982,0.1334246426876033,MRO-10046;MRO-50009;MRO-10045,MRO-10046;MRO-50009;MRO-10045,Hydraulic Press,CHN-02,train,12,caution,risk,approved_on_validation,우선 점검 후보
2023-10-31,AST-3008,A2,16,7.85501249261869,0.2074607956252961,0.1461197030901389,MRO-50008;MRO-10047;MRO-20031,MRO-10047;MRO-20031;MRO-80001,Belt Conveyor,CHN-02,train,12,high_risk,risk,approved_on_validation,우선 점검 후보
2023-10-31,AST-3019,A2,8,7.70968587129938,0.1860727915206959,0.1329857408075371,MRO-40022;MRO-30012;MRO-40021,MRO-10047;MRO-80001;MRO-10045,Belt Conveyor,CHN-02,train,12,risk,risk,approved_on_validation,우선 점검 후보
2023-10-31,AST-4055,A2,4,7.930123909440477,0.2155155910334887,0.1529184792605833,MRO-10045;MRO-10047;MRO-20031,MRO-10045;MRO-10047;MRO-20031,Screw Compressor,DHR-03,train,12,caution,risk,approved_on_validation,우선 점검 후보
2023-10-31,AST-4061,A2,2,6.3503874248894085,0.1196500606319775,0.0763246484733226,MRO-50009;MRO-40022;MRO-80001,MRO-50009;MRO-80001;MRO-10045,Screw Compressor,DHR-03,train,12,caution,risk,approved_on_validation,우선 점검 후보
2023-10-31,AST-5003,A2,6,8.575348051209346,0.2586676188428379,0.1900559350596398,MRO-20031;MRO-10045;MRO-50009,MRO-20031;MRO-10045;MRO-50009,EOT Crane,DHR-03,train,12,risk,risk,approved_on_validation,우선 점검 후보
2023-10-31,AST-5007,A2,0,5.764952613177093,0.0883308796805606,0.0546588925172015,MRO-10046;MRO-10045;MRO-50009,MRO-10046;MRO-10045;MRO-50009,EOT Crane,PUN-01,train,12,normal,caution,approved_on_validation,우선 점검 후보
2023-11-01,AST-1041,A2,7,6.7054990341864595,0.1380036814209772,0.0908443529802469,MRO-10046;MRO-80001;MRO-10045,MRO-10046;MRO-80001;MRO-10045,CNC Lathe,PUN-01,train,12,risk,risk,approved_on_validation,우선 점검 후보
2023-11-01,AST-1042,A2,0,7.217892464290251,0.1720247873143683,0.1158389506147905,MRO-10046;MRO-80001;MRO-10047,MRO-10046;MRO-80001;MRO-10047,CNC Lathe,PUN-01,train,12,normal,risk,approved_on_validation,우선 점검 후보
2023-11-01,AST-2017,A2,8,8.584829194240735,0.2617787173221137,0.1916298674537143,MRO-10047;MRO-50009;MRO-10045,MRO-10047;MRO-50009;MRO-10045,Hydraulic Press,PUN-01,train,12,risk,risk,approved_on_validation,우선 점검 후보
2023-11-01,AST-2031,A2,3,7.916666316319658,0.2118954750470668,0.1525445603760629,MRO-10045;MRO-20031;MRO-10047,MRO-10045;MRO-20031;MRO-10047,Hydraulic Press,CHN-02,train,12,caution,risk,approved_on_validation,우선 점검 후보
2023-11-01,AST-3008,A2,9,6.879481641946839,0.1462243191052964,0.0976422124796769,MRO-10047;MRO-10045;MRO-20031,MRO-10047;MRO-10045;MRO-20031,Belt Conveyor,CHN-02,train,12,risk,risk,approved_on_validation,우선 점검 후보
2023-11-01,AST-3019,A2,3,6.058122042390477,0.1042956951293094,0.0670547848888635,MRO-10047;MRO-80001;MRO-10045,MRO-10047;MRO-80001;MRO-10045,Belt Conveyor,CHN-02,train,12,caution,risk,approved_on_validation,우선 점검 후보
2023-11-01,AST-4055,A2,2,8.452450833485074,0.2530903203571324,0.1828665108350941,MRO-20031;MRO-10046;MRO-50009,MRO-20031;MRO-10046;MRO-50009,Screw Compressor,DHR-03,train,12,caution,risk,approved_on_validation,우선 점검 후보
2023-11-01,AST-4061,A2,7,6.947301558383296,0.1521912454982778,0.1012102320835262,MRO-50009;MRO-80001;MRO-10045,MRO-50009;MRO-80001;MRO-10045,Screw Compressor,DHR-03,train,12,risk,risk,approved_on_validation,우선 점검 후보
2023-11-01,AST-5003,A2,16,9.708734834573235,0.3417626354419166,0.2649011271346679,MRO-10046;MRO-40021;MRO-10045,MRO-10046;MRO-10045;MRO-80001,EOT Crane,DHR-03,train,12,high_risk,risk,approved_on_validation,우선 점검 후보
2023-11-01,AST-5007,A2,2,5.863584941399971,0.0949128136724823,0.0595953992094008,MRO-10045;MRO-50009;MRO-10047,MRO-10045;MRO-50009;MRO-10047,EOT Crane,PUN-01,train,12,caution,risk,approved_on_validation,우선 점검 후보
2023-11-02,AST-1041,A2,12,7.51035898588483,0.1879984891089966,0.1301275294028585,MRO-20031;MRO-10046;MRO-10047,MRO-20031;MRO-10046;MRO-10047,CNC Lathe,PUN-01,train,12,high_risk,risk,approved_on_validation,우선 점검 후보
2023-11-02,AST-1042,A2,8,6.859090214249878,0.1504954899122545,0.0986368096860834,MRO-50009;MRO-10045;MRO-10046,MRO-50009;MRO-10045;MRO-10046,CNC Lathe,PUN-01,train,12,risk,risk,approved_on_validation,우선 점검 후보
2023-11-02,AST-2017,A2,6,8.540452391875544,0.2553123927387665,0.1883516682104988,MRO-10045;MRO-40022;MRO-10047,MRO-10045;MRO-10047;MRO-10046,Hydraulic Press,PUN-01,train,12,risk,risk,approved_on_validation,우선 점검 후보
2023-11-02,AST-2031,A2,14,7.583435469703831,0.1923996343189982,0.1341010054185932,MRO-10047;MRO-10045;MRO-20031,MRO-10047;MRO-10045;MRO-20031,Hydraulic Press,CHN-02,train,12,high_risk,risk,approved_on_validation,우선 점검 후보
2023-11-02,AST-3008,A2,5,7.056122421668092,0.1598372486145696,0.1069579499622157,MRO-20031;MRO-80001;MRO-10046,MRO-20031;MRO-80001;MRO-10046,Belt Conveyor,CHN-02,train,12,caution,risk,approved_on_validation,우선 점검 후보
2023-11-02,AST-3019,A2,11,6.2107242295162095,0.11268594036067,0.0718775069186263,MRO-10047;MRO-10045;MRO-80001,MRO-10047;MRO-10045;MRO-80001,Belt Conveyor,CHN-02,train,12,risk,risk,approved_on_validation,우선 점검 후보
2023-11-02,AST-4055,A2,14,8.150982337732536,0.2332822219443002,0.1650248647249237,MRO-10045;MRO-10046;MRO-10047,MRO-10045;MRO-10046;MRO-10047,Screw Compressor,DHR-03,train,12,high_risk,risk,approved_on_validation,우선 점검 후보
2023-11-02,AST-4061,A2,4,6.885182045722313,0.1487777571859651,0.0986117651436119,MRO-80001;MRO-10046;MRO-10047,MRO-80001;MRO-10046;MRO-10047,Screw Compressor,DHR-03,train,12,caution,risk,approved_on_validation,우선 점검 후보
2023-11-02,AST-5003,A2,6,8.071394341100286,0.2226239673345794,0.1595551365797305,MRO-40021;MRO-10047;MRO-50009,MRO-10047;MRO-50009;MRO-10045,EOT Crane,DHR-03,train,12,risk,risk,approved_on_validation,우선 점검 후보
2023-11-02,AST-5007,A2,0,5.6154301418147545,0.0821633968422822,0.0500245722993211,MRO-10045;MRO-50009;MRO-10047,MRO-10045;MRO-50009;MRO-10047,EOT Crane,PUN-01,train,12,normal,caution,approved_on_validation,우선 점검 후보
2023-11-03,AST-1041,A2,5,6.796423147406249,0.141792967547129,0.0943024138880922,MRO-80001;MRO-30011;MRO-10045,MRO-80001;MRO-10045;MRO-10047,CNC Lathe,PUN-01,train,12,caution,risk,approved_on_validation,우선 점검 후보
2023-11-03,AST-1042,A2,8,6.989121317002177,0.1547398899636711,0.104192059146222,MRO-50009;MRO-10045;MRO-80001,MRO-50009;MRO-10045;MRO-80001,CNC Lathe,PUN-01,train,12,risk,risk,approved_on_validation,우선 점검 후보
2023-11-03,AST-2017,A2,2,8.574758251166632,0.2611063400263175,0.1902623917842021,MRO-20031;MRO-10045;MRO-10046,MRO-20031;MRO-10045;MRO-10046,Hydraulic Press,PUN-01,train,12,caution,risk,approved_on_validation,우선 점검 후보
2023-11-03,AST-2031,A2,8,7.612269533953543,0.1920537517555174,0.1357038910560155,MRO-10046;MRO-10045;MRO-50009,MRO-10046;MRO-10045;MRO-50009,Hydraulic Press,CHN-02,train,12,risk,risk,approved_on_validation,우선 점검 후보
2023-11-03,AST-3008,A2,21,7.940283845497199,0.2150590874347792,0.152980554543887,MRO-10045;MRO-80001;MRO-10047,MRO-10045;MRO-80001;MRO-10047,Belt Conveyor,CHN-02,train,12,high_risk,risk,approved_on_validation,우선 점검 후보
2023-11-03,AST-3019,A2,6,6.054547236844888,0.101290688713433,0.065971933872161,MRO-70005;MRO-20031;MRO-40022,MRO-20031;MRO-10045;MRO-80001,Belt Conveyor,CHN-02,train,12,risk,risk,approved_on_validation,우선 점검 후보
2023-11-03,AST-4055,A2,4,7.962156027966711,0.2181166584032018,0.1545866385919104,MRO-10045;MRO-10046;MRO-20031,MRO-10045;MRO-10046;MRO-20031,Screw Compressor,DHR-03,train,12,caution,risk,approved_on_validation,우선 점검 후보
2023-11-03,AST-4061,A2,9,7.0658267552502645,0.1588058462454545,0.1075388338802908,MRO-10045;MRO-50009;MRO-80001,MRO-10045;MRO-50009;MRO-80001,Screw Compressor,DHR-03,train,12,risk,risk,approved_on_validation,우선 점검 후보
2023-11-03,AST-5003,A2,11,7.688006334344531,0.1977776033588894,0.1392113121848381,MRO-10046;MRO-10047;MRO-50009,MRO-10046;MRO-10047;MRO-50009,EOT Crane,DHR-03,train,12,risk,risk,approved_on_validation,우선 점검 후보
2023-11-03,AST-5007,A2,6,5.7762058396276865,0.0892707101629537,0.0546940176836794,MRO-50008;MRO-10045;MRO-50009,MRO-10045;MRO-50009;MRO-10047,EOT Crane,PUN-01,train,12,risk,caution,approved_on_validation,우선 점검 후보
2023-11-04,AST-1041,A2,0,0.0032317417073557,6.531180241864928e-12,6.5939860373383356e-15,MRO-10045;MRO-50009;MRO-80001,MRO-10045;MRO-50009;MRO-80001,CNC Lathe,PUN-01,train,12,normal,normal,approved_on_validation,우선 점검 후보
2023-11-04,AST-1042,A2,0,0.0032437205144657,6.615383289224303e-12,6.710286985780968e-15,MRO-10047;MRO-10045;MRO-20031,MRO-10047;MRO-10045;MRO-20031,CNC Lathe,PUN-01,train,12,normal,normal,approved_on_validation,우선 점검 후보
2023-11-04,AST-2017,A2,0,0.0032330770376956,6.575574452804919e-12,6.629554217016335e-15,MRO-10045;MRO-10046;MRO-10047,MRO-10045;MRO-10046;MRO-10047,Hydraulic Press,PUN-01,train,12,normal,normal,approved_on_validation,우선 점검 후보
2023-11-04,AST-2031,A2,0,0.0032390941588022,6.697707355915107e-12,6.746943795196705e-15,MRO-10047;MRO-10046;MRO-50009,MRO-10047;MRO-10046;MRO-50009,Hydraulic Press,CHN-02,train,12,normal,normal,approved_on_validation,우선 점검 후보
2023-11-04,AST-3008,A2,0,0.0032378664637832,6.606470452230149e-12,6.652817270216954e-15,MRO-10045;MRO-20031;MRO-30011,MRO-10045;MRO-20031;MRO-10046,Belt Conveyor,CHN-02,train,12,normal,normal,approved_on_validation,우선 점검 후보
2023-11-04,AST-3019,A2,0,0.0032377938793248,6.608379614847977e-12,6.666537916408785e-15,MRO-20031;MRO-10045;MRO-10046,MRO-20031;MRO-10045;MRO-10046,Belt Conveyor,CHN-02,train,12,normal,normal,approved_on_validation,우선 점검 후보
2023-11-04,AST-4055,A2,0,0.0032504239659716,6.660017641778096e-12,6.759052167380647e-15,MRO-10045;MRO-10046;MRO-80001,MRO-10045;MRO-10046;MRO-80001,Screw Compressor,DHR-03,train,12,normal,normal,approved_on_validation,우선 점검 후보
2023-11-04,AST-4061,A2,0,0.003249307089156,6.62655609000182e-12,6.7380113852650105e-15,MRO-10046;MRO-10047;MRO-20031,MRO-10046;MRO-10047;MRO-20031,Screw Compressor,DHR-03,train,12,normal,normal,approved_on_validation,우선 점검 후보
2023-11-04,AST-5003,A2,0,0.0032808560077897,5.757328419213117e-12,6.4732067018752746e-15,MRO-70005;MRO-20033;MRO-40022,MRO-10047;MRO-80001;MRO-10045,EOT Crane,DHR-03,train,12,normal,normal,approved_on_validation,우선 점검 후보
2023-11-04,AST-5007,A2,0,0.0032322338684308,6.602618221057752e-12,6.628601370607487e-15,MRO-10045;MRO-10046;MRO-20031,MRO-10045;MRO-10046;MRO-20031,EOT Crane,PUN-01,train,12,normal,normal,approved_on_validation,우선 점검 후보
2023-11-05,AST-1041,A2,0,0.0032379610492469,6.620316902996668e-12,6.680568031050709e-15,MRO-10045;MRO-10046;MRO-10047,MRO-10045;MRO-10046;MRO-10047,CNC Lathe,PUN-01,train,12,normal,normal,approved_on_validation,우선 점검 후보
2023-11-05,AST-1042,A2,0,0.0032436382053937,6.613339247603528e-12,6.708469986022665e-15,MRO-10045;MRO-10046;MRO-20031,MRO-10045;MRO-10046;MRO-20031,CNC Lathe,PUN-01,train,12,normal,normal,approved_on_validation,우선 점검 후보
2023-11-05,AST-2017,A2,0,0.0032493179691852,6.6205251958888606e-12,6.7209256489960555e-15,MRO-60016;MRO-10045;MRO-10046,MRO-10045;MRO-10046;MRO-10047,Hydraulic Press,PUN-01,train,12,normal,normal,approved_on_validation,우선 점검 후보
2023-11-05,AST-2031,A2,0,0.0032512651644515,6.733455991940651e-12,6.812645190429093e-15,MRO-10047;MRO-10046;MRO-20031,MRO-10047;MRO-10046;MRO-20031,Hydraulic Press,CHN-02,train,12,normal,normal,approved_on_validation,우선 점검 후보
2023-11-05,AST-3008,A2,0,0.0032854913811901,5.728067943327256e-12,6.478609651352559e-15,MRO-70005;MRO-70004;MRO-20031,MRO-20031;MRO-10046;MRO-50009,Belt Conveyor,CHN-02,train,12,normal,normal,approved_on_validation,우선 점검 후보
2023-11-05,AST-3019,A2,0,0.0032413030411273,6.61335078969343e-12,6.691109974915471e-15,MRO-10045;MRO-10046;MRO-10047,MRO-10045;MRO-10046;MRO-10047,Belt Conveyor,CHN-02,train,12,normal,normal,approved_on_validation,우선 점검 후보
2023-11-05,AST-4055,A2,0,0.0032548766727623,6.706523539006939e-12,6.8090460465606315e-15,MRO-10045;MRO-10046;MRO-10047,MRO-10045;MRO-10046;MRO-10047,Screw Compressor,DHR-03,train,12,normal,normal,approved_on_validation,우선 점검 후보
2023-11-05,AST-4061,A2,0,0.0032346703464651,6.5459240122064025e-12,6.6234371167352415e-15,MRO-10046;MRO-10047;MRO-20031,MRO-10046;MRO-10047;MRO-20031,Screw Compressor,DHR-03,train,12,normal,normal,approved_on_validation,우선 점검 후보
2023-11-05,AST-5003,A2,0,0.0036631021137376,8.62312360669498e-12,1.0588736129600205e-14,MRO-70005;MRO-40021;MRO-70004,MRO-10046;MRO-10045;MRO-50009,EOT Crane,DHR-03,train,12,normal,normal,approved_on_validation,우선 점검 후보
2023-11-05,AST-5007,A2,0,0.0031748655800886,5.458596325578219e-12,5.846133407366043e-15,MRO-70005;MRO-80002;MRO-10045,MRO-10045;MRO-10046;MRO-20031,EOT Crane,PUN-01,train,12,normal,normal,approved_on_validation,우선 점검 후보
2023-11-06,AST-1041,A2,12,7.105826036657416,0.1630994061756742,0.109652232883202,MRO-80001;MRO-10047;MRO-20031,MRO-80001;MRO-10047;MRO-20031,CNC Lathe,PUN-01,train,12,high_risk,risk,approved_on_validation,우선 점검 후보
2023-11-06,AST-1042,A2,6,7.043215147657502,0.159461481724957,0.1068952071579524,MRO-10046;MRO-10047;MRO-80001,MRO-10046;MRO-10047;MRO-80001,CNC Lathe,PUN-01,train,12,risk,risk,approved_on_validation,우선 점검 후보
2023-11-06,AST-2017,A2,14,8.941088782184792,0.2848723694970154,0.214731121220515,MRO-10045;MRO-10046;MRO-10047,MRO-10045;MRO-10046;MRO-10047,Hydraulic Press,PUN-01,train,12,high_risk,risk,approved_on_validation,우선 점검 후보
2023-11-06,AST-2031,A2,10,8.374775792799758,0.2439360118590376,0.1776564485827831,MRO-10045;MRO-10047;MRO-20031,MRO-10045;MRO-10047;MRO-20031,Hydraulic Press,CHN-02,train,12,risk,risk,approved_on_validation,우선 점검 후보
2023-11-06,AST-3008,A2,7,6.772572513452524,0.1378246516698945,0.0931831404465302,MRO-20031;MRO-10046;MRO-50009,MRO-20031;MRO-10046;MRO-50009,Belt Conveyor,CHN-02,train,12,risk,risk,approved_on_validation,우선 점검 후보
2023-11-06,AST-3019,A2,4,6.21446117532495,0.1133347921565895,0.0723593242986498,MRO-10047;MRO-20031;MRO-50009,MRO-10047;MRO-20031;MRO-50009,Belt Conveyor,CHN-02,train,12,caution,risk,approved_on_validation,우선 점검 후보
2023-11-06,AST-4055,A2,3,8.44125208626874,0.2506618083161416,0.1823933063669783,MRO-10047;MRO-10046;MRO-20031,MRO-10047;MRO-10046;MRO-20031,Screw Compressor,DHR-03,train,12,caution,risk,approved_on_validation,우선 점검 후보
2023-11-06,AST-4061,A2,10,6.864045638234881,0.1474491506242601,0.098598904388831,MRO-50009;MRO-80001;MRO-10046,MRO-50009;MRO-80001;MRO-10046,Screw Compressor,DHR-03,train,12,risk,risk,approved_on_validation,우선 점검 후보
2023-11-06,AST-5003,A2,6,9.057883897758437,0.2903841857406873,0.2207336224601675,MRO-30012;MRO-20033;MRO-10045,MRO-10045;MRO-10046;MRO-10047,EOT Crane,DHR-03,train,12,risk,risk,approved_on_validation,우선 점검 후보
2023-11-06,AST-5007,A2,8,5.9265588402461065,0.0969544434929197,0.0600253486427268,MRO-80001;MRO-10047;MRO-10045,MRO-80001;MRO-10047;MRO-10045,EOT Crane,PUN-01,train,12,risk,risk,approved_on_validation,우선 점검 후보
2023-11-07,AST-1041,A2,19,10.583473554470636,0.4144756914481054,0.3304090332551609,MRO-50009;MRO-10045;MRO-80001,MRO-50009;MRO-10045;MRO-80001,CNC Lathe,PUN-01,train,12,high_risk,risk,approved_on_validation,우선 점검 후보
2023-11-07,AST-1042,A2,6,6.87649844281677,0.1486751098151474,0.0998326464755626,MRO-20031;MRO-10047;MRO-10046,MRO-20031;MRO-10047;MRO-10046,CNC Lathe,PUN-01,train,12,risk,risk,approved_on_validation,우선 점검 후보
2023-11-07,AST-2017,A2,12,9.078635699854958,0.2939167178761279,0.22234614245574,MRO-40022;MRO-10045;MRO-10046,MRO-10045;MRO-10046;MRO-10047,Hydraulic Press,PUN-01,train,12,high_risk,risk,approved_on_validation,우선 점검 후보
2023-11-07,AST-2031,A2,8,7.754060241463803,0.201989077327324,0.142541677098132,MRO-10047;MRO-10045;MRO-20031,MRO-10047;MRO-10045;MRO-20031,Hydraulic Press,CHN-02,train,12,risk,risk,approved_on_validation,우선 점검 후보
2023-11-07,AST-3008,A2,2,6.666553500712091,0.1343461389232228,0.0882937346283063,MRO-10047;MRO-20031;MRO-10046,MRO-10047;MRO-20031;MRO-10046,Belt Conveyor,CHN-02,train,12,caution,risk,approved_on_validation,우선 점검 후보
2023-11-07,AST-3019,A2,3,5.856857646839325,0.0964810994315608,0.0602968894489358,MRO-20031;MRO-10047;MRO-50009,MRO-20031;MRO-10047;MRO-50009,Belt Conveyor,CHN-02,train,12,caution,risk,approved_on_validation,우선 점검 후보
2023-11-07,AST-4055,A2,4,8.416486586176251,0.2503797637887304,0.1805553883894963,MRO-20031;MRO-80001;MRO-10045,MRO-20031;MRO-80001;MRO-10045,Screw Compressor,DHR-03,train,12,caution,risk,approved_on_validation,우선 점검 후보
2023-11-07,AST-4061,A2,8,6.66106752459349,0.1358493578150083,0.0884313150369561,MRO-40022;MRO-10046;MRO-50009,MRO-10046;MRO-50009;MRO-10047,Screw Compressor,DHR-03,train,12,risk,risk,approved_on_validation,우선 점검 후보
2023-11-07,AST-5003,A2,0,7.82476652882281,0.2068089750523273,0.1465588912972587,MRO-10045;MRO-50009;MRO-80001,MRO-10045;MRO-50009;MRO-80001,EOT Crane,DHR-03,train,12,normal,risk,approved_on_validation,우선 점검 후보
2023-11-07,AST-5007,A2,2,5.711938265473767,0.0864282698245278,0.0524549483369268,MRO-80001;MRO-40022;MRO-40021,MRO-80001;MRO-10047;MRO-10045,EOT Crane,PUN-01,train,12,caution,caution,approved_on_validation,우선 점검 후보
2023-11-08,AST-1041,A2,2,6.019230614099222,0.1009457943219552,0.0636276400934073,MRO-10045;MRO-10047;MRO-20031,MRO-10045;MRO-10047;MRO-20031,CNC Lathe,PUN-01,train,12,caution,risk,approved_on_validation,우선 점검 후보
2023-11-08,AST-1042,A2,10,6.846146376542858,0.148363095626526,0.0982015506029087,MRO-10045;MRO-20031;MRO-10047,MRO-10045;MRO-20031;MRO-10047,CNC Lathe,PUN-01,train,12,risk,risk,approved_on_validation,우선 점검 후보
2023-11-08,AST-2017,A2,21,8.990071379856282,0.292247667881695,0.2179786362995126,MRO-50009;MRO-80001;MRO-20031,MRO-50009;MRO-80001;MRO-20031,Hydraulic Press,PUN-01,train,12,high_risk,risk,approved_on_validation,우선 점검 후보
2023-11-08,AST-2031,A2,8,7.580118360734636,0.1899032135921381,0.1340773086009722,MRO-10045;MRO-50009;MRO-10047,MRO-10045;MRO-50009;MRO-10047,Hydraulic Press,CHN-02,train,12,risk,risk,approved_on_validation,우선 점검 후보
2023-11-08,AST-3008,A2,1,6.122331303642215,0.1057437268722673,0.0673874932194739,MRO-10046;MRO-50009;MRO-80001,MRO-10046;MRO-50009;MRO-80001,Belt Conveyor,CHN-02,train,12,caution,risk,approved_on_validation,우선 점검 후보
2023-11-08,AST-3019,A2,11,6.12141456489722,0.1086004832238588,0.0686361344946061,MRO-20031;MRO-10047;MRO-50009,MRO-20031;MRO-10047;MRO-50009,Belt Conveyor,CHN-02,train,12,risk,risk,approved_on_validation,우선 점검 후보
2023-11-08,AST-4055,A2,6,8.29932629462208,0.2425004507875895,0.1736618819103649,MRO-20031;MRO-50009;MRO-10047,MRO-20031;MRO-50009;MRO-10047,Screw Compressor,DHR-03,train,12,risk,risk,approved_on_validation,우선 점검 후보
2023-11-08,AST-4061,A2,4,6.4864970537845394,0.1269313382443218,0.0816457850057394,MRO-10046;MRO-50009;MRO-10047,MRO-10046;MRO-50009;MRO-10047,Screw Compressor,DHR-03,train,12,caution,risk,approved_on_validation,우선 점검 후보
2023-11-08,AST-5003,A2,4,8.017429242639725,0.2194049948719144,0.1573732171110302,MRO-10045;MRO-50009;MRO-80001,MRO-10045;MRO-50009;MRO-80001,EOT Crane,DHR-03,train,12,caution,risk,approved_on_validation,우선 점검 후보
2023-11-08,AST-5007,A2,18,6.319053349022101,0.117194941745106,0.0757268517123747,MRO-80001;MRO-50009;MRO-20031,MRO-80001;MRO-50009;MRO-20031,EOT Crane,PUN-01,train,12,high_risk,risk,approved_on_validation,우선 점검 후보
2023-11-09,AST-1041,A2,8,7.862855637135962,0.209330525746586,0.1492530195395358,MRO-10045;MRO-10047;MRO-80001,MRO-10045;MRO-10047;MRO-80001,CNC Lathe,PUN-01,train,12,risk,risk,approved_on_validation,우선 점검 후보
2023-11-09,AST-1042,A2,8,7.187018072405848,0.1688908433412274,0.1134324089781438,MRO-10046;MRO-80001;MRO-20031,MRO-10046;MRO-80001;MRO-20031,CNC Lathe,PUN-01,train,12,risk,risk,approved_on_validation,우선 점검 후보
2023-11-09,AST-2017,A2,10,8.322524725549744,0.2457710236609162,0.1757344596425903,MRO-50009;MRO-10046;MRO-10047,MRO-50009;MRO-10046;MRO-10047,Hydraulic Press,PUN-01,train,12,risk,risk,approved_on_validation,우선 점검 후보
2023-11-09,AST-2031,A2,3,7.783656387277,0.2044273452295149,0.1458015600898776,MRO-10045;MRO-50009;MRO-80001,MRO-10045;MRO-50009;MRO-80001,Hydraulic Press,CHN-02,train,12,caution,risk,approved_on_validation,우선 점검 후보
2023-11-09,AST-3008,A2,3,7.253159008749623,0.1713002656583237,0.1165912884270751,MRO-10046;MRO-50009;MRO-80001,MRO-10046;MRO-50009;MRO-80001,Belt Conveyor,CHN-02,train,12,caution,risk,approved_on_validation,우선 점검 후보
2023-11-09,AST-3019,A2,6,6.062848920957363,0.1064362805223735,0.0670814303769642,MRO-10046;MRO-10047;MRO-20031,MRO-10046;MRO-10047;MRO-20031,Belt Conveyor,CHN-02,train,12,risk,risk,approved_on_validation,우선 점검 후보
2023-11-09,AST-4055,A2,11,8.69741399682563,0.2680094184571018,0.1982591658553927,MRO-10047;MRO-10045;MRO-10046,MRO-10047;MRO-10045;MRO-10046,Screw Compressor,DHR-03,train,12,risk,risk,approved_on_validation,우선 점검 후보
2023-11-09,AST-4061,A2,6,7.010872121590894,0.1559893446440824,0.1048356913149331,MRO-10047;MRO-50009;MRO-80001,MRO-10047;MRO-50009;MRO-80001,Screw Compressor,DHR-03,train,12,risk,risk,approved_on_validation,우선 점검 후보
2023-11-09,AST-5003,A2,6,7.304694881992296,0.1733602201340097,0.1195995246967444,MRO-80001;MRO-20031;MRO-10045,MRO-80001;MRO-20031;MRO-10045,EOT Crane,DHR-03,train,12,risk,risk,approved_on_validation,우선 점검 후보
2023-11-09,AST-5007,A2,8,6.245829669177887,0.1141386916819357,0.0721440119994001,MRO-50009;MRO-10047;MRO-20031,MRO-50009;MRO-10047;MRO-20031,EOT Crane,PUN-01,train,12,risk,risk,approved_on_validation,우선 점검 후보
2023-11-10,AST-1041,A2,3,6.565231755371145,0.1291851951172736,0.0845602621595169,MRO-10045;MRO-50008;MRO-10046,MRO-10045;MRO-10046;MRO-10047,CNC Lathe,PUN-01,train,12,caution,risk,approved_on_validation,우선 점검 후보
2023-11-10,AST-1042,A2,6,7.285381080441802,0.1707413233403266,0.1194818886549004,MRO-10045;MRO-80001;MRO-10046,MRO-10045;MRO-80001;MRO-10046,CNC Lathe,PUN-01,train,12,risk,risk,approved_on_validation,우선 점검 후보
2023-11-10,AST-2017,A2,4,8.404628620718862,0.2497865472178895,0.1814448243334833,MRO-80001;MRO-10046;MRO-50009,MRO-80001;MRO-10046;MRO-50009,Hydraulic Press,PUN-01,train,12,caution,risk,approved_on_validation,우선 점검 후보
2023-11-10,AST-2031,A2,14,7.629856993002489,0.1958516420222686,0.1362869365386033,MRO-10046;MRO-20031;MRO-10047,MRO-10046;MRO-20031;MRO-10047,Hydraulic Press,CHN-02,train,12,high_risk,risk,approved_on_validation,우선 점검 후보
2023-11-10,AST-3008,A2,10,7.757756042942267,0.2018059608211919,0.1429742734218383,MRO-80001;MRO-10046;MRO-50009,MRO-80001;MRO-10046;MRO-50009,Belt Conveyor,CHN-02,train,12,risk,risk,approved_on_validation,우선 점검 후보
2023-11-10,AST-3019,A2,6,6.233830191331116,0.1146060621342286,0.0727183294252359,MRO-80001;MRO-10046;MRO-20031,MRO-80001;MRO-10046;MRO-20031,Belt Conveyor,CHN-02,train,12,risk,risk,approved_on_validation,우선 점검 후보
2023-11-10,AST-4055,A2,8,8.11909138653334,0.2263253917953593,0.1629669469434848,MRO-10047;MRO-10046;MRO-10045,MRO-10047;MRO-10046;MRO-10045,Screw Compressor,DHR-03,train,12,risk,risk,approved_on_validation,우선 점검 후보
2023-11-10,AST-4061,A2,4,6.335262429355827,0.1184438869042931,0.0760180381982546,MRO-50009;MRO-80001;MRO-10047,MRO-50009;MRO-80001;MRO-10047,Screw Compressor,DHR-03,train,12,caution,risk,approved_on_validation,우선 점검 후보
2023-11-10,AST-5003,A2,2,7.808671632306147,0.2061177568437574,0.1475580329290013,MRO-10045;MRO-20031;MRO-50009,MRO-10045;MRO-20031;MRO-50009,EOT Crane,DHR-03,train,12,caution,risk,approved_on_validation,우선 점검 후보
2023-11-10,AST-5007,A2,6,5.712255330339494,0.0849783415860842,0.0536423899519794,MRO-20032;MRO-10047;MRO-50009,MRO-10047;MRO-50009;MRO-10045,EOT Crane,PUN-01,train,12,risk,caution,approved_on_validation,우선 점검 후보
2023-11-11,AST-1041,A2,0,0.0032172936613448,6.545659079551109e-12,6.5538249682854514e-15,MRO-10046;MRO-10047;MRO-20031,MRO-10046;MRO-10047;MRO-20031,CNC Lathe,PUN-01,train,12,normal,normal,approved_on_validation,우선 점검 후보
2023-11-11,AST-1042,A2,0,0.0032434721531401,6.615378380263407e-12,6.709464915338864e-15,MRO-10046;MRO-10045;MRO-10047,MRO-10046;MRO-10045;MRO-10047,CNC Lathe,PUN-01,train,12,normal,normal,approved_on_validation,우선 점검 후보
2023-11-11,AST-2017,A2,0,0.003294668072719,6.3295434929899696e-12,6.928652131160051e-15,MRO-70005;MRO-70004;MRO-10045,MRO-10045;MRO-10046;MRO-20031,Hydraulic Press,PUN-01,train,12,normal,normal,approved_on_validation,우선 점검 후보
2023-11-11,AST-2031,A2,0,0.0032652922094008,6.740407174515279e-12,6.912776050005311e-15,MRO-20032;MRO-90011;MRO-70004,MRO-10047;MRO-10045;MRO-50009,Hydraulic Press,CHN-02,train,12,normal,normal,approved_on_validation,우선 점검 후보
2023-11-11,AST-3008,A2,0,0.0033375357836521,6.516589918319792e-12,7.2802020230649e-15,MRO-70005;MRO-10046;MRO-10047,MRO-10046;MRO-10047;MRO-20031,Belt Conveyor,CHN-02,train,12,normal,normal,approved_on_validation,우선 점검 후보
2023-11-11,AST-3019,A2,0,0.0032580881169249,6.769705633102385e-12,6.8559883476763715e-15,MRO-80001;MRO-40021;MRO-10045,MRO-80001;MRO-10045;MRO-10047,Belt Conveyor,CHN-02,train,12,normal,normal,approved_on_validation,우선 점검 후보
2023-11-11,AST-4055,A2,0,0.0032721510227185,6.643291479813421e-12,6.904054641960905e-15,MRO-70005;MRO-10045;MRO-20031,MRO-10045;MRO-20031;MRO-50009,Screw Compressor,DHR-03,train,12,normal,normal,approved_on_validation,우선 점검 후보
2023-11-11,AST-4061,A2,0,0.0032372312880338,6.475026384923015e-12,6.584394043385962e-15,MRO-10046;MRO-10047;MRO-50009,MRO-10046;MRO-10047;MRO-50009,Screw Compressor,DHR-03,train,12,normal,normal,approved_on_validation,우선 점검 후보
2023-11-11,AST-5003,A2,0,0.003347941792726,6.595402037460796e-12,7.405383671546057e-15,MRO-70005;MRO-10045;MRO-10046,MRO-10045;MRO-10046;MRO-10047,EOT Crane,DHR-03,train,12,normal,normal,approved_on_validation,우선 점검 후보
2023-11-11,AST-5007,A2,0,0.0032539110688207,6.834443329839645e-12,6.8808020222901915e-15,MRO-20031;MRO-10045;MRO-10046,MRO-20031;MRO-10045;MRO-10046,EOT Crane,PUN-01,train,12,normal,normal,approved_on_validation,우선 점검 후보
2023-11-12,AST-1041,A2,0,0.0032240330380571,6.6200411356581115e-12,6.634456131441969e-15,MRO-10045;MRO-10046;MRO-10047,MRO-10045;MRO-10046;MRO-10047,CNC Lathe,PUN-01,train,12,normal,normal,approved_on_validation,우선 점검 후보
2023-11-12,AST-1042,A2,0,0.0032439309986882,6.613345035628092e-12,6.709438827251112e-15,MRO-10045;MRO-10047;MRO-20031,MRO-10045;MRO-10047;MRO-20031,CNC Lathe,PUN-01,train,12,normal,normal,approved_on_validation,우선 점검 후보
2023-11-12,AST-2017,A2,0,0.0033112714367812,6.242408950837558e-12,6.975758571413892e-15,MRO-70005;MRO-70004;MRO-10045,MRO-10045;MRO-10046;MRO-10047,Hydraulic Press,PUN-01,train,12,normal,normal,approved_on_validation,우선 점검 후보
2023-11-12,AST-2031,A2,0,0.0036751152307053,1.310751908663986e-11,1.335552668209294e-14,MRO-10047;MRO-10046;MRO-20031,MRO-10047;MRO-10046;MRO-20031,Hydraulic Press,CHN-02,train,12,normal,normal,approved_on_validation,우선 점검 후보
2023-11-12,AST-3008,A2,0,0.0033432723863505,6.523749277249719e-12,7.319359761963922e-15,MRO-70005;MRO-10046;MRO-10047,MRO-10046;MRO-10047;MRO-20031,Belt Conveyor,CHN-02,train,12,normal,normal,approved_on_validation,우선 점검 후보
2023-11-12,AST-3019,A2,0,0.0032632047971552,6.6133452657981294e-12,6.836783252416604e-15,MRO-70005;MRO-10045;MRO-10046,MRO-10045;MRO-10046;MRO-10047,Belt Conveyor,CHN-02,train,12,normal,normal,approved_on_validation,우선 점검 후보
2023-11-12,AST-4055,A2,0,0.0031947488830395,5.706023777959306e-12,5.923683572281431e-15,MRO-70005;MRO-20031;MRO-50009,MRO-20031;MRO-50009;MRO-80001,Screw Compressor,DHR-03,train,12,normal,normal,approved_on_validation,우선 점검 후보
2023-11-12,AST-4061,A2,0,0.0032513279552755,6.6285977682674726e-12,6.747433368458503e-15,MRO-10046;MRO-10047;MRO-50009,MRO-10046;MRO-10047;MRO-50009,Screw Compressor,DHR-03,train,12,normal,normal,approved_on_validation,우선 점검 후보
2023-11-12,AST-5003,A2,0,0.0033780685256035,6.710239381636033e-12,7.634863637800062e-15,MRO-70005;MRO-10045;MRO-10046,MRO-10045;MRO-10046;MRO-10047,EOT Crane,DHR-03,train,12,normal,normal,approved_on_validation,우선 점검 후보
2023-11-12,AST-5007,A2,0,0.0033180324026269,6.613345910438039e-12,7.19903768073953e-15,MRO-70005;MRO-10045;MRO-10046,MRO-10045;MRO-10046;MRO-10047,EOT Crane,PUN-01,train,12,normal,normal,approved_on_validation,우선 점검 후보
2023-11-13,AST-1041,A2,10,7.62420938793922,0.1907085980365742,0.1342514158724762,MRO-50008;MRO-50009;MRO-10045,MRO-50009;MRO-10045;MRO-80001,CNC Lathe,PUN-01,train,12,risk,risk,approved_on_validation,우선 점검 후보
2023-11-13,AST-1042,A2,6,6.951074472533465,0.15586621990317,0.1030288025974798,MRO-40022;MRO-10046;MRO-20031,MRO-10046;MRO-20031;MRO-80001,CNC Lathe,PUN-01,train,12,risk,risk,approved_on_validation,우선 점검 후보
2023-11-13,AST-2017,A2,14,9.575145460253,0.326284279315672,0.2572889453462149,MRO-70005;MRO-10046;MRO-20033,MRO-10046;MRO-10047;MRO-10045,Hydraulic Press,PUN-01,train,12,high_risk,risk,approved_on_validation,우선 점검 후보
2023-11-13,AST-2031,A2,16,8.458549229315015,0.2471886279366341,0.1828932359606927,MRO-10045;MRO-50009;MRO-40022,MRO-10045;MRO-50009;MRO-20031,Hydraulic Press,CHN-02,train,12,high_risk,risk,approved_on_validation,우선 점검 후보
2023-11-13,AST-3008,A2,8,8.126115228474431,0.2267501455741142,0.1632797412758589,MRO-30012;MRO-50009;MRO-80001,MRO-50009;MRO-80001;MRO-10047,Belt Conveyor,CHN-02,train,12,risk,risk,approved_on_validation,우선 점검 후보
2023-11-13,AST-3019,A2,6,6.130323752207277,0.1086928495121587,0.0695766698173131,MRO-80001;MRO-10047;MRO-20031,MRO-80001;MRO-10047;MRO-20031,Belt Conveyor,CHN-02,train,12,risk,risk,approved_on_validation,우선 점검 후보
2023-11-13,AST-4055,A2,7,8.37383836748449,0.244226222327535,0.1784891277701041,MRO-80001;MRO-80002;MRO-10046,MRO-80001;MRO-10046;MRO-10047,Screw Compressor,DHR-03,train,12,risk,risk,approved_on_validation,우선 점검 후보
2023-11-13,AST-4061,A2,2,7.000661455778841,0.1555106612467591,0.1039052398299959,MRO-20031;MRO-50009;MRO-80001,MRO-20031;MRO-50009;MRO-80001,Screw Compressor,DHR-03,train,12,caution,risk,approved_on_validation,우선 점검 후보
2023-11-13,AST-5003,A2,20,9.2200613382741,0.3103889735562828,0.2343523468492766,MRO-20031;MRO-10045;MRO-80001,MRO-20031;MRO-10045;MRO-80001,EOT Crane,DHR-03,train,12,high_risk,risk,approved_on_validation,우선 점검 후보
2023-11-13,AST-5007,A2,4,5.2564461731662675,0.0656146817432866,0.0388132716938372,MRO-40022;MRO-40021;MRO-10045,MRO-10045;MRO-10047;MRO-50009,EOT Crane,PUN-01,train,12,caution,caution,approved_on_validation,우선 점검 후보
2023-11-14,AST-1041,A2,9,7.703528368537804,0.1948578440800819,0.139896104009518,MRO-50008;MRO-70005;MRO-80001,MRO-80001;MRO-10045;MRO-50009,CNC Lathe,PUN-01,train,12,risk,risk,approved_on_validation,우선 점검 후보
2023-11-14,AST-1042,A2,5,7.141203555413943,0.1644694506845131,0.111985332114305,MRO-10046;MRO-20031;MRO-10045,MRO-10046;MRO-20031;MRO-10045,CNC Lathe,PUN-01,train,12,caution,risk,approved_on_validation,우선 점검 후보
2023-11-14,AST-2017,A2,12,8.324232976404522,0.2410868091585114,0.1753674868237313,MRO-40022;MRO-10047;MRO-50009,MRO-10047;MRO-50009;MRO-80001,Hydraulic Press,PUN-01,train,12,high_risk,risk,approved_on_validation,우선 점검 후보
2023-11-14,AST-2031,A2,8,7.608721866325141,0.191102961448327,0.1352656422262726,MRO-10046;MRO-10045;MRO-50009,MRO-10046;MRO-10045;MRO-50009,Hydraulic Press,CHN-02,train,12,risk,risk,approved_on_validation,우선 점검 후보
2023-11-14,AST-3008,A2,6,7.477010157425502,0.1850925448503155,0.1283297509157825,MRO-10047;MRO-10045;MRO-50009,MRO-10047;MRO-10045;MRO-50009,Belt Conveyor,CHN-02,train,12,risk,risk,approved_on_validation,우선 점검 후보
2023-11-14,AST-3019,A2,0,6.2418213371829045,0.1143370792566182,0.073156135146481,MRO-80001;MRO-10047;MRO-20031,MRO-80001;MRO-10047;MRO-20031,Belt Conveyor,CHN-02,train,12,normal,risk,approved_on_validation,우선 점검 후보
2023-11-14,AST-4055,A2,5,8.4073525120462,0.2471363170728475,0.1804051553635486,MRO-20031;MRO-50009;MRO-10046,MRO-20031;MRO-50009;MRO-10046,Screw Compressor,DHR-03,train,12,caution,risk,approved_on_validation,우선 점검 후보
2023-11-14,AST-4061,A2,2,6.944788292402333,0.1516001828748776,0.1014438884859321,MRO-20031;MRO-50009;MRO-80001,MRO-20031;MRO-50009;MRO-80001,Screw Compressor,DHR-03,train,12,caution,risk,approved_on_validation,우선 점검 후보
2023-11-14,AST-5003,A2,16,8.028977727788874,0.2215698058572943,0.1577178035211094,MRO-20031;MRO-10045;MRO-10046,MRO-20031;MRO-10045;MRO-10046,EOT Crane,DHR-03,train,12,high_risk,risk,approved_on_validation,우선 점검 후보
2023-11-14,AST-5007,A2,5,6.32006950644103,0.1179104206913246,0.0749487997274276,MRO-10045;MRO-10047;MRO-50009,MRO-10045;MRO-10047;MRO-50009,EOT Crane,PUN-01,train,12,caution,risk,approved_on_validation,우선 점검 후보
2023-11-15,AST-1041,A2,22,10.19642935143851,0.3813644448992568,0.302098502568456,MRO-10045;MRO-50008;MRO-20033,MRO-10045;MRO-80001;MRO-10046,CNC Lathe,PUN-01,train,12,high_risk,risk,approved_on_validation,우선 점검 후보
2023-11-15,AST-1042,A2,2,6.7615057809862416,0.1438305604043536,0.094158093158197,MRO-10046;MRO-20031;MRO-80001,MRO-10046;MRO-20031;MRO-80001,CNC Lathe,PUN-01,train,12,caution,risk,approved_on_validation,우선 점검 후보
2023-11-15,AST-2017,A2,2,8.489358954904903,0.2548539955029578,0.1865519744045037,MRO-80001;MRO-10047;MRO-50009,MRO-80001;MRO-10047;MRO-50009,Hydraulic Press,PUN-01,train,12,caution,risk,approved_on_validation,우선 점검 후보
2023-11-15,AST-2031,A2,7,7.51236229880147,0.1852762989968041,0.1299461484854706,MRO-50009;MRO-10045;MRO-80001,MRO-50009;MRO-10045;MRO-80001,Hydraulic Press,CHN-02,train,12,risk,risk,approved_on_validation,우선 점검 후보
2023-11-15,AST-3008,A2,13,7.120915176597858,0.1613137008256165,0.1100247482594901,MRO-50009;MRO-80001;MRO-10046,MRO-50009;MRO-80001;MRO-10046,Belt Conveyor,CHN-02,train,12,high_risk,risk,approved_on_validation,우선 점검 후보
2023-11-15,AST-3019,A2,8,5.97382219296126,0.1007573647676299,0.0639464715124931,MRO-80001;MRO-10047;MRO-20031,MRO-80001;MRO-10047;MRO-20031,Belt Conveyor,CHN-02,train,12,risk,risk,approved_on_validation,우선 점검 후보
2023-11-15,AST-4055,A2,7,8.385699365004761,0.24750710667336,0.1792508156078862,MRO-10047;MRO-80001;MRO-10045,MRO-10047;MRO-80001;MRO-10045,Screw Compressor,DHR-03,train,12,risk,risk,approved_on_validation,우선 점검 후보
2023-11-15,AST-4061,A2,12,7.1085392005758035,0.164098669924304,0.1097117220335056,MRO-10046;MRO-10047;MRO-10045,MRO-10046;MRO-10047;MRO-10045,Screw Compressor,DHR-03,train,12,high_risk,risk,approved_on_validation,우선 점검 후보
2023-11-15,AST-5003,A2,8,7.971769671077495,0.2176791876992578,0.1551080058024396,MRO-10047;MRO-20031;MRO-80001,MRO-10047;MRO-20031;MRO-80001,EOT Crane,DHR-03,train,12,risk,risk,approved_on_validation,우선 점검 후보
2023-11-15,AST-5007,A2,10,5.341952466077151,0.0713139114257751,0.0424286815204599,MRO-10047;MRO-50009;MRO-20031,MRO-10047;MRO-50009;MRO-20031,EOT Crane,PUN-01,train,12,risk,caution,approved_on_validation,우선 점검 후보
2023-11-16,AST-1041,A2,11,6.815653880368868,0.139753931555166,0.0961478783601232,MRO-70005;MRO-20031;MRO-10047,MRO-20031;MRO-10047;MRO-80001,CNC Lathe,PUN-01,train,12,risk,risk,approved_on_validation,우선 점검 후보
2023-11-16,AST-1042,A2,10,6.956637689815706,0.1531910163014006,0.1030111218151264,MRO-10046;MRO-20031;MRO-80001,MRO-10046;MRO-20031;MRO-80001,CNC Lathe,PUN-01,train,12,risk,risk,approved_on_validation,우선 점검 후보
2023-11-16,AST-2017,A2,8,9.772929407769883,0.3468927991365957,0.2707252427702947,MRO-40022;MRO-40021;MRO-50009,MRO-50009;MRO-80001;MRO-10047,Hydraulic Press,PUN-01,train,12,risk,risk,approved_on_validation,우선 점검 후보
2023-11-16,AST-2031,A2,6,7.676400318503528,0.1935687609787671,0.1387761016244283,MRO-50009;MRO-80001;MRO-10045,MRO-50009;MRO-80001;MRO-10045,Hydraulic Press,CHN-02,train,12,risk,risk,approved_on_validation,우선 점검 후보
2023-11-16,AST-3008,A2,10,7.76787100505103,0.2032275407894193,0.1429843584102751,MRO-10047;MRO-20031;MRO-50009,MRO-10047;MRO-20031;MRO-50009,Belt Conveyor,CHN-02,train,12,risk,risk,approved_on_validation,우선 점검 후보
2023-11-16,AST-3019,A2,18,6.097480305315084,0.1074222303694471,0.0682037820554042,MRO-10046;MRO-50009;MRO-80001,MRO-10046;MRO-50009;MRO-80001,Belt Conveyor,CHN-02,train,12,high_risk,risk,approved_on_validation,우선 점검 후보
2023-11-16,AST-4055,A2,4,8.194212992772645,0.2332140191949176,0.1674305332895912,MRO-10046;MRO-50009;MRO-10047,MRO-10046;MRO-50009;MRO-10047,Screw Compressor,DHR-03,train,12,caution,risk,approved_on_validation,우선 점검 후보
2023-11-16,AST-4061,A2,6,6.809011775589509,0.146295340501331,0.0954111832586923,MRO-10047;MRO-20031;MRO-10045,MRO-10047;MRO-20031;MRO-10045,Screw Compressor,DHR-03,train,12,risk,risk,approved_on_validation,우선 점검 후보
2023-11-16,AST-5003,A2,15,8.754958019089042,0.2731237553972388,0.2025637273955378,MRO-10046;MRO-10045;MRO-50009,MRO-10046;MRO-10045;MRO-50009,EOT Crane,DHR-03,train,12,high_risk,risk,approved_on_validation,우선 점검 후보
2023-11-16,AST-5007,A2,6,5.5920478940959955,0.0822227535107736,0.050095245991001,MRO-50009;MRO-10047;MRO-20031,MRO-50009;MRO-10047;MRO-20031,EOT Crane,PUN-01,train,12,risk,caution,approved_on_validation,우선 점검 후보
2023-11-17,AST-1041,A2,10,6.777246534625852,0.1427090717465498,0.0944655170476263,MRO-80001;MRO-10047;MRO-20031,MRO-80001;MRO-10047;MRO-20031,CNC Lathe,PUN-01,train,12,risk,risk,approved_on_validation,우선 점검 후보
2023-11-17,AST-1042,A2,6,6.8300096202088145,0.1484189081648567,0.0963499229427072,MRO-50009;MRO-10045;MRO-10047,MRO-50009;MRO-10045;MRO-10047,CNC Lathe,PUN-01,train,12,risk,risk,approved_on_validation,우선 점검 후보
2023-11-17,AST-2017,A2,9,7.815715119840042,0.2030320023529928,0.1464284862207119,MRO-80001;MRO-10045;MRO-10046,MRO-80001;MRO-10045;MRO-10046,Hydraulic Press,PUN-01,train,12,risk,risk,approved_on_validation,우선 점검 후보
2023-11-17,AST-2031,A2,8,7.833017186661874,0.2087187698759797,0.1469514887167348,MRO-80001;MRO-20031;MRO-50009,MRO-80001;MRO-20031;MRO-50009,Hydraulic Press,CHN-02,train,12,risk,risk,approved_on_validation,우선 점검 후보
2023-11-17,AST-3008,A2,3,7.241163008376572,0.1690942467554986,0.1159219908420473,MRO-10045;MRO-80001;MRO-10047,MRO-10045;MRO-80001;MRO-10047,Belt Conveyor,CHN-02,train,12,caution,risk,approved_on_validation,우선 점검 후보
2023-11-17,AST-3019,A2,10,6.050808385535545,0.1047500552463652,0.0668202361851212,MRO-10047;MRO-50009;MRO-10046,MRO-10047;MRO-50009;MRO-10046,Belt Conveyor,CHN-02,train,12,risk,risk,approved_on_validation,우선 점검 후보
2023-11-17,AST-4055,A2,8,8.068868130111383,0.2250365272597119,0.1611870092580045,MRO-10046;MRO-50009;MRO-10047,MRO-10046;MRO-50009;MRO-10047,Screw Compressor,DHR-03,train,12,risk,risk,approved_on_validation,우선 점검 후보
2023-11-17,AST-4061,A2,4,6.644022595542921,0.1354896201608652,0.0882911897196088,MRO-10045;MRO-10046;MRO-20031,MRO-10045;MRO-10046;MRO-20031,Screw Compressor,DHR-03,train,12,caution,risk,approved_on_validation,우선 점검 후보
2023-11-17,AST-5003,A2,10,7.76790869292898,0.2023148981574686,0.142865863326831,MRO-10047;MRO-80001;MRO-10046,MRO-10047;MRO-80001;MRO-10046,EOT Crane,DHR-03,train,12,risk,risk,approved_on_validation,우선 점검 후보
2023-11-17,AST-5007,A2,4,6.390831573026546,0.117326185785349,0.0777427696684755,MRO-10047;MRO-50009;MRO-10045,MRO-10047;MRO-50009;MRO-10045,EOT Crane,PUN-01,train,12,caution,risk,approved_on_validation,우선 점검 후보
2023-11-18,AST-1041,A2,0,0.0031718128406455,6.020447737997547e-12,6.039470926915893e-15,MRO-70004;MRO-20033;MRO-10046,MRO-10046;MRO-10047;MRO-20031,CNC Lathe,PUN-01,train,12,normal,normal,approved_on_validation,우선 점검 후보
2023-11-18,AST-1042,A2,0,0.0032411244487883,6.595606468969256e-12,6.685824955233309e-15,MRO-10046;MRO-10047;MRO-50009,MRO-10046;MRO-10047;MRO-50009,CNC Lathe,PUN-01,train,12,normal,normal,approved_on_validation,우선 점검 후보
2023-11-18,AST-2017,A2,0,0.0033441082350466,6.7982862556599215e-12,7.225797026926821e-15,MRO-40022;MRO-70004;MRO-80001,MRO-80001;MRO-10045;MRO-10046,Hydraulic Press,PUN-01,train,12,normal,normal,approved_on_validation,우선 점검 후보
2023-11-18,AST-2031,A2,0,0.0032812731273487,6.776864093299997e-12,6.979375740760413e-15,MRO-30011;MRO-40022;MRO-20032,MRO-10047;MRO-10045;MRO-10046,Hydraulic Press,CHN-02,train,12,normal,normal,approved_on_validation,우선 점검 후보
2023-11-18,AST-3008,A2,0,0.0033051050798592,6.499979536523525e-12,7.139839640961152e-15,MRO-70005;MRO-10046;MRO-50009,MRO-10046;MRO-50009;MRO-80001,Belt Conveyor,CHN-02,train,12,normal,normal,approved_on_validation,우선 점검 후보
2023-11-18,AST-3019,A2,0,0.0033511669285344,6.9143450492704666e-12,7.565810583518995e-15,MRO-70004;MRO-10047;MRO-50009,MRO-10047;MRO-50009;MRO-10045,Belt Conveyor,CHN-02,train,12,normal,normal,approved_on_validation,우선 점검 후보
2023-11-18,AST-4055,A2,0,0.0032586539877774,6.684869238403132e-12,6.827853482394666e-15,MRO-70005;MRO-10045;MRO-10047,MRO-10045;MRO-10047;MRO-20031,Screw Compressor,DHR-03,train,12,normal,normal,approved_on_validation,우선 점검 후보
2023-11-18,AST-4061,A2,0,0.0032523463888754,6.67367246031842e-12,6.785033584718899e-15,MRO-10045;MRO-10046;MRO-20031,MRO-10045;MRO-10046;MRO-20031,Screw Compressor,DHR-03,train,12,normal,normal,approved_on_validation,우선 점검 후보
2023-11-18,AST-5003,A2,0,0.0034928321613572,8.79539095453479e-12,9.4059199581388e-15,MRO-10045;MRO-70004;MRO-40021,MRO-10045;MRO-10046;MRO-10047,EOT Crane,DHR-03,train,12,normal,normal,approved_on_validation,우선 점검 후보
2023-11-18,AST-5007,A2,0,0.00323809051607,6.562022545000818e-12,6.6509669783750166e-15,MRO-10047;MRO-20031;MRO-50009,MRO-10047;MRO-20031;MRO-50009,EOT Crane,PUN-01,train,12,normal,normal,approved_on_validation,우선 점검 후보
2023-11-19,AST-1041,A2,0,0.0032336625963452,6.567411102175532e-12,6.629148826627697e-15,MRO-10046;MRO-10047;MRO-20031,MRO-10046;MRO-10047;MRO-20031,CNC Lathe,PUN-01,train,12,normal,normal,approved_on_validation,우선 점검 후보
2023-11-19,AST-1042,A2,0,0.0032410719702622,6.5905152592034984e-12,6.682755883543253e-15,MRO-10046;MRO-10047;MRO-20031,MRO-10046;MRO-10047;MRO-20031,CNC Lathe,PUN-01,train,12,normal,normal,approved_on_validation,우선 점검 후보
2023-11-19,AST-2017,A2,0,0.003248891786579,6.609480656432924e-12,6.747602848800095e-15,MRO-70004;MRO-70005;MRO-10045,MRO-10045;MRO-10046;MRO-10047,Hydraulic Press,PUN-01,train,12,normal,normal,approved_on_validation,우선 점검 후보
2023-11-19,AST-2031,A2,0,0.0032410770835363,6.634857678095897e-12,6.7068083958558345e-15,MRO-10047;MRO-10045;MRO-10046,MRO-10047;MRO-10045;MRO-10046,Hydraulic Press,CHN-02,train,12,normal,normal,approved_on_validation,우선 점검 후보
2023-11-19,AST-3008,A2,0,0.0033692190774436,6.658626906048433e-12,7.548099213524534e-15,MRO-70005;MRO-10045;MRO-10046,MRO-10045;MRO-10046;MRO-20031,Belt Conveyor,CHN-02,train,12,normal,normal,approved_on_validation,우선 점검 후보
2023-11-19,AST-3019,A2,0,0.0033190838672058,6.606336528542497e-12,7.20209277981547e-15,MRO-70004;MRO-10045;MRO-10046,MRO-10045;MRO-10046;MRO-20031,Belt Conveyor,CHN-02,train,12,normal,normal,approved_on_validation,우선 점검 후보
2023-11-19,AST-4055,A2,0,0.0033270103550875,6.434624796859768e-12,6.839223519538746e-15,MRO-60016;MRO-20031;MRO-70005,MRO-20031;MRO-10047;MRO-50009,Screw Compressor,DHR-03,train,12,normal,normal,approved_on_validation,우선 점검 후보
2023-11-19,AST-4061,A2,0,0.003338647645927,6.7038808095289506e-12,7.376719130064306e-15,MRO-70005;MRO-10045;MRO-10046,MRO-10045;MRO-10046;MRO-10047,Screw Compressor,DHR-03,train,12,normal,normal,approved_on_validation,우선 점검 후보
2023-11-19,AST-5003,A2,0,0.0036007914818379,8.568466315519082e-12,1.0201181446691406e-14,MRO-70005;MRO-10045;MRO-40021,MRO-10045;MRO-10046;MRO-10047,EOT Crane,DHR-03,train,12,normal,normal,approved_on_validation,우선 점검 후보
2023-11-19,AST-5007,A2,0,0.0032385435035213,6.613350755722537e-12,6.672877497115536e-15,MRO-10046;MRO-10047;MRO-20031,MRO-10046;MRO-10047;MRO-20031,EOT Crane,PUN-01,train,12,normal,normal,approved_on_validation,우선 점검 후보
2023-11-20,AST-1041,A2,8,8.270829588535888,0.2370178607624573,0.1716312389386207,MRO-80001;MRO-50009;MRO-10045,MRO-80001;MRO-50009;MRO-10045,CNC Lathe,PUN-01,train,12,risk,risk,approved_on_validation,우선 점검 후보
2023-11-20,AST-1042,A2,5,7.172298060076289,0.1653536330447373,0.1129303539352273,MRO-40022;MRO-10045;MRO-20031,MRO-10045;MRO-20031;MRO-10046,CNC Lathe,PUN-01,train,12,caution,risk,approved_on_validation,우선 점검 후보
2023-11-20,AST-2017,A2,6,8.133763109474083,0.2290607825795628,0.16377821454543,MRO-40022;MRO-20031;MRO-10045,MRO-20031;MRO-10045;MRO-10046,Hydraulic Press,PUN-01,train,12,risk,risk,approved_on_validation,우선 점검 후보
2023-11-20,AST-2031,A2,6,7.985958527546093,0.2156561000759713,0.1552488362174788,MRO-20031;MRO-50009;MRO-10045,MRO-20031;MRO-50009;MRO-10045,Hydraulic Press,CHN-02,train,12,risk,risk,approved_on_validation,우선 점검 후보
2023-11-20,AST-3008,A2,5,7.858725023424656,0.2086128566154916,0.1473784437038441,MRO-30011;MRO-10045;MRO-80001,MRO-10045;MRO-80001;MRO-20031,Belt Conveyor,CHN-02,train,12,caution,risk,approved_on_validation,우선 점검 후보
2023-11-20,AST-3019,A2,8,6.07562819813345,0.1076399082664657,0.0677658465480059,MRO-10046;MRO-10047;MRO-20031,MRO-10046;MRO-10047;MRO-20031,Belt Conveyor,CHN-02,train,12,risk,risk,approved_on_validation,우선 점검 후보
2023-11-20,AST-4055,A2,13,8.342938878056046,0.2428762009442648,0.176441248009094,MRO-10045;MRO-60015;MRO-10046,MRO-10045;MRO-10046;MRO-50009,Screw Compressor,DHR-03,train,12,high_risk,risk,approved_on_validation,우선 점검 후보
2023-11-20,AST-4061,A2,3,7.176521569623717,0.1645701068540394,0.1122634786111491,MRO-10047;MRO-10045;MRO-10046,MRO-10047;MRO-10045;MRO-10046,Screw Compressor,DHR-03,train,12,caution,risk,approved_on_validation,우선 점검 후보
2023-11-20,AST-5003,A2,2,8.038678267403393,0.2210175745821502,0.159164414733911,MRO-10045;MRO-50009;MRO-10047,MRO-10045;MRO-50009;MRO-10047,EOT Crane,DHR-03,train,12,caution,risk,approved_on_validation,우선 점검 후보
2023-11-20,AST-5007,A2,16,5.576360369923394,0.0814923838939192,0.0493074140327595,MRO-10045;MRO-10047;MRO-50009,MRO-10045;MRO-10047;MRO-50009,EOT Crane,PUN-01,train,12,high_risk,caution,approved_on_validation,우선 점검 후보
2023-11-21,AST-1041,A2,6,7.379410014145816,0.1768270814432275,0.1225990309605657,MRO-10045;MRO-80001;MRO-20033,MRO-10045;MRO-80001;MRO-10047,CNC Lathe,PUN-01,train,12,risk,risk,approved_on_validation,우선 점검 후보
2023-11-21,AST-1042,A2,12,7.334888679269371,0.1761668753541491,0.1211168346057199,MRO-10047;MRO-10045;MRO-20031,MRO-10047;MRO-10045;MRO-20031,CNC Lathe,PUN-01,train,12,high_risk,risk,approved_on_validation,우선 점검 후보
2023-11-21,AST-2017,A2,6,7.899952869040604,0.2086786563943546,0.1511356074512609,MRO-80001;MRO-20031;MRO-70004,MRO-80001;MRO-20031;MRO-10046,Hydraulic Press,PUN-01,train,12,risk,risk,approved_on_validation,우선 점검 후보
2023-11-21,AST-2031,A2,13,7.610862933082342,0.1932832067432246,0.135765132101172,MRO-10047;MRO-50009;MRO-10046,MRO-10047;MRO-50009;MRO-10046,Hydraulic Press,CHN-02,train,12,high_risk,risk,approved_on_validation,우선 점검 후보
2023-11-21,AST-3008,A2,5,7.244268485657712,0.1714315398126499,0.1163551580382031,MRO-10047;MRO-10045;MRO-50009,MRO-10047;MRO-10045;MRO-50009,Belt Conveyor,CHN-02,train,12,caution,risk,approved_on_validation,우선 점검 후보
2023-11-21,AST-3019,A2,6,6.227405931511656,0.1128372628978846,0.072544388288593,MRO-50009;MRO-10046;MRO-20031,MRO-50009;MRO-10046;MRO-20031,Belt Conveyor,CHN-02,train,12,risk,risk,approved_on_validation,우선 점검 후보
2023-11-21,AST-4055,A2,5,7.879451427161325,0.213173026424112,0.1494996173891272,MRO-10045;MRO-10046;MRO-20031,MRO-10045;MRO-10046;MRO-20031,Screw Compressor,DHR-03,train,12,caution,risk,approved_on_validation,우선 점검 후보
2023-11-21,AST-4061,A2,6,7.039182165015692,0.153456755732404,0.1059090291601716,MRO-50009;MRO-70005;MRO-20033,MRO-50009;MRO-10047;MRO-10045,Screw Compressor,DHR-03,train,12,risk,risk,approved_on_validation,우선 점검 후보
2023-11-21,AST-5003,A2,12,7.855553468632184,0.2089178174421928,0.1482904284785538,MRO-80001;MRO-10045;MRO-50009,MRO-80001;MRO-10045;MRO-50009,EOT Crane,DHR-03,train,12,high_risk,risk,approved_on_validation,우선 점검 후보
2023-11-21,AST-5007,A2,6,6.039377828467246,0.1029451963272471,0.0642993537818243,MRO-80002;MRO-10047;MRO-50009,MRO-10047;MRO-50009;MRO-10045,EOT Crane,PUN-01,train,12,risk,risk,approved_on_validation,우선 점검 후보
2023-11-22,AST-1041,A2,2,6.725356636476179,0.1374773762322078,0.0906414426911634,MRO-50008;MRO-80001;MRO-20033,MRO-80001;MRO-10047;MRO-20031,CNC Lathe,PUN-01,train,12,caution,risk,approved_on_validation,우선 점검 후보
2023-11-22,AST-1042,A2,4,7.232318531804396,0.1725399034433551,0.1167827856622437,MRO-80001;MRO-50009;MRO-10045,MRO-80001;MRO-50009;MRO-10045,CNC Lathe,PUN-01,train,12,caution,risk,approved_on_validation,우선 점검 후보
2023-11-22,AST-2017,A2,12,8.438585707820096,0.2524726855645048,0.1827346001713685,MRO-20031;MRO-80001;MRO-10046,MRO-20031;MRO-80001;MRO-10046,Hydraulic Press,PUN-01,train,12,high_risk,risk,approved_on_validation,우선 점검 후보
2023-11-22,AST-2031,A2,9,7.897734141160781,0.2105174499416196,0.1513069575579866,MRO-10047;MRO-50009;MRO-10046,MRO-10047;MRO-50009;MRO-10046,Hydraulic Press,CHN-02,train,12,risk,risk,approved_on_validation,우선 점검 후보
2023-11-22,AST-3008,A2,6,6.464275933920058,0.1228271581551578,0.0796776194236282,MRO-10046;MRO-20031;MRO-10047,MRO-10046;MRO-20031;MRO-10047,Belt Conveyor,CHN-02,train,12,risk,risk,approved_on_validation,우선 점검 후보
2023-11-22,AST-3019,A2,6,6.141217190866167,0.1103868538095708,0.0698002406906479,MRO-10047;MRO-80001;MRO-50009,MRO-10047;MRO-80001;MRO-50009,Belt Conveyor,CHN-02,train,12,risk,risk,approved_on_validation,우선 점검 후보
2023-11-22,AST-4055,A2,0,7.16119843726222,0.1670251419168792,0.1119671157958532,MRO-10045;MRO-10046;MRO-50009,MRO-10045;MRO-10046;MRO-50009,Screw Compressor,DHR-03,train,12,normal,risk,approved_on_validation,우선 점검 후보
2023-11-22,AST-4061,A2,0,6.91307143178242,0.1495876579064953,0.1001035590596445,MRO-10046;MRO-10047;MRO-80001,MRO-10046;MRO-10047;MRO-80001,Screw Compressor,DHR-03,train,12,normal,risk,approved_on_validation,우선 점검 후보
2023-11-22,AST-5003,A2,14,8.810728322208403,0.2782401913171185,0.2053277670625229,MRO-10045;MRO-50009;MRO-10047,MRO-10045;MRO-50009;MRO-10047,EOT Crane,DHR-03,train,12,high_risk,risk,approved_on_validation,우선 점검 후보
2023-11-22,AST-5007,A2,5,5.956116911584502,0.0977725550922649,0.0615918759489265,MRO-80002;MRO-10047;MRO-50009,MRO-10047;MRO-50009;MRO-10045,EOT Crane,PUN-01,train,12,caution,risk,approved_on_validation,우선 점검 후보
2023-11-23,AST-1041,A2,2,7.297463354371286,0.1741435342507635,0.11791702230429,MRO-80001;MRO-10047;MRO-80002,MRO-80001;MRO-10047;MRO-20031,CNC Lathe,PUN-01,train,12,caution,risk,approved_on_validation,우선 점검 후보
2023-11-23,AST-1042,A2,6,6.76044020601594,0.1447332602026829,0.0941632442631279,MRO-80001;MRO-50009;MRO-10045,MRO-80001;MRO-50009;MRO-10045,CNC Lathe,PUN-01,train,12,risk,risk,approved_on_validation,우선 점검 후보
2023-11-23,AST-2017,A2,10,8.90797580832661,0.2853935312198792,0.2121017711659274,MRO-10046;MRO-10047;MRO-50009,MRO-10046;MRO-10047;MRO-50009,Hydraulic Press,PUN-01,train,12,risk,risk,approved_on_validation,우선 점검 후보
2023-11-23,AST-2031,A2,6,7.155389859537169,0.165039700485541,0.1124798445801511,MRO-10046;MRO-10045;MRO-50009,MRO-10046;MRO-10045;MRO-50009,Hydraulic Press,CHN-02,train,12,risk,risk,approved_on_validation,우선 점검 후보
2023-11-23,AST-3008,A2,9,7.487404267583419,0.1832776469626177,0.12693668875115,MRO-60015;MRO-80001;MRO-20031,MRO-80001;MRO-20031;MRO-50009,Belt Conveyor,CHN-02,train,12,risk,risk,approved_on_validation,우선 점검 후보
2023-11-23,AST-3019,A2,0,6.184092313013317,0.1124665955141686,0.0712221787347332,MRO-10045;MRO-10047;MRO-80001,MRO-10045;MRO-10047;MRO-80001,Belt Conveyor,CHN-02,train,12,normal,risk,approved_on_validation,우선 점검 후보
2023-11-23,AST-4055,A2,10,8.374199671617603,0.2478337174566845,0.1774351844103135,MRO-10046;MRO-10047;MRO-20031,MRO-10046;MRO-10047;MRO-20031,Screw Compressor,DHR-03,train,12,risk,risk,approved_on_validation,우선 점검 후보
2023-11-23,AST-4061,A2,8,7.047206639844684,0.1574201366885792,0.1063974083155736,MRO-80001;MRO-10045;MRO-10047,MRO-80001;MRO-10045;MRO-10047,Screw Compressor,DHR-03,train,12,risk,risk,approved_on_validation,우선 점검 후보
2023-11-23,AST-5003,A2,8,7.704193187424742,0.198755622063523,0.1402823734916576,MRO-10046;MRO-50009;MRO-10047,MRO-10046;MRO-50009;MRO-10047,EOT Crane,DHR-03,train,12,risk,risk,approved_on_validation,우선 점검 후보
2023-11-23,AST-5007,A2,11,6.031489398952058,0.1005499130053226,0.0637544707215465,MRO-80002;MRO-10046;MRO-10047,MRO-10046;MRO-10047;MRO-50009,EOT Crane,PUN-01,train,12,risk,risk,approved_on_validation,우선 점검 후보
2023-11-24,AST-1041,A2,6,7.269435108220319,0.1736070493675951,0.1175099687892726,MRO-80001;MRO-10047;MRO-20031,MRO-80001;MRO-10047;MRO-20031,CNC Lathe,PUN-01,train,12,risk,risk,approved_on_validation,우선 점검 후보
2023-11-24,AST-1042,A2,1,7.087996587847918,0.1623267980075969,0.1097044081197565,MRO-50009;MRO-80001;MRO-20031,MRO-50009;MRO-80001;MRO-20031,CNC Lathe,PUN-01,train,12,caution,risk,approved_on_validation,우선 점검 후보
2023-11-24,AST-2017,A2,9,8.941897639278942,0.2841705066778025,0.2152062388515201,MRO-80001;MRO-50009;MRO-20031,MRO-80001;MRO-50009;MRO-20031,Hydraulic Press,PUN-01,train,12,risk,risk,approved_on_validation,우선 점검 후보
2023-11-24,AST-2031,A2,8,7.445158865549317,0.1827852705738354,0.1266242019991884,MRO-10047;MRO-10045;MRO-10046,MRO-10047;MRO-10045;MRO-10046,Hydraulic Press,CHN-02,train,12,risk,risk,approved_on_validation,우선 점검 후보
2023-11-24,AST-3008,A2,8,7.398165859011833,0.1801573535057836,0.1241182183739262,MRO-80001;MRO-20031;MRO-50009,MRO-80001;MRO-20031;MRO-50009,Belt Conveyor,CHN-02,train,12,risk,risk,approved_on_validation,우선 점검 후보
2023-11-24,AST-3019,A2,10,6.323027709557354,0.1186958919219432,0.0763377784388007,MRO-10047;MRO-50009;MRO-80001,MRO-10047;MRO-50009;MRO-80001,Belt Conveyor,CHN-02,train,12,risk,risk,approved_on_validation,우선 점검 후보
2023-11-24,AST-4055,A2,5,7.921760213171746,0.2141935213627755,0.1521810298104083,MRO-10047;MRO-50009;MRO-20031,MRO-10047;MRO-50009;MRO-20031,Screw Compressor,DHR-03,train,12,caution,risk,approved_on_validation,우선 점검 후보
2023-11-24,AST-4061,A2,10,6.732179000467826,0.1400597118432352,0.0919385304433981,MRO-10045;MRO-80001;MRO-50009,MRO-10045;MRO-80001;MRO-50009,Screw Compressor,DHR-03,train,12,risk,risk,approved_on_validation,우선 점검 후보
2023-11-24,AST-5003,A2,8,7.664632011108721,0.1960446122845558,0.1383304303339073,MRO-10046;MRO-10047;MRO-50009,MRO-10046;MRO-10047;MRO-50009,EOT Crane,DHR-03,train,12,risk,risk,approved_on_validation,우선 점검 후보
2023-11-24,AST-5007,A2,13,6.2527176402089655,0.1078890634009915,0.0709698270713139,MRO-20033;MRO-10046;MRO-20031,MRO-10046;MRO-20031;MRO-80001,EOT Crane,PUN-01,train,12,high_risk,risk,approved_on_validation,우선 점검 후보
2023-11-25,AST-1041,A2,0,0.0032229352086827,6.4974984304583545e-12,6.541164857107281e-15,MRO-10046;MRO-10047;MRO-20031,MRO-10046;MRO-10047;MRO-20031,CNC Lathe,PUN-01,train,12,normal,normal,approved_on_validation,우선 점검 후보
2023-11-25,AST-1042,A2,0,0.0032409219252476,6.6133449989061286e-12,6.6895576151342635e-15,MRO-10045;MRO-10046;MRO-10047,MRO-10045;MRO-10046;MRO-10047,CNC Lathe,PUN-01,train,12,normal,normal,approved_on_validation,우선 점검 후보
2023-11-25,AST-2017,A2,0,0.0033992752759025,6.8159549796482905e-12,7.610617580019211e-15,MRO-70005;MRO-30012;MRO-70004,MRO-50009;MRO-20031;MRO-10045,Hydraulic Press,PUN-01,train,12,normal,normal,approved_on_validation,우선 점검 후보
2023-11-25,AST-2031,A2,0,0.0034218461133311,8.908705217107789e-12,9.053949295016962e-15,MRO-10047;MRO-50009;MRO-10045,MRO-10047;MRO-50009;MRO-10045,Hydraulic Press,CHN-02,train,12,normal,normal,approved_on_validation,우선 점검 후보
2023-11-25,AST-3008,A2,0,0.0032522615855267,5.4299369154301835e-12,6.100068670745338e-15,MRO-70005;MRO-10045;MRO-10047,MRO-10045;MRO-10047;MRO-20031,Belt Conveyor,CHN-02,train,12,normal,normal,approved_on_validation,우선 점검 후보
2023-11-25,AST-3019,A2,0,0.0035138601837435,6.625243109715097e-12,8.370488259673502e-15,MRO-90011;MRO-90012;MRO-20032,MRO-10047;MRO-20031;MRO-10045,Belt Conveyor,CHN-02,train,12,normal,normal,approved_on_validation,우선 점검 후보
2023-11-25,AST-4055,A2,0,0.0032470758311714,6.638338220344015e-12,6.730330834834441e-15,MRO-10047;MRO-20031;MRO-50009,MRO-10047;MRO-20031;MRO-50009,Screw Compressor,DHR-03,train,12,normal,normal,approved_on_validation,우선 점검 후보
2023-11-25,AST-4061,A2,0,0.0033319068794913,6.832796126031489e-12,7.175289626227284e-15,MRO-60015;MRO-10046;MRO-20033,MRO-10046;MRO-10045;MRO-10047,Screw Compressor,DHR-03,train,12,normal,normal,approved_on_validation,우선 점검 후보
2023-11-25,AST-5003,A2,0,0.0035483627879882,8.319755665714192e-12,9.766345397780156e-15,MRO-70005;MRO-10045;MRO-70004,MRO-10045;MRO-80001;MRO-10047,EOT Crane,DHR-03,train,12,normal,normal,approved_on_validation,우선 점검 후보
2023-11-25,AST-5007,A2,0,0.003263393715124,6.816431478659915e-12,6.9063849951488264e-15,MRO-10045;MRO-80002;MRO-10047,MRO-10045;MRO-10047;MRO-20031,EOT Crane,PUN-01,train,12,normal,normal,approved_on_validation,우선 점검 후보
2023-11-26,AST-1041,A2,0,0.0032302164426307,6.545882151070024e-12,6.601271396620213e-15,MRO-10046;MRO-10047;MRO-20031,MRO-10046;MRO-10047;MRO-20031,CNC Lathe,PUN-01,train,12,normal,normal,approved_on_validation,우선 점검 후보
2023-11-26,AST-1042,A2,0,0.0032446643010274,6.620366190842e-12,6.716683874635084e-15,MRO-10045;MRO-10046;MRO-10047,MRO-10045;MRO-10046;MRO-10047,CNC Lathe,PUN-01,train,12,normal,normal,approved_on_validation,우선 점검 후보
2023-11-26,AST-2017,A2,0,0.0032892403793699,6.71985442900045e-12,7.0285662354823116e-15,MRO-70004;MRO-10045;MRO-10047,MRO-10045;MRO-10047;MRO-20031,Hydraulic Press,PUN-01,train,12,normal,normal,approved_on_validation,우선 점검 후보
2023-11-26,AST-2031,A2,0,0.0032512689686946,6.763754949738331e-12,6.8354651396679455e-15,MRO-10047;MRO-10045;MRO-10046,MRO-10047;MRO-10045;MRO-10046,Hydraulic Press,CHN-02,train,12,normal,normal,approved_on_validation,우선 점검 후보
2023-11-26,AST-3008,A2,0,0.0033715587397595,6.6753566320699955e-12,7.571752331307535e-15,MRO-70005;MRO-10045;MRO-10047,MRO-10045;MRO-10047;MRO-20031,Belt Conveyor,CHN-02,train,12,normal,normal,approved_on_validation,우선 점검 후보
2023-11-26,AST-3019,A2,0,0.0032393787473068,6.592135987875766e-12,6.670237181091675e-15,MRO-10045;MRO-10046;MRO-50009,MRO-10045;MRO-10046;MRO-50009,Belt Conveyor,CHN-02,train,12,normal,normal,approved_on_validation,우선 점검 후보
2023-11-26,AST-4055,A2,0,0.00324922890703,6.642009939465663e-12,6.740476457389966e-15,MRO-10047;MRO-20031;MRO-50009,MRO-10047;MRO-20031;MRO-50009,Screw Compressor,DHR-03,train,12,normal,normal,approved_on_validation,우선 점검 후보
2023-11-26,AST-4061,A2,0,0.0032513327232268,6.673652251447582e-12,6.781648807606941e-15,MRO-10045;MRO-10047;MRO-20031,MRO-10045;MRO-10047;MRO-20031,Screw Compressor,DHR-03,train,12,normal,normal,approved_on_validation,우선 점검 후보
2023-11-26,AST-5003,A2,0,0.00329759099434,6.8993055248384856e-12,7.156258306629511e-15,MRO-10046;MRO-60016;MRO-90012,MRO-10046;MRO-10047;MRO-20031,EOT Crane,DHR-03,train,12,normal,normal,approved_on_validation,우선 점검 후보
2023-11-26,AST-5007,A2,0,0.0032628367602945,5.799881320126418e-12,6.434000194168981e-15,MRO-70005;MRO-20031;MRO-30011,MRO-20031;MRO-10047;MRO-50009,EOT Crane,PUN-01,train,12,normal,normal,approved_on_validation,우선 점검 후보
2023-11-27,AST-1041,A2,7,6.209405130931893,0.108893432397049,0.070614231033038,MRO-80001;MRO-10046;MRO-10047,MRO-80001;MRO-10046;MRO-10047,CNC Lathe,PUN-01,train,12,risk,risk,approved_on_validation,우선 점검 후보
2023-11-27,AST-1042,A2,8,10.24380840922676,0.388115886665256,0.3059025347909284,MRO-10046;MRO-20031;MRO-10045,MRO-10046;MRO-20031;MRO-10045,CNC Lathe,PUN-01,train,12,risk,risk,approved_on_validation,우선 점검 후보
2023-11-27,AST-2017,A2,11,8.729976408968206,0.2719996387820632,0.1997288742737576,MRO-10046;MRO-20031;MRO-50009,MRO-10046;MRO-20031;MRO-50009,Hydraulic Press,PUN-01,train,12,risk,risk,approved_on_validation,우선 점검 후보
2023-11-27,AST-2031,A2,1,6.729589258718384,0.1378880013677317,0.0928274724872017,MRO-50009;MRO-10045;MRO-20031,MRO-50009;MRO-10045;MRO-20031,Hydraulic Press,CHN-02,train,12,caution,risk,approved_on_validation,우선 점검 후보
2023-11-27,AST-3008,A2,10,7.424417452734157,0.1819123258095618,0.1252069602646771,MRO-10046;MRO-50009;MRO-80001,MRO-10046;MRO-50009;MRO-80001,Belt Conveyor,CHN-02,train,12,risk,risk,approved_on_validation,우선 점검 후보
2023-11-27,AST-3019,A2,9,6.197308719566556,0.1108048583375658,0.0720543936456563,MRO-10047;MRO-10045;MRO-50009,MRO-10047;MRO-10045;MRO-50009,Belt Conveyor,CHN-02,train,12,risk,risk,approved_on_validation,우선 점검 후보
2023-11-27,AST-4055,A2,10,8.375442550563555,0.2464845686659794,0.178144814077886,MRO-10046;MRO-10045;MRO-10047,MRO-10046;MRO-10045;MRO-10047,Screw Compressor,DHR-03,train,12,risk,risk,approved_on_validation,우선 점검 후보
2023-11-27,AST-4061,A2,0,6.34114910579422,0.1183388300569568,0.0753619707068421,MRO-40022;MRO-50009;MRO-10047,MRO-50009;MRO-10047;MRO-10046,Screw Compressor,DHR-03,train,12,normal,risk,approved_on_validation,우선 점검 후보
2023-11-27,AST-5003,A2,7,7.917360738346441,0.2129375886417744,0.1519022488358654,MRO-80001;MRO-10046;MRO-10045,MRO-80001;MRO-10046;MRO-10045,EOT Crane,DHR-03,train,12,risk,risk,approved_on_validation,우선 점검 후보
2023-11-27,AST-5007,A2,5,6.00334548308105,0.0997471340489289,0.0641909573462104,MRO-10046;MRO-80001;MRO-10045,MRO-10046;MRO-80001;MRO-10045,EOT Crane,PUN-01,train,12,caution,risk,approved_on_validation,우선 점검 후보
2023-11-28,AST-1041,A2,4,7.413567051890631,0.1788687181705575,0.1249327534259175,MRO-50009;MRO-80001;MRO-20031,MRO-50009;MRO-80001;MRO-20031,CNC Lathe,PUN-01,train,12,caution,risk,approved_on_validation,우선 점검 후보
2023-11-28,AST-1042,A2,7,6.810950325990546,0.1456063307843987,0.0964704728377449,MRO-20031;MRO-50009;MRO-80001,MRO-20031;MRO-50009;MRO-80001,CNC Lathe,PUN-01,train,12,risk,risk,approved_on_validation,우선 점검 후보
2023-11-28,AST-2017,A2,9,9.021473569199992,0.2933684500603128,0.2186706212629645,MRO-40022;MRO-10045;MRO-10047,MRO-10045;MRO-10047;MRO-10046,Hydraulic Press,PUN-01,train,12,risk,risk,approved_on_validation,우선 점검 후보
2023-11-28,AST-2031,A2,10,7.767976854841418,0.2037673739851637,0.1444779836065906,MRO-50009;MRO-10045;MRO-10046,MRO-50009;MRO-10045;MRO-10046,Hydraulic Press,CHN-02,train,12,risk,risk,approved_on_validation,우선 점검 후보
2023-11-28,AST-3008,A2,8,6.418068675537623,0.1206243587691944,0.0780575605353549,MRO-10045;MRO-10046;MRO-80001,MRO-10045;MRO-10046;MRO-80001,Belt Conveyor,CHN-02,train,12,risk,risk,approved_on_validation,우선 점검 후보
2023-11-28,AST-3019,A2,0,6.265813718756422,0.1169106240934673,0.0744504189273444,MRO-10045;MRO-10047;MRO-20031,MRO-10045;MRO-10047;MRO-20031,Belt Conveyor,CHN-02,train,12,normal,risk,approved_on_validation,우선 점검 후보
2023-11-28,AST-4055,A2,6,8.327016185105464,0.2435200311855267,0.1755432991961933,MRO-10046;MRO-20031;MRO-10045,MRO-10046;MRO-20031;MRO-10045,Screw Compressor,DHR-03,train,12,risk,risk,approved_on_validation,우선 점검 후보
2023-11-28,AST-4061,A2,7,6.974664063371912,0.1513748577461943,0.1026536468918452,MRO-30011;MRO-20031;MRO-80001,MRO-20031;MRO-80001;MRO-10045,Screw Compressor,DHR-03,train,12,risk,risk,approved_on_validation,우선 점검 후보
2023-11-28,AST-5003,A2,2,8.358323896828736,0.2445360830905823,0.1774698563405541,MRO-10045;MRO-10046;MRO-80001,MRO-10045;MRO-10046;MRO-80001,EOT Crane,DHR-03,train,12,caution,risk,approved_on_validation,우선 점검 후보
2023-11-28,AST-5007,A2,5,5.376326363435879,0.069105239703723,0.0418681189533507,MRO-20032;MRO-40022;MRO-80002,MRO-10045;MRO-10046;MRO-80001,EOT Crane,PUN-01,train,12,caution,caution,approved_on_validation,우선 점검 후보
2023-11-29,AST-1041,A2,0,6.492411753980908,0.124574770168946,0.0826284919981547,MRO-80001;MRO-10047;MRO-20031,MRO-80001;MRO-10047;MRO-20031,CNC Lathe,PUN-01,train,12,normal,risk,approved_on_validation,우선 점검 후보
2023-11-29,AST-1042,A2,10,6.766146759439247,0.1443880641015896,0.0940633408023231,MRO-50009;MRO-20031;MRO-80001,MRO-50009;MRO-20031;MRO-80001,CNC Lathe,PUN-01,train,12,risk,risk,approved_on_validation,우선 점검 후보
2023-11-29,AST-2017,A2,2,7.601449923620344,0.1910687647055871,0.1350890592005082,MRO-10045;MRO-80001;MRO-10046,MRO-10045;MRO-80001;MRO-10046,Hydraulic Press,PUN-01,train,12,caution,risk,approved_on_validation,우선 점검 후보
2023-11-29,AST-2031,A2,14,8.280678078859514,0.2371843278658358,0.1735214708397708,MRO-10047;MRO-20031;MRO-10046,MRO-10047;MRO-20031;MRO-10046,Hydraulic Press,CHN-02,train,12,high_risk,risk,approved_on_validation,우선 점검 후보
2023-11-29,AST-3008,A2,2,5.676288905236954,0.0823672771941329,0.0514100667578674,MRO-40021;MRO-80001;MRO-80002,MRO-80001;MRO-10045;MRO-20031,Belt Conveyor,CHN-02,train,12,caution,caution,approved_on_validation,우선 점검 후보
2023-11-29,AST-3019,A2,0,6.14429818652716,0.1102375504826739,0.0698073579594465,MRO-10045;MRO-80001;MRO-10047,MRO-10045;MRO-80001;MRO-10047,Belt Conveyor,CHN-02,train,12,normal,risk,approved_on_validation,우선 점검 후보
2023-11-29,AST-4055,A2,10,8.741498136102589,0.2751057503297141,0.2020905230301395,MRO-80001;MRO-20031;MRO-10047,MRO-80001;MRO-20031;MRO-10047,Screw Compressor,DHR-03,train,12,risk,risk,approved_on_validation,우선 점검 후보
2023-11-29,AST-4061,A2,2,6.985964904365387,0.1534531674442198,0.1038239074452367,MRO-20031;MRO-10046;MRO-80001,MRO-20031;MRO-10046;MRO-80001,Screw Compressor,DHR-03,train,12,caution,risk,approved_on_validation,우선 점검 후보
2023-11-29,AST-5003,A2,4,8.445710332079084,0.2512472468808949,0.1832538743273141,MRO-10046;MRO-10045;MRO-80001,MRO-10046;MRO-10045;MRO-80001,EOT Crane,DHR-03,train,12,caution,risk,approved_on_validation,우선 점검 후보
2023-11-29,AST-5007,A2,4,5.0879697804712265,0.0611244397663592,0.0354155334980161,MRO-80001;MRO-20031;MRO-40021,MRO-80001;MRO-20031;MRO-10046,EOT Crane,PUN-01,train,12,caution,caution,approved_on_validation,우선 점검 후보
2023-11-30,AST-1041,A2,7,7.005359877912387,0.1545310752804402,0.1052677446690932,MRO-80001;MRO-10047;MRO-10046,MRO-80001;MRO-10047;MRO-10046,CNC Lathe,PUN-01,train,12,risk,risk,approved_on_validation,우선 점검 후보
2023-11-30,AST-1042,A2,16,8.304375580047006,0.2482308729324688,0.1762053949228168,MRO-80001;MRO-20031;MRO-50009,MRO-80001;MRO-20031;MRO-50009,CNC Lathe,PUN-01,train,12,high_risk,risk,approved_on_validation,우선 점검 후보
2023-11-30,AST-2017,A2,6,8.789234745065789,0.278529974942842,0.2034780988532814,MRO-10045;MRO-10046;MRO-80001,MRO-10045;MRO-10046;MRO-80001,Hydraulic Press,PUN-01,train,12,risk,risk,approved_on_validation,우선 점검 후보
2023-11-30,AST-2031,A2,12,8.104991501595594,0.2284900328279697,0.1635868498970827,MRO-10047;MRO-20031;MRO-50009,MRO-10047;MRO-20031;MRO-50009,Hydraulic Press,CHN-02,train,12,high_risk,risk,approved_on_validation,우선 점검 후보
2023-11-30,AST-3008,A2,8,6.761364688566066,0.1396766151911029,0.0923880014391506,MRO-10045;MRO-40022;MRO-10047,MRO-10045;MRO-10047;MRO-20031,Belt Conveyor,CHN-02,train,12,risk,risk,approved_on_validation,우선 점검 후보
2023-11-30,AST-3019,A2,8,6.417866822598602,0.1251119345569571,0.0800232727251512,MRO-10045;MRO-80001;MRO-10047,MRO-10045;MRO-80001;MRO-10047,Belt Conveyor,CHN-02,train,12,risk,risk,approved_on_validation,우선 점검 후보
2023-11-30,AST-4055,A2,20,9.34597100180932,0.3182344570013045,0.241568730590802,MRO-20031;MRO-80001;MRO-10047,MRO-20031;MRO-80001;MRO-10047,Screw Compressor,DHR-03,train,12,high_risk,risk,approved_on_validation,우선 점검 후보
2023-11-30,AST-4061,A2,2,6.8584049048382445,0.1470469160171192,0.0977459238586261,MRO-10047;MRO-50009;MRO-10045,MRO-10047;MRO-50009;MRO-10045,Screw Compressor,DHR-03,train,12,caution,risk,approved_on_validation,우선 점검 후보
2023-11-30,AST-5003,A2,2,6.739155636788772,0.1340134702250683,0.0904080507568479,MRO-40022;MRO-20031;MRO-30011,MRO-20031;MRO-10046;MRO-80001,EOT Crane,DHR-03,train,12,caution,risk,approved_on_validation,우선 점검 후보
2023-11-30,AST-5007,A2,8,6.811655816253996,0.1477749708999143,0.0975532969521942,MRO-10045;MRO-10047;MRO-50009,MRO-10045;MRO-10047;MRO-50009,EOT Crane,PUN-01,train,12,risk,risk,approved_on_validation,우선 점검 후보
2023-12-01,AST-1041,A2,1,6.655745312965363,0.1309107223692511,0.0896455205323828,MRO-70005;MRO-80001;MRO-20031,MRO-80001;MRO-20031;MRO-10047,CNC Lathe,PUN-01,train,12,caution,risk,approved_on_validation,우선 점검 후보
2023-12-01,AST-1042,A2,10,9.925327605328992,0.359434280044658,0.2828543832310717,MRO-50009;MRO-80001;MRO-40022,MRO-50009;MRO-80001;MRO-10045,CNC Lathe,PUN-01,train,12,risk,risk,approved_on_validation,우선 점검 후보
2023-12-01,AST-2017,A2,14,8.873681256418566,0.2776930882412264,0.2112790682118298,MRO-80001;MRO-10045;MRO-50009,MRO-80001;MRO-10045;MRO-50009,Hydraulic Press,PUN-01,train,12,high_risk,risk,approved_on_validation,우선 점검 후보
2023-12-01,AST-2031,A2,8,7.73223781308348,0.196719470805611,0.1423505606245338,MRO-90012;MRO-90011;MRO-80001,MRO-80001;MRO-20031;MRO-10045,Hydraulic Press,CHN-02,train,12,risk,risk,approved_on_validation,우선 점검 후보
2023-12-01,AST-3008,A2,4,7.246907428179917,0.172118365040436,0.1163763690068694,MRO-50009;MRO-10045;MRO-10047,MRO-50009;MRO-10045;MRO-10047,Belt Conveyor,CHN-02,train,12,caution,risk,approved_on_validation,우선 점검 후보
2023-12-01,AST-3019,A2,7,6.384414444302971,0.1207029092223662,0.0786681825231106,MRO-10045;MRO-80001;MRO-10047,MRO-10045;MRO-80001;MRO-10047,Belt Conveyor,CHN-02,train,12,risk,risk,approved_on_validation,우선 점검 후보
2023-12-01,AST-4055,A2,11,9.499278560635087,0.3299217885716435,0.2525343272975403,MRO-80001;MRO-20031;MRO-10045,MRO-80001;MRO-20031;MRO-10045,Screw Compressor,DHR-03,train,12,risk,risk,approved_on_validation,우선 점검 후보
2023-12-01,AST-4061,A2,18,7.069487780311307,0.1592048105914509,0.107752959045343,MRO-10046;MRO-80001;MRO-10047,MRO-10046;MRO-80001;MRO-10047,Screw Compressor,DHR-03,train,12,high_risk,risk,approved_on_validation,우선 점검 후보
2023-12-01,AST-5003,A2,5,8.206840717948081,0.2322578130979652,0.1685648267890444,MRO-10046;MRO-80001;MRO-20031,MRO-10046;MRO-80001;MRO-20031,EOT Crane,DHR-03,train,12,caution,risk,approved_on_validation,우선 점검 후보
2023-12-01,AST-5007,A2,8,5.765024051163309,0.0892631747412896,0.0553861854148899,MRO-20031;MRO-50009;MRO-10045,MRO-20031;MRO-50009;MRO-10045,EOT Crane,PUN-01,train,12,risk,caution,approved_on_validation,우선 점검 후보
2023-12-02,AST-1041,A2,0,0.0031254189917274,5.738843977251005e-12,5.6760521350579316e-15,MRO-70004;MRO-10047;MRO-20031,MRO-10047;MRO-20031;MRO-50009,CNC Lathe,PUN-01,train,12,normal,normal,approved_on_validation,우선 점검 후보
2023-12-02,AST-1042,A2,0,0.0032637959864807,6.620848199688451e-12,6.7808984231882205e-15,MRO-20033;MRO-20031;MRO-80001,MRO-20031;MRO-80001;MRO-10046,CNC Lathe,PUN-01,train,12,normal,normal,approved_on_validation,우선 점검 후보
2023-12-02,AST-2017,A2,0,0.0034852113071684,6.8927274836320885e-12,7.975754116575337e-15,MRO-30012;MRO-70004;MRO-10045,MRO-10045;MRO-50009;MRO-30012,Hydraulic Press,PUN-01,train,12,normal,normal,approved_on_validation,우선 점검 후보
2023-12-02,AST-2031,A2,0,0.0032417568665552,6.557486138843026e-12,6.668420484797917e-15,MRO-70005;MRO-10045;MRO-10046,MRO-10045;MRO-10046;MRO-10047,Hydraulic Press,CHN-02,train,12,normal,normal,approved_on_validation,우선 점검 후보
2023-12-02,AST-3008,A2,0,0.0034104400567348,6.588315256048421e-12,7.964345918702073e-15,MRO-70005;MRO-90011;MRO-90012,MRO-10045;MRO-10047;MRO-20031,Belt Conveyor,CHN-02,train,12,normal,normal,approved_on_validation,우선 점검 후보
2023-12-02,AST-3019,A2,0,0.0032915688595015,6.442966348234056e-12,6.9558611768081946e-15,MRO-70005;MRO-10045;MRO-10046,MRO-10045;MRO-10046;MRO-10047,Belt Conveyor,CHN-02,train,12,normal,normal,approved_on_validation,우선 점검 후보
2023-12-02,AST-4055,A2,0,0.0032495582694434,6.6622504044421736e-12,6.762757303882607e-15,MRO-10046;MRO-20031;MRO-20033,MRO-10046;MRO-20031;MRO-10045,Screw Compressor,DHR-03,train,12,normal,normal,approved_on_validation,우선 점검 후보
2023-12-02,AST-4061,A2,0,0.0033159108642681,7.355362020724274e-12,7.543586245126185e-15,MRO-10046;MRO-20031;MRO-50009,MRO-10046;MRO-20031;MRO-50009,Screw Compressor,DHR-03,train,12,normal,normal,approved_on_validation,우선 점검 후보
2023-12-02,AST-5003,A2,0,0.0032394123022738,6.602587623882073e-12,6.661817868458896e-15,MRO-30012;MRO-80002;MRO-10045,MRO-10045;MRO-10046;MRO-10047,EOT Crane,DHR-03,train,12,normal,normal,approved_on_validation,우선 점검 후보
2023-12-02,AST-5007,A2,0,0.0031694628257934,5.792882636432991e-12,5.830396063148458e-15,MRO-50009;MRO-10045;MRO-10046,MRO-50009;MRO-10045;MRO-10046,EOT Crane,PUN-01,train,12,normal,normal,approved_on_validation,우선 점검 후보
2023-12-03,AST-1041,A2,0,0.0031267473633816,5.838027167832765e-12,5.705620512090395e-15,MRO-10046;MRO-10047;MRO-20031,MRO-10046;MRO-10047;MRO-20031,CNC Lathe,PUN-01,train,12,normal,normal,approved_on_validation,우선 점검 후보
2023-12-03,AST-1042,A2,0,0.0034474895661542,8.109545184841026e-12,8.55671685306128e-15,MRO-20033;MRO-20031;MRO-10045,MRO-20031;MRO-10045;MRO-10046,CNC Lathe,PUN-01,train,12,normal,normal,approved_on_validation,우선 점검 후보
2023-12-03,AST-2017,A2,0,0.0034852846095828,6.947381832706486e-12,7.939554492092487e-15,MRO-30012;MRO-70004;MRO-50009,MRO-50009;MRO-30012;MRO-10045,Hydraulic Press,PUN-01,train,12,normal,normal,approved_on_validation,우선 점검 후보
2023-12-03,AST-2031,A2,0,0.0032316508224935,6.507740500798253e-12,6.580118360500677e-15,MRO-10045;MRO-10046;MRO-80001,MRO-10045;MRO-10046;MRO-80001,Hydraulic Press,CHN-02,train,12,normal,normal,approved_on_validation,우선 점검 후보
2023-12-03,AST-3008,A2,0,0.0034658482464919,6.5962692217908535e-12,8.171462769845363e-15,MRO-70005;MRO-90011;MRO-90012,MRO-10045;MRO-10046;MRO-10047,Belt Conveyor,CHN-02,train,12,normal,normal,approved_on_validation,우선 점검 후보
2023-12-03,AST-3019,A2,0,0.0032436444634081,6.6133450321307135e-12,6.707545663611796e-15,MRO-10045;MRO-10046;MRO-10047,MRO-10045;MRO-10046;MRO-10047,Belt Conveyor,CHN-02,train,12,normal,normal,approved_on_validation,우선 점검 후보
2023-12-03,AST-4055,A2,0,0.0032595912682077,6.694384299430857e-12,6.837723822293114e-15,MRO-70005;MRO-10045;MRO-10046,MRO-10045;MRO-10046;MRO-10047,Screw Compressor,DHR-03,train,12,normal,normal,approved_on_validation,우선 점검 후보
2023-12-03,AST-4061,A2,0,0.003246342468478,6.583770921472273e-12,6.692938681761431e-15,MRO-10045;MRO-10047;MRO-20033,MRO-10045;MRO-10047;MRO-10046,Screw Compressor,DHR-03,train,12,normal,normal,approved_on_validation,우선 점검 후보
2023-12-03,AST-5003,A2,0,0.0034056405077614,6.710631873247993e-12,7.75456260077079e-15,MRO-70005;MRO-30012;MRO-80002,MRO-10045;MRO-10046;MRO-10047,EOT Crane,DHR-03,train,12,normal,normal,approved_on_validation,우선 점검 후보
2023-12-03,AST-5007,A2,0,0.0031853106274506,5.989977292281469e-12,6.032915353707113e-15,MRO-10045;MRO-10046;MRO-10047,MRO-10045;MRO-10046;MRO-10047,EOT Crane,PUN-01,train,12,normal,normal,approved_on_validation,우선 점검 후보
2023-12-04,AST-1041,A2,10,7.694116760118877,0.1963125921250516,0.1400779978933973,MRO-10045;MRO-20031;MRO-10046,MRO-10045;MRO-20031;MRO-10046,CNC Lathe,PUN-01,train,12,risk,risk,approved_on_validation,우선 점검 후보
2023-12-04,AST-1042,A2,12,7.353612009008158,0.1778543531409465,0.1240901558137049,MRO-10045;MRO-50009;MRO-10046,MRO-10045;MRO-50009;MRO-10046,CNC Lathe,PUN-01,train,12,high_risk,risk,approved_on_validation,우선 점검 후보
2023-12-04,AST-2017,A2,14,8.822356646637408,0.278847199994137,0.2077831446077502,MRO-50009;MRO-10045;MRO-80001,MRO-50009;MRO-10045;MRO-80001,Hydraulic Press,PUN-01,train,12,high_risk,risk,approved_on_validation,우선 점검 후보
2023-12-04,AST-2031,A2,9,7.96949385475641,0.2124720845821054,0.1550520169326722,MRO-20032;MRO-10045;MRO-20031,MRO-10045;MRO-20031;MRO-80001,Hydraulic Press,CHN-02,train,12,risk,risk,approved_on_validation,우선 점검 후보
2023-12-04,AST-3008,A2,8,7.91274792687596,0.211867062912341,0.1512906920097195,MRO-10046;MRO-50009;MRO-10045,MRO-10046;MRO-50009;MRO-10045,Belt Conveyor,CHN-02,train,12,risk,risk,approved_on_validation,우선 점검 후보
2023-12-04,AST-3019,A2,5,7.475340553308912,0.1769672105496872,0.1253526386461909,MRO-70005;MRO-40022;MRO-30012,MRO-10046;MRO-10045;MRO-10047,Belt Conveyor,CHN-02,train,12,caution,risk,approved_on_validation,우선 점검 후보
2023-12-04,AST-4055,A2,13,8.635942491292978,0.2559977939854326,0.1957880923230658,MRO-70004;MRO-10047;MRO-90012,MRO-10047;MRO-10045;MRO-50009,Screw Compressor,DHR-03,train,12,high_risk,risk,approved_on_validation,우선 점검 후보
2023-12-04,AST-4061,A2,4,7.031169491768435,0.1565325050537226,0.1066268350178265,MRO-10046;MRO-20031;MRO-50009,MRO-10046;MRO-20031;MRO-50009,Screw Compressor,DHR-03,train,12,caution,risk,approved_on_validation,우선 점검 후보
2023-12-04,AST-5003,A2,13,8.24678717221293,0.2330169087783308,0.1710834729389833,MRO-10046;MRO-10045;MRO-10047,MRO-10046;MRO-10045;MRO-10047,EOT Crane,DHR-03,train,12,high_risk,risk,approved_on_validation,우선 점검 후보
2023-12-04,AST-5007,A2,10,5.880103296393355,0.0919234925968995,0.0576492652828286,MRO-50009;MRO-80002;MRO-10045,MRO-50009;MRO-10045;MRO-10047,EOT Crane,PUN-01,train,12,risk,risk,approved_on_validation,우선 점검 후보
2023-12-05,AST-1041,A2,7,8.184274387022015,0.2302742644516464,0.1688860043092376,MRO-10045;MRO-80001;MRO-70005,MRO-10045;MRO-80001;MRO-10046,CNC Lathe,PUN-01,train,12,risk,risk,approved_on_validation,우선 점검 후보
2023-12-05,AST-1042,A2,9,7.795199897825469,0.2051498582591647,0.1477522489476487,MRO-10045;MRO-10046;MRO-50009,MRO-10045;MRO-10046;MRO-50009,CNC Lathe,PUN-01,train,12,risk,risk,approved_on_validation,우선 점검 후보
2023-12-05,AST-2017,A2,3,8.13706586421287,0.2257117306844356,0.1639245680787033,MRO-50009;MRO-30012;MRO-20031,MRO-50009;MRO-20031;MRO-80001,Hydraulic Press,PUN-01,train,12,caution,risk,approved_on_validation,우선 점검 후보
2023-12-05,AST-2031,A2,12,7.789233577015068,0.2054596557688164,0.1450209660407413,MRO-10046;MRO-20031;MRO-80001,MRO-10046;MRO-20031;MRO-80001,Hydraulic Press,CHN-02,train,12,high_risk,risk,approved_on_validation,우선 점검 후보
2023-12-05,AST-3008,A2,0,6.976147911557838,0.1547421354231947,0.1030516092821398,MRO-10046;MRO-10047;MRO-50009,MRO-10046;MRO-10047;MRO-50009,Belt Conveyor,CHN-02,train,12,normal,risk,approved_on_validation,우선 점검 후보
2023-12-05,AST-3019,A2,12,6.373340264409323,0.1189397490358086,0.0784614287819552,MRO-10046;MRO-20031;MRO-40022,MRO-10046;MRO-20031;MRO-80001,Belt Conveyor,CHN-02,train,12,high_risk,risk,approved_on_validation,우선 점검 후보
2023-12-05,AST-4055,A2,5,7.9562399209176045,0.2168794021816348,0.1541272766623046,MRO-10046;MRO-10045;MRO-80001,MRO-10046;MRO-10045;MRO-80001,Screw Compressor,DHR-03,train,12,caution,risk,approved_on_validation,우선 점검 후보
2023-12-05,AST-4061,A2,2,6.965813260872077,0.1523682375883424,0.1028610752340053,MRO-10047;MRO-10045;MRO-10046,MRO-10047;MRO-10045;MRO-10046,Screw Compressor,DHR-03,train,12,caution,risk,approved_on_validation,우선 점검 후보
2023-12-05,AST-5003,A2,8,8.200898874160474,0.2321964498405046,0.1678122591564505,MRO-80001;MRO-10046;MRO-10045,MRO-80001;MRO-10046;MRO-10045,EOT Crane,DHR-03,train,12,risk,risk,approved_on_validation,우선 점검 후보
2023-12-05,AST-5007,A2,9,6.062746820178194,0.1015282312237194,0.0642818318359233,MRO-10045;MRO-50009;MRO-40022,MRO-10045;MRO-50009;MRO-10047,EOT Crane,PUN-01,train,12,risk,risk,approved_on_validation,우선 점검 후보
2023-12-06,AST-1041,A2,8,8.550374330892259,0.2571512819364578,0.1905415100319165,MRO-50009;MRO-20031;MRO-80001,MRO-50009;MRO-20031;MRO-80001,CNC Lathe,PUN-01,train,12,risk,risk,approved_on_validation,우선 점검 후보
2023-12-06,AST-1042,A2,7,8.448094587506235,0.2511700233448018,0.18375269931494,MRO-30011;MRO-50009;MRO-40022,MRO-50009;MRO-10045;MRO-20031,CNC Lathe,PUN-01,train,12,risk,risk,approved_on_validation,우선 점검 후보
2023-12-06,AST-2017,A2,4,8.001207834078864,0.2185537193114868,0.1573569481073518,MRO-10045;MRO-10046;MRO-10047,MRO-10045;MRO-10046;MRO-10047,Hydraulic Press,PUN-01,train,12,caution,risk,approved_on_validation,우선 점검 후보
2023-12-06,AST-2031,A2,14,8.14669671466136,0.22869160151431,0.1655658502763618,MRO-10046;MRO-50009;MRO-20031,MRO-10046;MRO-50009;MRO-20031,Hydraulic Press,CHN-02,train,12,high_risk,risk,approved_on_validation,우선 점검 후보
2023-12-06,AST-3008,A2,10,7.428373382741546,0.1805405289871063,0.1253240682161819,MRO-50008;MRO-10047;MRO-10046,MRO-10047;MRO-10046;MRO-10045,Belt Conveyor,CHN-02,train,12,risk,risk,approved_on_validation,우선 점검 후보
2023-12-06,AST-3019,A2,11,7.063799221958063,0.155161373691414,0.105975598893764,MRO-30012;MRO-70005;MRO-20031,MRO-20031;MRO-80001;MRO-10047,Belt Conveyor,CHN-02,train,12,risk,risk,approved_on_validation,우선 점검 후보
2023-12-06,AST-4055,A2,14,9.04022489081066,0.2928442098632042,0.2210241674973609,MRO-10045;MRO-80001;MRO-50009,MRO-10045;MRO-80001;MRO-50009,Screw Compressor,DHR-03,train,12,high_risk,risk,approved_on_validation,우선 점검 후보
2023-12-06,AST-4061,A2,5,6.786903426601108,0.1430665649454902,0.0954994841378164,MRO-20031;MRO-10046;MRO-50009,MRO-20031;MRO-10046;MRO-50009,Screw Compressor,DHR-03,train,12,caution,risk,approved_on_validation,우선 점검 후보
2023-12-06,AST-5003,A2,0,8.230877622750413,0.2337513530170113,0.1709066369520527,MRO-80001;MRO-10047;MRO-10046,MRO-80001;MRO-10047;MRO-10046,EOT Crane,DHR-03,train,12,normal,risk,approved_on_validation,우선 점검 후보
2023-12-06,AST-5007,A2,7,6.130282123824662,0.1071565027589261,0.0685716311340854,MRO-50009;MRO-10047;MRO-10045,MRO-50009;MRO-10047;MRO-10045,EOT Crane,PUN-01,train,12,risk,risk,approved_on_validation,우선 점검 후보
2023-12-07,AST-1041,A2,6,7.731615060811426,0.1989785266469974,0.1440196677831998,MRO-70005;MRO-20031;MRO-80001,MRO-20031;MRO-80001;MRO-10047,CNC Lathe,PUN-01,train,12,risk,risk,approved_on_validation,우선 점검 후보
2023-12-07,AST-1042,A2,10,7.703014466868967,0.20215402507861,0.1417815656931496,MRO-50009;MRO-10046;MRO-10045,MRO-50009;MRO-10046;MRO-10045,CNC Lathe,PUN-01,train,12,risk,risk,approved_on_validation,우선 점검 후보
2023-12-07,AST-2017,A2,6,8.915924760351272,0.2814587961787955,0.2115348465971505,MRO-10046;MRO-60016;MRO-50009,MRO-10046;MRO-50009;MRO-80001,Hydraulic Press,PUN-01,train,12,risk,risk,approved_on_validation,우선 점검 후보
2023-12-07,AST-2031,A2,5,7.870367512900368,0.2068715365144772,0.1505640593717847,MRO-20032;MRO-10046;MRO-10045,MRO-10046;MRO-10045;MRO-20031,Hydraulic Press,CHN-02,train,12,caution,risk,approved_on_validation,우선 점검 후보
2023-12-07,AST-3008,A2,8,7.095082451558884,0.1591255330564381,0.1088337252739403,MRO-10047;MRO-10046;MRO-20031,MRO-10047;MRO-10046;MRO-20031,Belt Conveyor,CHN-02,train,12,risk,risk,approved_on_validation,우선 점검 후보
2023-12-07,AST-3019,A2,12,7.503581115095228,0.1841577924075263,0.1292179496689323,MRO-20031;MRO-50009;MRO-40022,MRO-20031;MRO-50009;MRO-10045,Belt Conveyor,CHN-02,train,12,high_risk,risk,approved_on_validation,우선 점검 후보
2023-12-07,AST-4055,A2,11,8.340658161296433,0.2447439090478116,0.1769882050938961,MRO-10045;MRO-10047;MRO-10046,MRO-10045;MRO-10047;MRO-10046,Screw Compressor,DHR-03,train,12,risk,risk,approved_on_validation,우선 점검 후보
2023-12-07,AST-4061,A2,8,6.859082094924124,0.1478968357241693,0.0983691223208317,MRO-20031;MRO-10046;MRO-50009,MRO-20031;MRO-10046;MRO-50009,Screw Compressor,DHR-03,train,12,risk,risk,approved_on_validation,우선 점검 후보
2023-12-07,AST-5003,A2,5,7.995046091390049,0.2176990201847458,0.1568200242790997,MRO-80001;MRO-10047;MRO-10045,MRO-80001;MRO-10047;MRO-10045,EOT Crane,DHR-03,train,12,caution,risk,approved_on_validation,우선 점검 후보
2023-12-07,AST-5007,A2,4,6.405102892636544,0.1171353713639396,0.0772291595711889,MRO-50008;MRO-60015;MRO-10045,MRO-10045;MRO-10047;MRO-20031,EOT Crane,PUN-01,train,12,caution,risk,approved_on_validation,우선 점검 후보
2023-12-08,AST-1041,A2,6,7.244314981753087,0.1689223448265043,0.1171634283722848,MRO-10045;MRO-20031;MRO-80001,MRO-10045;MRO-20031;MRO-80001,CNC Lathe,PUN-01,train,12,risk,risk,approved_on_validation,우선 점검 후보
2023-12-08,AST-1042,A2,9,7.413438891824542,0.1822567513569463,0.1271334173664857,MRO-50009;MRO-10045;MRO-10047,MRO-50009;MRO-10045;MRO-10047,CNC Lathe,PUN-01,train,12,risk,risk,approved_on_validation,우선 점검 후보
2023-12-08,AST-2017,A2,7,8.840847178970833,0.2754724242749329,0.2089069543070738,MRO-10045;MRO-20031;MRO-10046,MRO-10045;MRO-20031;MRO-10046,Hydraulic Press,PUN-01,train,12,risk,risk,approved_on_validation,우선 점검 후보
2023-12-08,AST-2031,A2,8,7.17280945478646,0.1671592794002684,0.1130615877553244,MRO-10045;MRO-10046;MRO-20031,MRO-10045;MRO-10046;MRO-20031,Hydraulic Press,CHN-02,train,12,risk,risk,approved_on_validation,우선 점검 후보
2023-12-08,AST-3008,A2,2,6.727283901721196,0.138259915802134,0.0912331800371073,MRO-10047;MRO-80001;MRO-10046,MRO-10047;MRO-80001;MRO-10046,Belt Conveyor,CHN-02,train,12,caution,risk,approved_on_validation,우선 점검 후보
2023-12-08,AST-3019,A2,14,9.76879143294834,0.3376331309151107,0.2675581391802721,MRO-20032;MRO-40022;MRO-20033,MRO-50009;MRO-10046;MRO-10047,Belt Conveyor,CHN-02,train,12,high_risk,risk,approved_on_validation,우선 점검 후보
2023-12-08,AST-4055,A2,10,8.725361689621304,0.2719151684829523,0.2004140907761113,MRO-80001;MRO-10046;MRO-10047,MRO-80001;MRO-10046;MRO-10047,Screw Compressor,DHR-03,train,12,risk,risk,approved_on_validation,우선 점검 후보
2023-12-08,AST-4061,A2,6,7.0229674491203316,0.1565566841117341,0.1049843486585462,MRO-20031;MRO-80001;MRO-10046,MRO-20031;MRO-80001;MRO-10046,Screw Compressor,DHR-03,train,12,risk,risk,approved_on_validation,우선 점검 후보
2023-12-08,AST-5003,A2,11,8.188002079581233,0.229485334301034,0.1661325780831864,MRO-80001;MRO-50009;MRO-10045,MRO-80001;MRO-50009;MRO-10045,EOT Crane,DHR-03,train,12,risk,risk,approved_on_validation,우선 점검 후보
2023-12-08,AST-5007,A2,4,5.75448279602825,0.0876484403945828,0.0542752205984479,MRO-50009;MRO-10045;MRO-10047,MRO-50009;MRO-10045;MRO-10047,EOT Crane,PUN-01,train,12,caution,caution,approved_on_validation,우선 점검 후보
2023-12-09,AST-1041,A2,0,0.0032177676323146,6.5725794593228335e-12,6.565614130205726e-15,MRO-10045;MRO-10047;MRO-50009,MRO-10045;MRO-10047;MRO-50009,CNC Lathe,PUN-01,train,12,normal,normal,approved_on_validation,우선 점검 후보
2023-12-09,AST-1042,A2,0,0.003218192420724,6.30514640026295e-12,6.3916145820475505e-15,MRO-80001;MRO-10045;MRO-10047,MRO-80001;MRO-10045;MRO-10047,CNC Lathe,PUN-01,train,12,normal,normal,approved_on_validation,우선 점검 후보
2023-12-09,AST-2017,A2,0,0.0033449017054004,6.704045193128497e-12,7.182084105548282e-15,MRO-80002;MRO-90012;MRO-70004,MRO-10047;MRO-10045;MRO-10046,Hydraulic Press,PUN-01,train,12,normal,normal,approved_on_validation,우선 점검 후보
2023-12-09,AST-2031,A2,0,0.0035226502173911,9.75493886137602e-12,1.0091893198260771e-14,MRO-50009;MRO-10047;MRO-80002,MRO-50009;MRO-10047;MRO-10045,Hydraulic Press,CHN-02,train,12,normal,normal,approved_on_validation,우선 점검 후보
2023-12-09,AST-3008,A2,0,0.0033561566173595,6.5821942676535795e-12,7.440812284358598e-15,MRO-70005;MRO-10045;MRO-10046,MRO-10045;MRO-10046;MRO-20031,Belt Conveyor,CHN-02,train,12,normal,normal,approved_on_validation,우선 점검 후보
2023-12-09,AST-3019,A2,0,0.0033272216264689,6.771012573361222e-12,7.107187807977959e-15,MRO-60015;MRO-50009;MRO-20033,MRO-50009;MRO-10045;MRO-10046,Belt Conveyor,CHN-02,train,12,normal,normal,approved_on_validation,우선 점검 후보
2023-12-09,AST-4055,A2,0,0.0032508108518575,6.670705408194769e-12,6.767928669248531e-15,MRO-10046;MRO-10045;MRO-10047,MRO-10046;MRO-10045;MRO-10047,Screw Compressor,DHR-03,train,12,normal,normal,approved_on_validation,우선 점검 후보
2023-12-09,AST-4061,A2,0,0.0032367931609545,6.543200846003933e-12,6.630315732169239e-15,MRO-10045;MRO-10046;MRO-20031,MRO-10045;MRO-10046;MRO-20031,Screw Compressor,DHR-03,train,12,normal,normal,approved_on_validation,우선 점검 후보
2023-12-09,AST-5003,A2,0,0.0033494441263065,6.545564179515066e-12,7.371798782651256e-15,MRO-70005;MRO-10045;MRO-10047,MRO-10045;MRO-10047;MRO-50009,EOT Crane,DHR-03,train,12,normal,normal,approved_on_validation,우선 점검 후보
2023-12-09,AST-5007,A2,0,0.0032343181108855,6.620269820364761e-12,6.664347651247822e-15,MRO-10045;MRO-10046;MRO-10047,MRO-10045;MRO-10046;MRO-10047,EOT Crane,PUN-01,train,12,normal,normal,approved_on_validation,우선 점검 후보
2023-12-10,AST-1041,A2,0,0.0032339929342766,6.5905151735389455e-12,6.636145438462025e-15,MRO-10045;MRO-10046;MRO-10047,MRO-10045;MRO-10046;MRO-10047,CNC Lathe,PUN-01,train,12,normal,normal,approved_on_validation,우선 점검 후보
2023-12-10,AST-1042,A2,0,0.0032450915905913,6.625447256392317e-12,6.7219387235672416e-15,MRO-50009;MRO-10045;MRO-10046,MRO-50009;MRO-10045;MRO-10046,CNC Lathe,PUN-01,train,12,normal,normal,approved_on_validation,우선 점검 후보
2023-12-10,AST-2017,A2,0,0.0034172781522318,6.766420320172573e-12,7.858926376181008e-15,MRO-70005;MRO-70004;MRO-90012,MRO-50009;MRO-10045;MRO-10046,Hydraulic Press,PUN-01,train,12,normal,normal,approved_on_validation,우선 점검 후보
2023-12-10,AST-2031,A2,0,0.0032924633847344,7.131962472229984e-12,7.25466291370383e-15,MRO-50009;MRO-40022;MRO-10047,MRO-50009;MRO-10047;MRO-10045,Hydraulic Press,CHN-02,train,12,normal,normal,approved_on_validation,우선 점검 후보
2023-12-10,AST-3008,A2,0,0.0035205686496975,6.596281113919477e-12,8.530192832674618e-15,MRO-70005;MRO-20032;MRO-10045,MRO-70005;MRO-10045;MRO-10046,Belt Conveyor,CHN-02,train,12,normal,normal,approved_on_validation,우선 점검 후보
2023-12-10,AST-3019,A2,0,0.003240543980574,6.6061983183865695e-12,6.690473435985657e-15,MRO-10045;MRO-10046;MRO-10047,MRO-10045;MRO-10046;MRO-10047,Belt Conveyor,CHN-02,train,12,normal,normal,approved_on_validation,우선 점검 후보
2023-12-10,AST-4055,A2,0,0.0032545937477124,6.7066406203018255e-12,6.8081862137119e-15,MRO-10046;MRO-10045;MRO-10047,MRO-10046;MRO-10045;MRO-10047,Screw Compressor,DHR-03,train,12,normal,normal,approved_on_validation,우선 점검 후보
2023-12-10,AST-4061,A2,0,0.0032402643996611,6.59051524937343e-12,6.677438610850353e-15,MRO-10045;MRO-10046;MRO-10047,MRO-10045;MRO-10046;MRO-10047,Screw Compressor,DHR-03,train,12,normal,normal,approved_on_validation,우선 점검 후보
2023-12-10,AST-5003,A2,0,0.003433792389942,8.761658576261887e-12,9.031768582705824e-15,MRO-10046;MRO-20031;MRO-80001,MRO-10046;MRO-20031;MRO-80001,EOT Crane,DHR-03,train,12,normal,normal,approved_on_validation,우선 점검 후보
2023-12-10,AST-5007,A2,0,0.0032357983384209,6.620299010508073e-12,6.669250653498311e-15,MRO-10045;MRO-10046;MRO-10047,MRO-10045;MRO-10046;MRO-10047,EOT Crane,PUN-01,train,12,normal,normal,approved_on_validation,우선 점검 후보
2023-12-11,AST-1041,A2,5,7.672228495908198,0.1979173740449188,0.1384349248553274,MRO-80001;MRO-20031;MRO-10046,MRO-80001;MRO-20031;MRO-10046,CNC Lathe,PUN-01,train,12,caution,risk,approved_on_validation,우선 점검 후보
2023-12-11,AST-1042,A2,11,7.952401108844252,0.2172522175323765,0.1553207671408373,MRO-50009;MRO-10046;MRO-80001,MRO-50009;MRO-10046;MRO-80001,CNC Lathe,PUN-01,train,12,risk,risk,approved_on_validation,우선 점검 후보
2023-12-11,AST-2017,A2,4,8.748153981482075,0.2708951476288419,0.2019460544591005,MRO-10047;MRO-20033;MRO-10046,MRO-10047;MRO-10046;MRO-20031,Hydraulic Press,PUN-01,train,12,caution,risk,approved_on_validation,우선 점검 후보
2023-12-11,AST-2031,A2,7,7.779046439083221,0.2044585649302496,0.14506787387969,MRO-20031;MRO-10045;MRO-10046,MRO-20031;MRO-10045;MRO-10046,Hydraulic Press,CHN-02,train,12,risk,risk,approved_on_validation,우선 점검 후보
2023-12-11,AST-3008,A2,0,6.742781302560343,0.1405801491734381,0.0927803483693461,MRO-10047;MRO-10045;MRO-10046,MRO-10047;MRO-10045;MRO-10046,Belt Conveyor,CHN-02,train,12,normal,risk,approved_on_validation,우선 점검 후보
2023-12-11,AST-3019,A2,4,6.187346266890223,0.1122807615187543,0.0719854195319539,MRO-50009;MRO-10047;MRO-10045,MRO-50009;MRO-10047;MRO-10045,Belt Conveyor,CHN-02,train,12,caution,risk,approved_on_validation,우선 점검 후보
2023-12-11,AST-4055,A2,7,8.18789678709509,0.2320738395063967,0.1676806072680883,MRO-20031;MRO-80001;MRO-10047,MRO-20031;MRO-80001;MRO-10047,Screw Compressor,DHR-03,train,12,risk,risk,approved_on_validation,우선 점검 후보
2023-12-11,AST-4061,A2,6,6.9721445110054265,0.1486734980749699,0.1015307205170695,MRO-40021;MRO-40022;MRO-20032,MRO-20031;MRO-10047;MRO-50009,Screw Compressor,DHR-03,train,12,risk,risk,approved_on_validation,우선 점검 후보
2023-12-11,AST-5003,A2,16,8.654248088854743,0.2664860875893221,0.1961950054362772,MRO-10045;MRO-50009;MRO-80001,MRO-10045;MRO-50009;MRO-80001,EOT Crane,DHR-03,train,12,high_risk,risk,approved_on_validation,우선 점검 후보
2023-12-11,AST-5007,A2,8,5.828392406125198,0.0912163968715938,0.0571701836424897,MRO-10046;MRO-50009;MRO-10045,MRO-10046;MRO-50009;MRO-10045,EOT Crane,PUN-01,train,12,risk,caution,approved_on_validation,우선 점검 후보
2023-12-12,AST-1041,A2,6,7.421685972434453,0.1807930460744497,0.1257513761439288,MRO-20031;MRO-10046;MRO-10045,MRO-20031;MRO-10046;MRO-10045,CNC Lathe,PUN-01,train,12,risk,risk,approved_on_validation,우선 점검 후보
2023-12-12,AST-1042,A2,8,7.3223646389858335,0.1779843706712156,0.1223923675606167,MRO-50009;MRO-10045;MRO-10046,MRO-50009;MRO-10045;MRO-10046,CNC Lathe,PUN-01,train,12,risk,risk,approved_on_validation,우선 점검 후보
2023-12-12,AST-2017,A2,13,8.632290505409388,0.259312269958435,0.1955608131844606,MRO-10047;MRO-10046;MRO-70004,MRO-10047;MRO-10046;MRO-20031,Hydraulic Press,PUN-01,train,12,high_risk,risk,approved_on_validation,우선 점검 후보
2023-12-12,AST-2031,A2,1,7.1152032689607205,0.1627735612931291,0.1106822136189304,MRO-10045;MRO-20031;MRO-10046,MRO-10045;MRO-20031;MRO-10046,Hydraulic Press,CHN-02,train,12,caution,risk,approved_on_validation,우선 점검 후보
2023-12-12,AST-3008,A2,11,7.412606365326121,0.1790393575970421,0.125449401807747,MRO-70005;MRO-10047;MRO-10045,MRO-10047;MRO-10045;MRO-10046,Belt Conveyor,CHN-02,train,12,risk,risk,approved_on_validation,우선 점검 후보
2023-12-12,AST-3019,A2,8,6.809172651623205,0.1424976244953993,0.0963824575571729,MRO-10047;MRO-80001;MRO-50009,MRO-10047;MRO-80001;MRO-50009,Belt Conveyor,CHN-02,train,12,risk,risk,approved_on_validation,우선 점검 후보
2023-12-12,AST-4055,A2,12,10.648804087316082,0.4185988574682946,0.3351656862975361,MRO-20031;MRO-10046;MRO-40022,MRO-20031;MRO-10046;MRO-10045,Screw Compressor,DHR-03,train,12,high_risk,risk,approved_on_validation,우선 점검 후보
2023-12-12,AST-4061,A2,7,6.706992226310195,0.1388311960814095,0.0915824502199482,MRO-10047;MRO-80001;MRO-20031,MRO-10047;MRO-80001;MRO-20031,Screw Compressor,DHR-03,train,12,risk,risk,approved_on_validation,우선 점검 후보
2023-12-12,AST-5003,A2,6,8.401349348294055,0.2407002220531477,0.1802445912950048,MRO-70004;MRO-80001;MRO-20031,MRO-80001;MRO-20031;MRO-10045,EOT Crane,DHR-03,train,12,risk,risk,approved_on_validation,우선 점검 후보
2023-12-12,AST-5007,A2,5,6.191004641699449,0.1091790558731522,0.070289183929414,MRO-50009;MRO-10045;MRO-10047,MRO-50009;MRO-10045;MRO-10047,EOT Crane,PUN-01,train,12,caution,risk,approved_on_validation,우선 점검 후보
2023-12-13,AST-1041,A2,5,7.299061460047069,0.1712788489283671,0.1187756340934462,MRO-40022;MRO-80001;MRO-10045,MRO-80001;MRO-10045;MRO-20031,CNC Lathe,PUN-01,train,12,caution,risk,approved_on_validation,우선 점검 후보
2023-12-13,AST-1042,A2,2,7.37736678577662,0.1785292127032111,0.1248680102591628,MRO-10045;MRO-80001;MRO-20031,MRO-10045;MRO-80001;MRO-20031,CNC Lathe,PUN-01,train,12,caution,risk,approved_on_validation,우선 점검 후보
2023-12-13,AST-2017,A2,14,9.2411670821283,0.3106733306763743,0.2353185303998389,MRO-50009;MRO-20031;MRO-80001,MRO-50009;MRO-20031;MRO-80001,Hydraulic Press,PUN-01,train,12,high_risk,risk,approved_on_validation,우선 점검 후보
2023-12-13,AST-2031,A2,4,7.385643001575585,0.1802652708061551,0.1246923320572514,MRO-20031;MRO-10045;MRO-50009,MRO-20031;MRO-10045;MRO-50009,Hydraulic Press,CHN-02,train,12,caution,risk,approved_on_validation,우선 점검 후보
2023-12-13,AST-3008,A2,9,6.784789914294061,0.1368605412801579,0.0949351785130353,MRO-70004;MRO-10045;MRO-20031,MRO-10045;MRO-20031;MRO-10047,Belt Conveyor,CHN-02,train,12,risk,risk,approved_on_validation,우선 점검 후보
2023-12-13,AST-3019,A2,10,6.649463259024182,0.1313674647712913,0.0886050967655179,MRO-80001;MRO-50009;MRO-20031,MRO-80001;MRO-50009;MRO-20031,Belt Conveyor,CHN-02,train,12,risk,risk,approved_on_validation,우선 점검 후보
2023-12-13,AST-4055,A2,4,7.897773659656672,0.2141733643032081,0.1509050897476279,MRO-50009;MRO-20031;MRO-80001,MRO-50009;MRO-20031;MRO-80001,Screw Compressor,DHR-03,train,12,caution,risk,approved_on_validation,우선 점검 후보
2023-12-13,AST-4061,A2,6,6.445099754675148,0.123029294365009,0.0793683329705286,MRO-40022;MRO-60016;MRO-50009,MRO-50009;MRO-80001;MRO-10045,Screw Compressor,DHR-03,train,12,risk,risk,approved_on_validation,우선 점검 후보
2023-12-13,AST-5003,A2,17,9.639149020036603,0.3399715148173065,0.2612662568121706,MRO-10046;MRO-20031;MRO-80001,MRO-10046;MRO-20031;MRO-80001,EOT Crane,DHR-03,train,12,high_risk,risk,approved_on_validation,우선 점검 후보
2023-12-13,AST-5007,A2,2,5.166973057322788,0.065060774871741,0.0377551439449652,MRO-10046;MRO-50009;MRO-10047,MRO-10046;MRO-50009;MRO-10047,EOT Crane,PUN-01,train,12,caution,caution,approved_on_validation,우선 점검 후보
2023-12-14,AST-1041,A2,10,7.789756187053465,0.203223794903722,0.145086566901402,MRO-50009;MRO-10047;MRO-20031,MRO-50009;MRO-10047;MRO-20031,CNC Lathe,PUN-01,train,12,risk,risk,approved_on_validation,우선 점검 후보
2023-12-14,AST-1042,A2,14,7.539050746500465,0.1919677034166237,0.1323751417349343,MRO-10045;MRO-10047;MRO-80001,MRO-10045;MRO-10047;MRO-80001,CNC Lathe,PUN-01,train,12,high_risk,risk,approved_on_validation,우선 점검 후보
2023-12-14,AST-2017,A2,7,8.825189178691726,0.2782838399787025,0.2073981044042024,MRO-10046;MRO-20031;MRO-50009,MRO-10046;MRO-20031;MRO-50009,Hydraulic Press,PUN-01,train,12,risk,risk,approved_on_validation,우선 점검 후보
2023-12-14,AST-2031,A2,5,7.594018015950394,0.1935561956794643,0.1351261106284746,MRO-50009;MRO-10047;MRO-10046,MRO-50009;MRO-10047;MRO-10046,Hydraulic Press,CHN-02,train,12,caution,risk,approved_on_validation,우선 점검 후보
2023-12-14,AST-3008,A2,4,6.85728084236147,0.1478608013674997,0.0985072856462338,MRO-10047;MRO-10046;MRO-50009,MRO-10047;MRO-10046;MRO-50009,Belt Conveyor,CHN-02,train,12,caution,risk,approved_on_validation,우선 점검 후보
2023-12-14,AST-3019,A2,8,6.4851919745547395,0.1243456179704567,0.0828521853328157,MRO-10045;MRO-20031;MRO-50009,MRO-10045;MRO-20031;MRO-50009,Belt Conveyor,CHN-02,train,12,risk,risk,approved_on_validation,우선 점검 후보
2023-12-14,AST-4055,A2,2,8.217602426078757,0.2362720071461633,0.1687237890390564,MRO-10046;MRO-10045;MRO-80001,MRO-10046;MRO-10045;MRO-80001,Screw Compressor,DHR-03,train,12,caution,risk,approved_on_validation,우선 점검 후보
2023-12-14,AST-4061,A2,12,6.390062095303259,0.1215710574521763,0.0783849461419384,MRO-10047;MRO-20031;MRO-50009,MRO-10047;MRO-20031;MRO-50009,Screw Compressor,DHR-03,train,12,high_risk,risk,approved_on_validation,우선 점검 후보
2023-12-14,AST-5003,A2,6,8.453718512716009,0.2509981212570839,0.1832124212595254,MRO-10046;MRO-10045;MRO-10047,MRO-10046;MRO-10045;MRO-10047,EOT Crane,DHR-03,train,12,risk,risk,approved_on_validation,우선 점검 후보
2023-12-14,AST-5007,A2,2,5.269595772541454,0.0672148710081296,0.0402934050747609,MRO-70005;MRO-10045;MRO-10046,MRO-10045;MRO-10046;MRO-50009,EOT Crane,PUN-01,train,12,caution,caution,approved_on_validation,우선 점검 후보
2023-12-15,AST-1041,A2,10,7.501851448556248,0.185797821258478,0.1300548221019339,MRO-80001;MRO-50009;MRO-10046,MRO-80001;MRO-50009;MRO-10046,CNC Lathe,PUN-01,train,12,risk,risk,approved_on_validation,우선 점검 후보
2023-12-15,AST-1042,A2,12,7.899892862596883,0.2140232947194664,0.1527823274471227,MRO-50009;MRO-10046;MRO-10047,MRO-50009;MRO-10046;MRO-10047,CNC Lathe,PUN-01,train,12,high_risk,risk,approved_on_validation,우선 점검 후보
2023-12-15,AST-2017,A2,6,8.716563985663816,0.2715072919798523,0.1997688552459069,MRO-80001;MRO-50009;MRO-20031,MRO-80001;MRO-50009;MRO-20031,Hydraulic Press,PUN-01,train,12,risk,risk,approved_on_validation,우선 점검 후보
2023-12-15,AST-2031,A2,6,7.526341012675301,0.189253745200196,0.1304607739237226,MRO-10047;MRO-50009;MRO-10046,MRO-10047;MRO-50009;MRO-10046,Hydraulic Press,CHN-02,train,12,risk,risk,approved_on_validation,우선 점검 후보
2023-12-15,AST-3008,A2,10,7.453984510494619,0.1834547549408194,0.1268591779162455,MRO-20031;MRO-10045;MRO-50009,MRO-20031;MRO-10045;MRO-50009,Belt Conveyor,CHN-02,train,12,risk,risk,approved_on_validation,우선 점검 후보
2023-12-15,AST-3019,A2,12,6.654442305057519,0.1358449728783226,0.0888963020736279,MRO-80001;MRO-10047;MRO-40022,MRO-80001;MRO-10047;MRO-50009,Belt Conveyor,CHN-02,train,12,high_risk,risk,approved_on_validation,우선 점검 후보
2023-12-15,AST-4055,A2,6,8.47513917303097,0.2553870717589922,0.1847964566603582,MRO-20031;MRO-10045;MRO-10046,MRO-20031;MRO-10045;MRO-10046,Screw Compressor,DHR-03,train,12,risk,risk,approved_on_validation,우선 점검 후보
2023-12-15,AST-4061,A2,4,7.061965059047758,0.1583544095245627,0.1067741028536924,MRO-80001;MRO-10045;MRO-10046,MRO-80001;MRO-10045;MRO-10046,Screw Compressor,DHR-03,train,12,caution,risk,approved_on_validation,우선 점검 후보
2023-12-15,AST-5003,A2,8,8.526691862547484,0.2551701553282546,0.1882324208682062,MRO-10046;MRO-10047;MRO-20031,MRO-10046;MRO-10047;MRO-20031,EOT Crane,DHR-03,train,12,risk,risk,approved_on_validation,우선 점검 후보
2023-12-15,AST-5007,A2,3,5.783902161806081,0.0842972829922057,0.0551946784743163,MRO-70005;MRO-20032;MRO-10045,MRO-10045;MRO-10046;MRO-50009,EOT Crane,PUN-01,train,12,caution,caution,approved_on_validation,우선 점검 후보
2023-12-16,AST-1041,A2,0,0.003125192401292,5.734804639073688e-12,5.633834502532406e-15,MRO-50008;MRO-10045;MRO-20031,MRO-10045;MRO-20031;MRO-50009,CNC Lathe,PUN-01,train,12,normal,normal,approved_on_validation,우선 점검 후보
2023-12-16,AST-1042,A2,0,0.003404327677127,8.606085914388922e-12,8.768749262385766e-15,MRO-80001;MRO-50009;MRO-10047,MRO-80001;MRO-50009;MRO-10047,CNC Lathe,PUN-01,train,12,normal,normal,approved_on_validation,우선 점검 후보
2023-12-16,AST-2017,A2,0,0.0035502179927886,6.8799710896544756e-12,8.466871728328073e-15,MRO-70005;MRO-30011;MRO-90011,MRO-10045;MRO-10047;MRO-10046,Hydraulic Press,PUN-01,train,12,normal,normal,approved_on_validation,우선 점검 후보
2023-12-16,AST-2031,A2,0,0.0033601490399034,8.262928154237185e-12,8.224676855927181e-15,MRO-50009;MRO-10045;MRO-10046,MRO-50009;MRO-10045;MRO-10046,Hydraulic Press,CHN-02,train,12,normal,normal,approved_on_validation,우선 점검 후보
2023-12-16,AST-3008,A2,0,0.0033403310114804,6.5645525231749195e-12,7.326986113339973e-15,MRO-70005;MRO-10045;MRO-10046,MRO-10045;MRO-10046;MRO-20031,Belt Conveyor,CHN-02,train,12,normal,normal,approved_on_validation,우선 점검 후보
2023-12-16,AST-3019,A2,0,0.0031912281504916,6.391867735577596e-12,6.3551491961317236e-15,MRO-10046;MRO-10047;MRO-50009,MRO-10046;MRO-10047;MRO-50009,Belt Conveyor,CHN-02,train,12,normal,normal,approved_on_validation,우선 점검 후보
2023-12-16,AST-4055,A2,0,0.0032516369651812,6.6835260021340836e-12,6.780855278670938e-15,MRO-10045;MRO-10046;MRO-10047,MRO-10045;MRO-10046;MRO-10047,Screw Compressor,DHR-03,train,12,normal,normal,approved_on_validation,우선 점검 후보
2023-12-16,AST-4061,A2,0,0.0032350398051631,6.5136673715359366e-12,6.602271052178304e-15,MRO-10045;MRO-10046;MRO-20033,MRO-10045;MRO-10046;MRO-80001,Screw Compressor,DHR-03,train,12,normal,normal,approved_on_validation,우선 점검 후보
2023-12-16,AST-5003,A2,0,0.003238435612295,6.5631956436027266e-12,6.662313272183074e-15,MRO-70005;MRO-10046;MRO-10047,MRO-10046;MRO-10047;MRO-20031,EOT Crane,DHR-03,train,12,normal,normal,approved_on_validation,우선 점검 후보
2023-12-16,AST-5007,A2,0,0.0032451231970287,6.620543177089434e-12,6.690147909838409e-15,MRO-30012;MRO-10045;MRO-10046,MRO-10045;MRO-10046;MRO-10047,EOT Crane,PUN-01,train,12,normal,normal,approved_on_validation,우선 점검 후보
2023-12-17,AST-1041,A2,0,0.0032315030751553,6.5608208364441835e-12,6.60165073380913e-15,MRO-10045;MRO-20031;MRO-50009,MRO-10045;MRO-20031;MRO-50009,CNC Lathe,PUN-01,train,12,normal,normal,approved_on_validation,우선 점검 후보
2023-12-17,AST-1042,A2,0,0.0032761423286592,6.9682866650299946e-12,7.075858699521155e-15,MRO-50009;MRO-10045;MRO-10046,MRO-50009;MRO-10045;MRO-10046,CNC Lathe,PUN-01,train,12,normal,normal,approved_on_validation,우선 점검 후보
2023-12-17,AST-2017,A2,0,0.003334532831809,6.793577710970633e-12,7.271529450288519e-15,MRO-70004;MRO-20033;MRO-60015,MRO-10047;MRO-10045;MRO-10046,Hydraulic Press,PUN-01,train,12,normal,normal,approved_on_validation,우선 점검 후보
2023-12-17,AST-2031,A2,0,0.0032561378340015,6.800757917563711e-12,6.881647607431744e-15,MRO-10047;MRO-50009;MRO-10045,MRO-10047;MRO-50009;MRO-10045,Hydraulic Press,CHN-02,train,12,normal,normal,approved_on_validation,우선 점검 후보
2023-12-17,AST-3008,A2,0,0.0033647104756484,6.689607958564172e-12,7.538456045977941e-15,MRO-70005;MRO-10045;MRO-10046,MRO-10045;MRO-10046;MRO-20031,Belt Conveyor,CHN-02,train,12,normal,normal,approved_on_validation,우선 점검 후보
2023-12-17,AST-3019,A2,0,0.0032629638776912,6.613327914589228e-12,6.838088104661134e-15,MRO-70005;MRO-10045;MRO-10046,MRO-10045;MRO-10046;MRO-10047,Belt Conveyor,CHN-02,train,12,normal,normal,approved_on_validation,우선 점검 후보
2023-12-17,AST-4055,A2,0,0.0033625271796177,6.96496250306212e-12,7.365652922133338e-15,MRO-60016;MRO-20031;MRO-10045,MRO-20031;MRO-10045;MRO-10046,Screw Compressor,DHR-03,train,12,normal,normal,approved_on_validation,우선 점검 후보
2023-12-17,AST-4061,A2,0,0.0033386438269536,6.673728118240182e-12,7.351304248287661e-15,MRO-70005;MRO-10045;MRO-10046,MRO-10045;MRO-10046;MRO-10047,Screw Compressor,DHR-03,train,12,normal,normal,approved_on_validation,우선 점검 후보
2023-12-17,AST-5003,A2,0,0.003309490137981,6.074716109405034e-12,6.835266662867797e-15,MRO-70005;MRO-10045;MRO-10047,MRO-10045;MRO-10047;MRO-20031,EOT Crane,DHR-03,train,12,normal,normal,approved_on_validation,우선 점검 후보
2023-12-17,AST-5007,A2,0,0.0032740314868709,6.620360760068419e-12,6.911887866035789e-15,MRO-70004;MRO-10045;MRO-10046,MRO-10045;MRO-10046;MRO-10047,EOT Crane,PUN-01,train,12,normal,normal,approved_on_validation,우선 점검 후보
2023-12-18,AST-1041,A2,10,7.607802703004965,0.1926040155085606,0.1354700637168518,MRO-10047;MRO-10046;MRO-10045,MRO-10047;MRO-10046;MRO-10045,CNC Lathe,PUN-01,train,12,risk,risk,approved_on_validation,우선 점검 후보
2023-12-18,AST-1042,A2,3,7.724581712659891,0.2007860195762101,0.142665730034072,MRO-10045;MRO-10046;MRO-10047,MRO-10045;MRO-10046;MRO-10047,CNC Lathe,PUN-01,train,12,caution,risk,approved_on_validation,우선 점검 후보
2023-12-18,AST-2017,A2,5,8.214105509840433,0.2316767656924481,0.1702198936357443,MRO-10045;MRO-20031;MRO-50009,MRO-10045;MRO-20031;MRO-50009,Hydraulic Press,PUN-01,train,12,caution,risk,approved_on_validation,우선 점검 후보
2023-12-18,AST-2031,A2,16,7.733838851587913,0.2013204920104473,0.1417206023720086,MRO-80001;MRO-10047;MRO-10046,MRO-80001;MRO-10047;MRO-10046,Hydraulic Press,CHN-02,train,12,high_risk,risk,approved_on_validation,우선 점검 후보
2023-12-18,AST-3008,A2,16,8.194199601045236,0.2325056856266962,0.1680783523774169,MRO-10046;MRO-10047;MRO-50009,MRO-10046;MRO-10047;MRO-50009,Belt Conveyor,CHN-02,train,12,high_risk,risk,approved_on_validation,우선 점검 후보
2023-12-18,AST-3019,A2,4,6.722957762258168,0.1362454941608324,0.0919453241249007,MRO-10045;MRO-20031;MRO-10047,MRO-10045;MRO-20031;MRO-10047,Belt Conveyor,CHN-02,train,12,caution,risk,approved_on_validation,우선 점검 후보
2023-12-18,AST-4055,A2,8,8.363498658893478,0.2455810817254842,0.1778992981427058,MRO-10045;MRO-10047;MRO-20031,MRO-10045;MRO-10047;MRO-20031,Screw Compressor,DHR-03,train,12,risk,risk,approved_on_validation,우선 점검 후보
2023-12-18,AST-4061,A2,8,7.18124477186252,0.1652245159812687,0.1124334595437105,MRO-40022;MRO-10046;MRO-10047,MRO-10046;MRO-10047;MRO-20031,Screw Compressor,DHR-03,train,12,risk,risk,approved_on_validation,우선 점검 후보
2023-12-18,AST-5003,A2,8,8.65190314226294,0.2631718797959925,0.1949897547542046,MRO-10045;MRO-80001;MRO-50009,MRO-10045;MRO-80001;MRO-50009,EOT Crane,DHR-03,train,12,risk,risk,approved_on_validation,우선 점검 후보
2023-12-18,AST-5007,A2,7,6.054908856311654,0.1020621242058173,0.0654744403159104,MRO-70005;MRO-10045;MRO-50009,MRO-10045;MRO-50009;MRO-10047,EOT Crane,PUN-01,train,12,risk,risk,approved_on_validation,우선 점검 후보
2023-12-19,AST-1041,A2,13,9.349578481416716,0.3176012200863126,0.2415167951598293,MRO-10045;MRO-80001;MRO-20031,MRO-10045;MRO-80001;MRO-20031,CNC Lathe,PUN-01,train,12,high_risk,risk,approved_on_validation,우선 점검 후보
2023-12-19,AST-1042,A2,20,9.380229496779052,0.3252367111413512,0.239751712052103,MRO-10045;MRO-10046;MRO-40022,MRO-10045;MRO-10046;MRO-10047,CNC Lathe,PUN-01,train,12,high_risk,risk,approved_on_validation,우선 점검 후보
2023-12-19,AST-2017,A2,6,7.863520385298383,0.2102033604468837,0.1498196965320311,MRO-80001;MRO-10047;MRO-50009,MRO-80001;MRO-10047;MRO-50009,Hydraulic Press,PUN-01,train,12,risk,risk,approved_on_validation,우선 점검 후보
2023-12-19,AST-2031,A2,13,9.510901776477915,0.3252721971828295,0.2553834868384859,MRO-20032;MRO-80001;MRO-10046,MRO-80001;MRO-10046;MRO-20031,Hydraulic Press,CHN-02,train,12,high_risk,risk,approved_on_validation,우선 점검 후보
2023-12-19,AST-3008,A2,8,7.862160565628272,0.2080849043330333,0.1504861166429007,MRO-80001;MRO-50009;MRO-10045,MRO-80001;MRO-50009;MRO-10045,Belt Conveyor,CHN-02,train,12,risk,risk,approved_on_validation,우선 점검 후보
2023-12-19,AST-3019,A2,8,7.062351508721287,0.1619628240633424,0.1075307480916031,MRO-10045;MRO-10046;MRO-10047,MRO-10045;MRO-10046;MRO-10047,Belt Conveyor,CHN-02,train,12,risk,risk,approved_on_validation,우선 점검 후보
2023-12-19,AST-4055,A2,10,9.540982347089487,0.3265481124351347,0.2570183570244176,MRO-50009;MRO-10045;MRO-10046,MRO-50009;MRO-10045;MRO-10046,Screw Compressor,DHR-03,train,12,risk,risk,approved_on_validation,우선 점검 후보
2023-12-19,AST-4061,A2,14,9.569012126257324,0.3393439270403026,0.2577158034589928,MRO-10046;MRO-80001;MRO-20031,MRO-10046;MRO-80001;MRO-20031,Screw Compressor,DHR-03,train,12,high_risk,risk,approved_on_validation,우선 점검 후보
2023-12-19,AST-5003,A2,14,9.147657609737577,0.3087628578739935,0.224518489445473,MRO-80001;MRO-50009;MRO-10047,MRO-80001;MRO-50009;MRO-10047,EOT Crane,DHR-03,train,12,high_risk,risk,approved_on_validation,우선 점검 후보
2023-12-19,AST-5007,A2,15,7.496043579936167,0.1898251291376641,0.1302612022382614,MRO-10045;MRO-10046;MRO-80001,MRO-10045;MRO-10046;MRO-80001,EOT Crane,PUN-01,train,12,high_risk,risk,approved_on_validation,우선 점검 후보
2023-12-20,AST-1041,A2,14,9.618819839128186,0.3358443270597237,0.262314230966266,MRO-10047;MRO-20031;MRO-80001,MRO-10047;MRO-20031;MRO-80001,CNC Lathe,PUN-01,train,12,high_risk,risk,approved_on_validation,우선 점검 후보
2023-12-20,AST-1042,A2,4,7.329881042056993,0.1775514020756589,0.1196838701844296,MRO-80001;MRO-10047;MRO-50009,MRO-80001;MRO-10047;MRO-50009,CNC Lathe,PUN-01,train,12,caution,risk,approved_on_validation,우선 점검 후보
2023-12-20,AST-2017,A2,14,8.848545144291778,0.2824565493000172,0.2082874013681585,MRO-80001;MRO-50009;MRO-20031,MRO-80001;MRO-50009;MRO-20031,Hydraulic Press,PUN-01,train,12,high_risk,risk,approved_on_validation,우선 점검 후보
2023-12-20,AST-2031,A2,8,9.217893983648873,0.3055741703146865,0.2334132037690729,MRO-10046;MRO-40022;MRO-10047,MRO-10046;MRO-10047;MRO-10045,Hydraulic Press,CHN-02,train,12,risk,risk,approved_on_validation,우선 점검 후보
2023-12-20,AST-3008,A2,1,6.444277371673698,0.1242763857247567,0.0807446967892286,MRO-50009;MRO-80001;MRO-10046,MRO-50009;MRO-80001;MRO-10046,Belt Conveyor,CHN-02,train,12,caution,risk,approved_on_validation,우선 점검 후보
2023-12-20,AST-3019,A2,1,6.011105794312467,0.1026118318307975,0.0649084433176715,MRO-10046;MRO-10045;MRO-50009,MRO-10046;MRO-10045;MRO-50009,Belt Conveyor,CHN-02,train,12,caution,risk,approved_on_validation,우선 점검 후보
2023-12-20,AST-4055,A2,7,8.798861762155427,0.2757488133951932,0.2061824058717313,MRO-10046;MRO-50009;MRO-10045,MRO-10046;MRO-50009;MRO-10045,Screw Compressor,DHR-03,train,12,risk,risk,approved_on_validation,우선 점검 후보
2023-12-20,AST-4061,A2,0,6.67245228455552,0.1388916759655052,0.0905399594131445,MRO-20031;MRO-10046;MRO-10045,MRO-20031;MRO-10046;MRO-10045,Screw Compressor,DHR-03,train,12,normal,risk,approved_on_validation,우선 점검 후보
2023-12-20,AST-5003,A2,8,7.469511313669653,0.1885833992218338,0.1271556096489099,MRO-50009;MRO-10045;MRO-80001,MRO-50009;MRO-10045;MRO-80001,EOT Crane,DHR-03,train,12,risk,risk,approved_on_validation,우선 점검 후보
2023-12-20,AST-5007,A2,9,6.446431637452537,0.1215972612576029,0.08138247608889,MRO-70005;MRO-10047;MRO-10045,MRO-10047;MRO-10045;MRO-80001,EOT Crane,PUN-01,train,12,risk,risk,approved_on_validation,우선 점검 후보
2023-12-21,AST-1041,A2,22,10.038212332471264,0.3709491167250748,0.2918662627309292,MRO-10045;MRO-10047;MRO-20031,MRO-10045;MRO-10047;MRO-20031,CNC Lathe,PUN-01,train,12,high_risk,risk,approved_on_validation,우선 점검 후보
2023-12-21,AST-1042,A2,4,7.080799001552859,0.1565910583167293,0.1058662955734767,MRO-40022;MRO-20033;MRO-30011,MRO-20031;MRO-10047;MRO-10045,CNC Lathe,PUN-01,train,12,caution,risk,approved_on_validation,우선 점검 후보
2023-12-21,AST-2017,A2,3,7.503131962061818,0.1811226227865465,0.1297215812459421,MRO-30011;MRO-70004;MRO-20031,MRO-20031;MRO-80001;MRO-50009,Hydraulic Press,PUN-01,train,12,caution,risk,approved_on_validation,우선 점검 후보
2023-12-21,AST-2031,A2,2,7.97113797318442,0.2186349141932773,0.1562312432113015,MRO-10046;MRO-80001;MRO-10047,MRO-10046;MRO-80001;MRO-10047,Hydraulic Press,CHN-02,train,12,caution,risk,approved_on_validation,우선 점검 후보
2023-12-21,AST-3008,A2,0,5.367619089470757,0.0753102482668913,0.0449088349981912,MRO-10046;MRO-10047;MRO-50009,MRO-10046;MRO-10047;MRO-50009,Belt Conveyor,CHN-02,train,12,normal,caution,approved_on_validation,우선 점검 후보
2023-12-21,AST-3019,A2,12,6.961261520572111,0.1566796286635,0.1025544156885845,MRO-10046;MRO-10047;MRO-10045,MRO-10046;MRO-10047;MRO-10045,Belt Conveyor,CHN-02,train,12,high_risk,risk,approved_on_validation,우선 점검 후보
2023-12-21,AST-4055,A2,4,8.14730504881476,0.2266669821036137,0.1639690562325664,MRO-10047;MRO-20031;MRO-60015,MRO-10047;MRO-20031;MRO-80001,Screw Compressor,DHR-03,train,12,caution,risk,approved_on_validation,우선 점검 후보
2023-12-21,AST-4061,A2,12,7.234663379117864,0.1714263647817628,0.1161121834854557,MRO-10045;MRO-10046;MRO-20031,MRO-10045;MRO-10046;MRO-20031,Screw Compressor,DHR-03,train,12,high_risk,risk,approved_on_validation,우선 점검 후보
2023-12-21,AST-5003,A2,13,8.861864097481803,0.2833868510252511,0.2099830362741023,MRO-50009;MRO-10045;MRO-20031,MRO-50009;MRO-10045;MRO-20031,EOT Crane,DHR-03,train,12,high_risk,risk,approved_on_validation,우선 점검 후보
2023-12-21,AST-5007,A2,4,6.306735174305591,0.1182955890358431,0.075454547040475,MRO-50009;MRO-10046;MRO-10045,MRO-50009;MRO-10046;MRO-10045,EOT Crane,PUN-01,train,12,caution,risk,approved_on_validation,우선 점검 후보
2023-12-22,AST-1041,A2,4,8.14968403609779,0.2264492838192867,0.1667429540311989,MRO-80001;MRO-70005;MRO-50009,MRO-80001;MRO-50009;MRO-10047,CNC Lathe,PUN-01,train,12,caution,risk,approved_on_validation,우선 점검 후보
2023-12-22,AST-1042,A2,5,7.413663220755138,0.1813083474007455,0.1236986138266452,MRO-30011;MRO-20033;MRO-10047,MRO-10047;MRO-20031;MRO-10045,CNC Lathe,PUN-01,train,12,caution,risk,approved_on_validation,우선 점검 후보
2023-12-22,AST-2017,A2,11,8.693647667295341,0.2668153343086006,0.1998802323428109,MRO-50009;MRO-20031;MRO-80001,MRO-50009;MRO-20031;MRO-80001,Hydraulic Press,PUN-01,train,12,risk,risk,approved_on_validation,우선 점검 후보
2023-12-22,AST-2031,A2,14,8.184787156444235,0.2323375459745242,0.1670877563739729,MRO-10045;MRO-20031;MRO-80001,MRO-10045;MRO-20031;MRO-80001,Hydraulic Press,CHN-02,train,12,high_risk,risk,approved_on_validation,우선 점검 후보
2023-12-22,AST-3008,A2,4,7.29265709774812,0.1721883179537407,0.1172424229663799,MRO-80001;MRO-20031;MRO-40021,MRO-80001;MRO-20031;MRO-10046,Belt Conveyor,CHN-02,train,12,caution,risk,approved_on_validation,우선 점검 후보
2023-12-22,AST-3019,A2,8,6.539747827627037,0.129229634019739,0.0856956011012285,MRO-10046;MRO-20031;MRO-10045,MRO-10046;MRO-20031;MRO-10045,Belt Conveyor,CHN-02,train,12,risk,risk,approved_on_validation,우선 점검 후보
2023-12-22,AST-4055,A2,11,8.456281538091629,0.2516234385318751,0.183521481183237,MRO-10045;MRO-50009;MRO-10046,MRO-10045;MRO-50009;MRO-10046,Screw Compressor,DHR-03,train,12,risk,risk,approved_on_validation,우선 점검 후보
2023-12-22,AST-4061,A2,6,6.641281799259567,0.1363810655029143,0.0890584232296375,MRO-10046;MRO-20031;MRO-80001,MRO-10046;MRO-20031;MRO-80001,Screw Compressor,DHR-03,train,12,risk,risk,approved_on_validation,우선 점검 후보
2023-12-22,AST-5003,A2,13,8.550071904371118,0.255487404864538,0.1892738476931808,MRO-40022;MRO-10045;MRO-10046,MRO-10045;MRO-10046;MRO-20031,EOT Crane,DHR-03,train,12,high_risk,risk,approved_on_validation,우선 점검 후보
2023-12-22,AST-5007,A2,13,5.979102220298506,0.0973457170835407,0.0632241913558255,MRO-20032;MRO-70005;MRO-50009,MRO-50009;MRO-10045;MRO-10047,EOT Crane,PUN-01,train,12,high_risk,risk,approved_on_validation,우선 점검 후보
2023-12-23,AST-1041,A2,0,0.0032277759623294,6.5016658391830784e-12,6.5557569988267615e-15,MRO-10046;MRO-80001;MRO-20033,MRO-10046;MRO-80001;MRO-10045,CNC Lathe,PUN-01,train,12,normal,normal,approved_on_validation,우선 점검 후보
2023-12-23,AST-1042,A2,0,0.0032144322452702,6.30805676359592e-12,6.372336616668717e-15,MRO-10045;MRO-10046;MRO-10047,MRO-10045;MRO-10046;MRO-10047,CNC Lathe,PUN-01,train,12,normal,normal,approved_on_validation,우선 점검 후보
2023-12-23,AST-2017,A2,0,0.0032808239044446,6.7812914835955735e-12,7.034978208437243e-15,MRO-70004;MRO-70005;MRO-10045,MRO-10045;MRO-10047;MRO-20031,Hydraulic Press,PUN-01,train,12,normal,normal,approved_on_validation,우선 점검 후보
2023-12-23,AST-2031,A2,0,0.0032628077642855,6.6748629535152686e-12,6.8130598236234215e-15,MRO-50008;MRO-40022;MRO-50009,MRO-50009;MRO-10046;MRO-10047,Hydraulic Press,CHN-02,train,12,normal,normal,approved_on_validation,우선 점검 후보
2023-12-23,AST-3008,A2,0,0.0032766911615628,6.59626024862921e-12,6.9260122266254955e-15,MRO-90012;MRO-70005;MRO-10045,MRO-10045;MRO-10046;MRO-10047,Belt Conveyor,CHN-02,train,12,normal,normal,approved_on_validation,우선 점검 후보
2023-12-23,AST-3019,A2,0,0.0032569583359215,6.442828817505661e-12,6.755916017893046e-15,MRO-70004;MRO-10045;MRO-20031,MRO-10045;MRO-20031;MRO-50009,Belt Conveyor,CHN-02,train,12,normal,normal,approved_on_validation,우선 점검 후보
2023-12-23,AST-4055,A2,0,0.0032503255859646,6.684854300352588e-12,6.774709518675416e-15,MRO-50009;MRO-10045;MRO-10046,MRO-50009;MRO-10045;MRO-10046,Screw Compressor,DHR-03,train,12,normal,normal,approved_on_validation,우선 점검 후보
2023-12-23,AST-4061,A2,0,0.0032343102941105,6.536558126742227e-12,6.615862975796406e-15,MRO-10046;MRO-50009;MRO-20033,MRO-10046;MRO-50009;MRO-10045,Screw Compressor,DHR-03,train,12,normal,normal,approved_on_validation,우선 점검 후보
2023-12-23,AST-5003,A2,0,0.0036559542368849,9.94144664261616e-12,1.1512795574742183e-14,MRO-70005;MRO-10045;MRO-20031,MRO-10045;MRO-20031;MRO-50009,EOT Crane,DHR-03,train,12,normal,normal,approved_on_validation,우선 점검 후보
2023-12-23,AST-5007,A2,0,0.003289444027508,7.2501460263575806e-12,7.306935152147209e-15,MRO-80001;MRO-20031;MRO-50009,MRO-80001;MRO-20031;MRO-50009,EOT Crane,PUN-01,train,12,normal,normal,approved_on_validation,우선 점검 후보
2023-12-24,AST-1041,A2,0,0.003236571762018,6.6203544377162935e-12,6.665104860599158e-15,MRO-10045;MRO-10046;MRO-10047,MRO-10045;MRO-10046;MRO-10047,CNC Lathe,PUN-01,train,12,normal,normal,approved_on_validation,우선 점검 후보
2023-12-24,AST-1042,A2,0,0.0032930694007042,6.576466384077844e-12,6.8765046907826766e-15,MRO-20033;MRO-30011;MRO-70005,MRO-10045;MRO-10046;MRO-10047,CNC Lathe,PUN-01,train,12,normal,normal,approved_on_validation,우선 점검 후보
2023-12-24,AST-2017,A2,0,0.0035070720390487,6.706967328911307e-12,7.819065878638572e-15,MRO-30011;MRO-20033;MRO-80002,MRO-10046;MRO-10045;MRO-10047,Hydraulic Press,PUN-01,train,12,normal,normal,approved_on_validation,우선 점검 후보
2023-12-24,AST-2031,A2,0,0.0035683396345667,1.1250011686977638e-11,1.1444099987835934e-14,MRO-20031;MRO-80001;MRO-10045,MRO-20031;MRO-80001;MRO-10045,Hydraulic Press,CHN-02,train,12,normal,normal,approved_on_validation,우선 점검 후보
2023-12-24,AST-3008,A2,0,0.0033920628482147,6.5962677600346856e-12,7.685298441955131e-15,MRO-70005;MRO-90012;MRO-10045,MRO-10045;MRO-10046;MRO-10047,Belt Conveyor,CHN-02,train,12,normal,normal,approved_on_validation,우선 점검 후보
2023-12-24,AST-3019,A2,0,0.0032823957372235,6.6133397073283396e-12,6.964546163320676e-15,MRO-70004;MRO-10045;MRO-10047,MRO-10045;MRO-10047;MRO-20031,Belt Conveyor,CHN-02,train,12,normal,normal,approved_on_validation,우선 점검 후보
2023-12-24,AST-4055,A2,0,0.0032756766851829,6.692209063330809e-12,6.9432384111715696e-15,MRO-70005;MRO-50009;MRO-10045,MRO-50009;MRO-10045;MRO-10046,Screw Compressor,DHR-03,train,12,normal,normal,approved_on_validation,우선 점검 후보
2023-12-24,AST-4061,A2,0,0.0032402643996611,6.590515249373429e-12,6.677438610850352e-15,MRO-10045;MRO-10046;MRO-10047,MRO-10045;MRO-10046;MRO-10047,Screw Compressor,DHR-03,train,12,normal,normal,approved_on_validation,우선 점검 후보
2023-12-24,AST-5003,A2,0,0.0036458391461646,9.979578306683328e-12,1.1467360470735562e-14,MRO-70005;MRO-10045;MRO-10046,MRO-10045;MRO-10046;MRO-10047,EOT Crane,DHR-03,train,12,normal,normal,approved_on_validation,우선 점검 후보
2023-12-24,AST-5007,A2,0,0.0032897144638982,6.251719802439783e-12,6.813194557992908e-15,MRO-70005;MRO-20031;MRO-50009,MRO-20031;MRO-50009;MRO-80001,EOT Crane,PUN-01,train,12,normal,normal,approved_on_validation,우선 점검 후보
2023-12-25,AST-1041,A2,3,7.117934525916465,0.1577752183495363,0.1117482378111602,MRO-70005;MRO-50009;MRO-10045,MRO-50009;MRO-10045;MRO-10047,CNC Lathe,PUN-01,train,12,caution,risk,approved_on_validation,우선 점검 후보
2023-12-25,AST-1042,A2,3,7.436085215810102,0.1803247216582671,0.1264952328408742,MRO-10047;MRO-10045;MRO-10046,MRO-10047;MRO-10045;MRO-10046,CNC Lathe,PUN-01,train,12,caution,risk,approved_on_validation,우선 점검 후보
2023-12-25,AST-2017,A2,15,8.551025579241138,0.2580667347009097,0.190029320196493,MRO-10047;MRO-10046;MRO-20031,MRO-10047;MRO-10046;MRO-20031,Hydraulic Press,PUN-01,train,12,high_risk,risk,approved_on_validation,우선 점검 후보
2023-12-25,AST-2031,A2,2,7.537828832934378,0.1867156933252047,0.1318520483572799,MRO-10045;MRO-20031;MRO-80001,MRO-10045;MRO-20031;MRO-80001,Hydraulic Press,CHN-02,train,12,caution,risk,approved_on_validation,우선 점검 후보
2023-12-25,AST-3008,A2,4,7.071703844026936,0.1614561674448074,0.1084465079635584,MRO-10046;MRO-10047;MRO-50009,MRO-10046;MRO-10047;MRO-50009,Belt Conveyor,CHN-02,train,12,caution,risk,approved_on_validation,우선 점검 후보
2023-12-25,AST-3019,A2,4,6.734229815158299,0.1421980917505801,0.0934129472347283,MRO-10047;MRO-10046;MRO-50009,MRO-10047;MRO-10046;MRO-50009,Belt Conveyor,CHN-02,train,12,caution,risk,approved_on_validation,우선 점검 후보
2023-12-25,AST-4055,A2,16,8.385300801848734,0.2436594637106862,0.1805336046422716,MRO-50009;MRO-80001;MRO-10045,MRO-50009;MRO-80001;MRO-10045,Screw Compressor,DHR-03,train,12,high_risk,risk,approved_on_validation,우선 점검 후보
2023-12-25,AST-4061,A2,5,6.643440998109526,0.1330700903109192,0.0895814301708454,MRO-10045;MRO-10047;MRO-20031,MRO-10045;MRO-10047;MRO-20031,Screw Compressor,DHR-03,train,12,caution,risk,approved_on_validation,우선 점검 후보
2023-12-25,AST-5003,A2,8,8.752817469638444,0.2722171178427142,0.2031183002000208,MRO-10045;MRO-10046;MRO-20031,MRO-10045;MRO-10046;MRO-20031,EOT Crane,DHR-03,train,12,risk,risk,approved_on_validation,우선 점검 후보
2023-12-25,AST-5007,A2,2,5.7946131576027184,0.092855643320426,0.0573040541086587,MRO-10046;MRO-10045;MRO-10047,MRO-10046;MRO-10045;MRO-10047,EOT Crane,PUN-01,train,12,caution,caution,approved_on_validation,우선 점검 후보
2023-12-26,AST-1041,A2,8,7.222300886021836,0.1659987721838447,0.1163087622759427,MRO-50009;MRO-80001;MRO-10046,MRO-50009;MRO-80001;MRO-10046,CNC Lathe,PUN-01,train,12,risk,risk,approved_on_validation,우선 점검 후보
2023-12-26,AST-1042,A2,3,7.390888482402353,0.1784944287823324,0.1241420250832529,MRO-50009;MRO-10047;MRO-10045,MRO-50009;MRO-10047;MRO-10045,CNC Lathe,PUN-01,train,12,caution,risk,approved_on_validation,우선 점검 후보
2023-12-26,AST-2017,A2,4,8.565422058860987,0.2593309038088672,0.1916042005139249,MRO-10045;MRO-10046;MRO-50009,MRO-10045;MRO-10046;MRO-50009,Hydraulic Press,PUN-01,train,12,caution,risk,approved_on_validation,우선 점검 후보
2023-12-26,AST-2031,A2,12,7.795319606201082,0.204402945080875,0.1459258341422258,MRO-10045;MRO-20031;MRO-80001,MRO-10045;MRO-20031;MRO-80001,Hydraulic Press,CHN-02,train,12,high_risk,risk,approved_on_validation,우선 점검 후보
2023-12-26,AST-3008,A2,8,7.708195709186705,0.1994615769768983,0.1402830943997048,MRO-10045;MRO-80001;MRO-10046,MRO-10045;MRO-80001;MRO-10046,Belt Conveyor,CHN-02,train,12,risk,risk,approved_on_validation,우선 점검 후보
2023-12-26,AST-3019,A2,6,6.222466011797255,0.113029765399629,0.0723951829713364,MRO-10047;MRO-20031;MRO-50009,MRO-10047;MRO-20031;MRO-50009,Belt Conveyor,CHN-02,train,12,risk,risk,approved_on_validation,우선 점검 후보
2023-12-26,AST-4055,A2,5,8.266087729180938,0.2360010798364558,0.1726608147987063,MRO-50009;MRO-20031;MRO-10045,MRO-50009;MRO-20031;MRO-10045,Screw Compressor,DHR-03,train,12,caution,risk,approved_on_validation,우선 점검 후보
2023-12-26,AST-4061,A2,7,6.7412871158699295,0.1407629840293273,0.0930209439676052,MRO-80001;MRO-10045;MRO-10047,MRO-80001;MRO-10045;MRO-10047,Screw Compressor,DHR-03,train,12,risk,risk,approved_on_validation,우선 점검 후보
2023-12-26,AST-5003,A2,10,7.894426061518382,0.208098951568842,0.1489575698808715,MRO-10045;MRO-40022;MRO-10047,MRO-10045;MRO-10047;MRO-10046,EOT Crane,DHR-03,train,12,risk,risk,approved_on_validation,우선 점검 후보
2023-12-26,AST-5007,A2,16,10.043808455826625,0.3709244464869869,0.2916101529693443,MRO-10045;MRO-10046;MRO-10047,MRO-10045;MRO-10046;MRO-10047,EOT Crane,PUN-01,train,12,high_risk,risk,approved_on_validation,우선 점검 후보
2023-12-27,AST-1041,A2,8,7.825259417434773,0.2085797407548118,0.1477568358027199,MRO-80001;MRO-10045;MRO-50009,MRO-80001;MRO-10045;MRO-50009,CNC Lathe,PUN-01,train,12,risk,risk,approved_on_validation,우선 점검 후보
2023-12-27,AST-1042,A2,7,7.418812072115396,0.1780264550911345,0.1254754013427911,MRO-10047;MRO-80001;MRO-10045,MRO-10047;MRO-80001;MRO-10045,CNC Lathe,PUN-01,train,12,risk,risk,approved_on_validation,우선 점검 후보
2023-12-27,AST-2017,A2,16,9.204995169375747,0.3094601115486097,0.2325022045186882,MRO-10045;MRO-50009;MRO-10046,MRO-10045;MRO-50009;MRO-10046,Hydraulic Press,PUN-01,train,12,high_risk,risk,approved_on_validation,우선 점검 후보
2023-12-27,AST-2031,A2,8,7.606818177143596,0.1927593342903297,0.1353775481512935,MRO-10045;MRO-20031;MRO-80001,MRO-10045;MRO-20031;MRO-80001,Hydraulic Press,CHN-02,train,12,risk,risk,approved_on_validation,우선 점검 후보
2023-12-27,AST-3008,A2,6,7.998290289638546,0.2104981738038857,0.1551652268426019,MRO-70005;MRO-90012;MRO-40021,MRO-10047;MRO-20031;MRO-50009,Belt Conveyor,CHN-02,train,12,risk,risk,approved_on_validation,우선 점검 후보
2023-12-27,AST-3019,A2,8,6.39939502404887,0.1235041107244792,0.0797537307618343,MRO-10046;MRO-10047;MRO-50009,MRO-10046;MRO-10047;MRO-50009,Belt Conveyor,CHN-02,train,12,risk,risk,approved_on_validation,우선 점검 후보
2023-12-27,AST-4055,A2,6,8.595496558385511,0.2627787926634783,0.191511972515967,MRO-20031;MRO-50009;MRO-10046,MRO-20031;MRO-50009;MRO-10046,Screw Compressor,DHR-03,train,12,risk,risk,approved_on_validation,우선 점검 후보
2023-12-27,AST-4061,A2,8,6.806934283117833,0.1438074213781543,0.0958373173094891,MRO-80001;MRO-10045;MRO-10047,MRO-80001;MRO-10045;MRO-10047,Screw Compressor,DHR-03,train,12,risk,risk,approved_on_validation,우선 점검 후보
2023-12-27,AST-5003,A2,6,8.047966709590279,0.2203690956003232,0.1590048791121105,MRO-10047;MRO-10046;MRO-20031,MRO-10047;MRO-10046;MRO-20031,EOT Crane,DHR-03,train,12,risk,risk,approved_on_validation,우선 점검 후보
2023-12-27,AST-5007,A2,2,5.800544854932826,0.0886891541859633,0.0553047553936921,MRO-80002;MRO-30011;MRO-10047,MRO-10047;MRO-50009;MRO-10046,EOT Crane,PUN-01,train,12,caution,caution,approved_on_validation,우선 점검 후보
2023-12-28,AST-1041,A2,10,7.621937519414153,0.1911840077675773,0.1367243765213916,MRO-70005;MRO-10047;MRO-80001,MRO-10047;MRO-80001;MRO-50009,CNC Lathe,PUN-01,train,12,risk,risk,approved_on_validation,우선 점검 후보
2023-12-28,AST-1042,A2,12,7.412445759108757,0.1831868607645459,0.1255763734099773,MRO-80001;MRO-50009;MRO-10045,MRO-80001;MRO-50009;MRO-10045,CNC Lathe,PUN-01,train,12,high_risk,risk,approved_on_validation,우선 점검 후보
2023-12-28,AST-2017,A2,5,8.317565612259678,0.2441895494850761,0.1759584819592737,MRO-50009;MRO-20031;MRO-10046,MRO-50009;MRO-20031;MRO-10046,Hydraulic Press,PUN-01,train,12,caution,risk,approved_on_validation,우선 점검 후보
2023-12-28,AST-2031,A2,5,7.447574977567956,0.1822950159993733,0.1282514717237756,MRO-20031;MRO-80001;MRO-10045,MRO-20031;MRO-80001;MRO-10045,Hydraulic Press,CHN-02,train,12,caution,risk,approved_on_validation,우선 점검 후보
2023-12-28,AST-3008,A2,6,6.370441058705769,0.1188446415768472,0.0763416185392918,MRO-20031;MRO-50009;MRO-80001,MRO-20031;MRO-50009;MRO-80001,Belt Conveyor,CHN-02,train,12,risk,risk,approved_on_validation,우선 점검 후보
2023-12-28,AST-3019,A2,4,6.40662086277903,0.1219788315215766,0.0802732668436939,MRO-10045;MRO-10046;MRO-10047,MRO-10045;MRO-10046;MRO-10047,Belt Conveyor,CHN-02,train,12,caution,risk,approved_on_validation,우선 점검 후보
2023-12-28,AST-4055,A2,7,8.777591950427821,0.2762646014157534,0.2033411778780239,MRO-10046;MRO-10047;MRO-50009,MRO-10046;MRO-10047;MRO-50009,Screw Compressor,DHR-03,train,12,risk,risk,approved_on_validation,우선 점검 후보
2023-12-28,AST-4061,A2,4,6.852711062053088,0.1463017687076102,0.0975898677712831,MRO-10047;MRO-20031;MRO-80001,MRO-10047;MRO-20031;MRO-80001,Screw Compressor,DHR-03,train,12,caution,risk,approved_on_validation,우선 점검 후보
2023-12-28,AST-5003,A2,20,10.154766389499777,0.379102920773366,0.2978862071967194,MRO-20031;MRO-50009;MRO-80001,MRO-20031;MRO-50009;MRO-80001,EOT Crane,DHR-03,train,12,high_risk,risk,approved_on_validation,우선 점검 후보
2023-12-28,AST-5007,A2,6,6.4826628154940495,0.1228296209001955,0.0813702936803401,MRO-50009;MRO-10045;MRO-10047,MRO-50009;MRO-10045;MRO-10047,EOT Crane,PUN-01,train,12,risk,risk,approved_on_validation,우선 점검 후보
2023-12-29,AST-1041,A2,6,7.713201977411578,0.1999058102378315,0.1413252108812595,MRO-20031;MRO-10045;MRO-50009,MRO-20031;MRO-10045;MRO-50009,CNC Lathe,PUN-01,train,12,risk,risk,approved_on_validation,우선 점검 후보
2023-12-29,AST-1042,A2,11,7.480324733775554,0.1833778838349334,0.1290745802064464,MRO-10046;MRO-10045;MRO-10047,MRO-10046;MRO-10045;MRO-10047,CNC Lathe,PUN-01,train,12,risk,risk,approved_on_validation,우선 점검 후보
2023-12-29,AST-2017,A2,9,8.416016196064309,0.2487064398935377,0.1815242969049496,MRO-20031;MRO-50009;MRO-10045,MRO-20031;MRO-50009;MRO-10045,Hydraulic Press,PUN-01,train,12,risk,risk,approved_on_validation,우선 점검 후보
2023-12-29,AST-2031,A2,0,7.5537334398314115,0.1902757790318714,0.1328761203517572,MRO-10046;MRO-20031;MRO-80001,MRO-10046;MRO-20031;MRO-80001,Hydraulic Press,CHN-02,train,12,normal,risk,approved_on_validation,우선 점검 후보
2023-12-29,AST-3008,A2,6,7.8454848935302275,0.2119641789169612,0.1482123801807222,MRO-10046;MRO-10045;MRO-80001,MRO-10046;MRO-10045;MRO-80001,Belt Conveyor,CHN-02,train,12,risk,risk,approved_on_validation,우선 점검 후보
2023-12-29,AST-3019,A2,13,6.249450330642333,0.1128960272953997,0.0736303435312737,MRO-20031;MRO-10045;MRO-80001,MRO-20031;MRO-10045;MRO-80001,Belt Conveyor,CHN-02,train,12,high_risk,risk,approved_on_validation,우선 점검 후보
2023-12-29,AST-4055,A2,14,11.960871128501276,0.5223738270546091,0.4354566459313137,MRO-10046;MRO-10047;MRO-40021,MRO-10046;MRO-10047;MRO-10045,Screw Compressor,DHR-03,train,12,high_risk,high_risk,approved_on_validation,우선 점검 후보
2023-12-29,AST-4061,A2,2,6.698138525266491,0.1377851586740409,0.0908890362292892,MRO-10045;MRO-20031;MRO-10047,MRO-10045;MRO-20031;MRO-10047,Screw Compressor,DHR-03,train,12,caution,risk,approved_on_validation,우선 점검 후보
2023-12-29,AST-5003,A2,6,8.345146758319265,0.2395192439352922,0.1768073094291591,MRO-80001;MRO-20031;MRO-50009,MRO-80001;MRO-20031;MRO-50009,EOT Crane,DHR-03,train,12,risk,risk,approved_on_validation,우선 점검 후보
2023-12-29,AST-5007,A2,7,5.273024588943219,0.0647917730978925,0.0395317939983988,MRO-70005;MRO-40022;MRO-40021,MRO-10045;MRO-10047;MRO-10046,EOT Crane,PUN-01,train,12,risk,caution,approved_on_validation,우선 점검 후보
2023-12-30,AST-1041,A2,0,0.0032211030508837,6.528384512456329e-12,6.520832974248438e-15,MRO-10045;MRO-50009;MRO-80001,MRO-10045;MRO-50009;MRO-80001,CNC Lathe,PUN-01,train,12,normal,normal,approved_on_validation,우선 점검 후보
2023-12-30,AST-1042,A2,0,0.0031531451247253,5.640840696218714e-12,5.6874638196479144e-15,MRO-10045;MRO-10047;MRO-20031,MRO-10045;MRO-10047;MRO-20031,CNC Lathe,PUN-01,train,12,normal,normal,approved_on_validation,우선 점검 후보
2023-12-30,AST-2017,A2,0,0.0033903345023473,6.820900032522096e-12,7.796552600021835e-15,MRO-70005;MRO-70004;MRO-20032,MRO-20031;MRO-10047;MRO-10046,Hydraulic Press,PUN-01,train,12,normal,normal,approved_on_validation,우선 점검 후보
2023-12-30,AST-2031,A2,0,0.00323662341337,6.596690482126927e-12,6.659465823396105e-15,MRO-10045;MRO-10047;MRO-20031,MRO-10045;MRO-10047;MRO-20031,Hydraulic Press,CHN-02,train,12,normal,normal,approved_on_validation,우선 점검 후보
2023-12-30,AST-3008,A2,0,0.0032706365392607,6.564554688502093e-12,6.8694044422037886e-15,MRO-70004;MRO-70005;MRO-10046,MRO-10046;MRO-10047;MRO-20031,Belt Conveyor,CHN-02,train,12,normal,normal,approved_on_validation,우선 점검 후보
2023-12-30,AST-3019,A2,0,0.003375898189859,6.929031270480742e-12,7.721499349568011e-15,MRO-90012;MRO-70005;MRO-10045,MRO-10045;MRO-80001;MRO-10046,Belt Conveyor,CHN-02,train,12,normal,normal,approved_on_validation,우선 점검 후보
2023-12-30,AST-4055,A2,0,0.0032477902237368,6.602760976845204e-12,6.7155425371186475e-15,MRO-20031;MRO-80001;MRO-20033,MRO-20031;MRO-80001;MRO-10045,Screw Compressor,DHR-03,train,12,normal,normal,approved_on_validation,우선 점검 후보
2023-12-30,AST-4061,A2,0,0.0032505885615127,6.658572658631206e-12,6.767736159422553e-15,MRO-10045;MRO-10046;MRO-10047,MRO-10045;MRO-10046;MRO-10047,Screw Compressor,DHR-03,train,12,normal,normal,approved_on_validation,우선 점검 후보
2023-12-30,AST-5003,A2,0,0.003325956956833,6.266161432964617e-12,7.051897454706543e-15,MRO-70005;MRO-10046;MRO-20033,MRO-10046;MRO-10047;MRO-20031,EOT Crane,DHR-03,train,12,normal,normal,approved_on_validation,우선 점검 후보
2023-12-30,AST-5007,A2,0,0.0033771638225365,7.0137770085863726e-12,7.766540310848552e-15,MRO-70005;MRO-80001;MRO-20033,MRO-80001;MRO-10045;MRO-10046,EOT Crane,PUN-01,train,12,normal,normal,approved_on_validation,우선 점검 후보
2023-12-31,AST-1041,A2,0,0.0031173941993907,5.812607788084487e-12,5.6199473755252494e-15,MRO-10045;MRO-10047;MRO-50009,MRO-10045;MRO-10047;MRO-50009,CNC Lathe,PUN-01,train,12,normal,normal,approved_on_validation,우선 점검 후보
2023-12-31,AST-1042,A2,0,0.0032204467566198,6.353787967902808e-12,6.4346880810966965e-15,MRO-10047;MRO-20031;MRO-50009,MRO-10047;MRO-20031;MRO-50009,CNC Lathe,PUN-01,train,12,normal,normal,approved_on_validation,우선 점검 후보
2023-12-31,AST-2017,A2,0,0.0033042195553419,6.8528419040388895e-12,7.205152018214979e-15,MRO-70004;MRO-20031;MRO-40021,MRO-20031;MRO-10045;MRO-10046,Hydraulic Press,PUN-01,train,12,normal,normal,approved_on_validation,우선 점검 후보
2023-12-31,AST-2031,A2,0,0.0032458120642725,6.626665203912399e-12,6.714354900533724e-15,MRO-80002;MRO-10045;MRO-10046,MRO-10045;MRO-10046;MRO-10047,Hydraulic Press,CHN-02,train,12,normal,normal,approved_on_validation,우선 점검 후보
2023-12-31,AST-3008,A2,0,0.0033946225130479,6.582209461322923e-12,7.691310307279229e-15,MRO-70005;MRO-70004;MRO-10046,MRO-10046;MRO-10047;MRO-20031,Belt Conveyor,CHN-02,train,12,normal,normal,approved_on_validation,우선 점검 후보
2023-12-31,AST-3019,A2,0,0.0033213480387231,6.5921254317789615e-12,7.212006346591701e-15,MRO-90012;MRO-70005;MRO-10046,MRO-10046;MRO-10047;MRO-20031,Belt Conveyor,CHN-02,train,12,normal,normal,approved_on_validation,우선 점검 후보
2023-12-31,AST-4055,A2,0,0.0032492916764368,6.6136369495675125e-12,6.7292283736343155e-15,MRO-20031;MRO-80001;MRO-20033,MRO-20031;MRO-80001;MRO-10045,Screw Compressor,DHR-03,train,12,normal,normal,approved_on_validation,우선 점검 후보
2023-12-31,AST-4061,A2,0,0.0032525818198094,6.658612356256768e-12,6.7743769121788275e-15,MRO-10045;MRO-10046;MRO-10047,MRO-10045;MRO-10046;MRO-10047,Screw Compressor,DHR-03,train,12,normal,normal,approved_on_validation,우선 점검 후보
2023-12-31,AST-5003,A2,0,0.0033927715804628,6.983320260883008e-12,7.894175152516298e-15,MRO-70005;MRO-10045;MRO-10046,MRO-10045;MRO-10046;MRO-10047,EOT Crane,DHR-03,train,12,normal,normal,approved_on_validation,우선 점검 후보
2023-12-31,AST-5007,A2,0,0.0032729907495965,6.852885773167596e-12,6.9842914370154066e-15,MRO-10045;MRO-80002;MRO-70005,MRO-10045;MRO-10046;MRO-10047,EOT Crane,PUN-01,train,12,normal,normal,approved_on_validation,우선 점검 후보
2024-01-01,AST-1041,A2,11,7.918873841777843,0.2130870252961521,0.151746815012554,MRO-40022;MRO-10047;MRO-20031,MRO-10047;MRO-20031;MRO-80001,CNC Lathe,PUN-01,selection,12,risk,risk,approved_on_validation,우선 점검 후보
2024-01-01,AST-1042,A2,10,7.50376547211933,0.1857062047021645,0.1304948021098063,MRO-10047;MRO-10045;MRO-80001,MRO-10047;MRO-10045;MRO-80001,CNC Lathe,PUN-01,selection,12,risk,risk,approved_on_validation,우선 점검 후보
2024-01-01,AST-2017,A2,7,7.644108687492547,0.1935575667701968,0.1364407951462427,MRO-80001;MRO-20031;MRO-10045,MRO-80001;MRO-20031;MRO-10045,Hydraulic Press,PUN-01,selection,12,risk,risk,approved_on_validation,우선 점검 후보
2024-01-01,AST-2031,A2,16,8.164326159162844,0.2278020725709722,0.1670170527013795,MRO-10047;MRO-10046;MRO-10045,MRO-10047;MRO-10046;MRO-10045,Hydraulic Press,CHN-02,selection,12,high_risk,risk,approved_on_validation,우선 점검 후보
2024-01-01,AST-3008,A2,11,7.08740740077204,0.1590509227739571,0.1080373223317169,MRO-10045;MRO-10047;MRO-80001,MRO-10045;MRO-10047;MRO-80001,Belt Conveyor,CHN-02,selection,12,risk,risk,approved_on_validation,우선 점검 후보
2024-01-01,AST-3019,A2,2,5.834429600094446,0.0947481965156014,0.0583985010757536,MRO-10045;MRO-10047;MRO-80001,MRO-10045;MRO-10047;MRO-80001,Belt Conveyor,CHN-02,selection,12,caution,risk,approved_on_validation,우선 점검 후보
2024-01-01,AST-4055,A2,10,8.108140296471326,0.226690686614825,0.1626970946541728,MRO-10047;MRO-10046;MRO-10045,MRO-10047;MRO-10046;MRO-10045,Screw Compressor,DHR-03,selection,12,risk,risk,approved_on_validation,우선 점검 후보
2024-01-01,AST-4061,A2,6,7.033305852773493,0.1578201748208976,0.1044486719528375,MRO-60016;MRO-30012;MRO-10045,MRO-10045;MRO-20031;MRO-50009,Screw Compressor,DHR-03,selection,12,risk,risk,approved_on_validation,우선 점검 후보
2024-01-01,AST-5003,A2,1,7.46691086181312,0.1840492693749446,0.1269415256435506,MRO-50009;MRO-80001;MRO-10047,MRO-50009;MRO-80001;MRO-10047,EOT Crane,DHR-03,selection,12,caution,risk,approved_on_validation,우선 점검 후보
2024-01-01,AST-5007,A2,6,5.363026184491728,0.0688107312506048,0.0414896678800302,MRO-30011;MRO-10045;MRO-80002,MRO-10045;MRO-20031;MRO-80001,EOT Crane,PUN-01,selection,12,risk,caution,approved_on_validation,우선 점검 후보
2024-01-02,AST-1041,A2,6,7.103490987937022,0.161657893641604,0.1097703953356655,MRO-10047;MRO-10045;MRO-50009,MRO-10047;MRO-10045;MRO-50009,CNC Lathe,PUN-01,selection,12,risk,risk,approved_on_validation,우선 점검 후보
2024-01-02,AST-1042,A2,8,6.49719210689985,0.1288573799594294,0.0822992168696856,MRO-80001;MRO-20031;MRO-50009,MRO-80001;MRO-20031;MRO-50009,CNC Lathe,PUN-01,selection,12,risk,risk,approved_on_validation,우선 점검 후보
2024-01-02,AST-2017,A2,10,8.08113113711258,0.22685359941856,0.1620240616516153,MRO-10047;MRO-80001;MRO-20031,MRO-10047;MRO-80001;MRO-20031,Hydraulic Press,PUN-01,selection,12,risk,risk,approved_on_validation,우선 점검 후보
2024-01-02,AST-2031,A2,12,8.008302201020474,0.2210139411180645,0.1573840599196436,MRO-50009;MRO-10046;MRO-10045,MRO-50009;MRO-10046;MRO-10045,Hydraulic Press,CHN-02,selection,12,high_risk,risk,approved_on_validation,우선 점검 후보
2024-01-02,AST-3008,A2,1,6.582655477598429,0.1326224190295562,0.0862812930117891,MRO-10045;MRO-80001;MRO-10046,MRO-10045;MRO-80001;MRO-10046,Belt Conveyor,CHN-02,selection,12,caution,risk,approved_on_validation,우선 점검 후보
2024-01-02,AST-3019,A2,9,6.0387317667212175,0.1038804008728073,0.0662394916597158,MRO-10045;MRO-80001;MRO-10047,MRO-10045;MRO-80001;MRO-10047,Belt Conveyor,CHN-02,selection,12,risk,risk,approved_on_validation,우선 점검 후보
2024-01-02,AST-4055,A2,11,8.732541401642914,0.2672754302153696,0.2020698089114029,MRO-10046;MRO-20032;MRO-10045,MRO-10046;MRO-10045;MRO-10047,Screw Compressor,DHR-03,selection,12,risk,risk,approved_on_validation,우선 점검 후보
2024-01-02,AST-4061,A2,4,6.402946089285824,0.1215552024220625,0.0785113004588091,MRO-30012;MRO-50009;MRO-10045,MRO-50009;MRO-10045;MRO-20031,Screw Compressor,DHR-03,selection,12,caution,risk,approved_on_validation,우선 점검 후보
2024-01-02,AST-5003,A2,17,8.744294103665755,0.2703929629909403,0.2017394932767375,MRO-10045;MRO-10046;MRO-40021,MRO-10045;MRO-10046;MRO-80001,EOT Crane,DHR-03,selection,12,high_risk,risk,approved_on_validation,우선 점검 후보
2024-01-02,AST-5007,A2,12,6.577455487498288,0.1314549989337389,0.0860220909223277,MRO-10045;MRO-10046;MRO-10047,MRO-10045;MRO-10046;MRO-10047,EOT Crane,PUN-01,selection,12,high_risk,risk,approved_on_validation,우선 점검 후보
2024-01-03,AST-1041,A2,18,8.361341353637163,0.2462434977544974,0.1783073384663717,MRO-10046;MRO-40022;MRO-80001,MRO-10046;MRO-80001;MRO-10045,CNC Lathe,PUN-01,selection,12,high_risk,risk,approved_on_validation,우선 점검 후보
2024-01-03,AST-1042,A2,3,6.905978257409624,0.1515300699680207,0.1004504209436962,MRO-80001;MRO-20031;MRO-10045,MRO-80001;MRO-20031;MRO-10045,CNC Lathe,PUN-01,selection,12,caution,risk,approved_on_validation,우선 점검 후보
2024-01-03,AST-2017,A2,8,8.529874217728164,0.2579795705897186,0.1887032440596919,MRO-80001;MRO-10047;MRO-10045,MRO-80001;MRO-10047;MRO-10045,Hydraulic Press,PUN-01,selection,12,risk,risk,approved_on_validation,우선 점검 후보
2024-01-03,AST-2031,A2,8,7.584114797974432,0.1930289196780146,0.1339077227333469,MRO-50009;MRO-80001;MRO-10045,MRO-50009;MRO-80001;MRO-10045,Hydraulic Press,CHN-02,selection,12,risk,risk,approved_on_validation,우선 점검 후보
2024-01-03,AST-3008,A2,8,7.295186962539677,0.1748647680405737,0.1187337194447686,MRO-20031;MRO-10045;MRO-80001,MRO-20031;MRO-10045;MRO-80001,Belt Conveyor,CHN-02,selection,12,risk,risk,approved_on_validation,우선 점검 후보
2024-01-03,AST-3019,A2,0,5.655902928528965,0.0867496000875946,0.0537142149305621,MRO-10046;MRO-10045;MRO-80001,MRO-10046;MRO-10045;MRO-80001,Belt Conveyor,CHN-02,selection,12,normal,caution,approved_on_validation,우선 점검 후보
2024-01-03,AST-4055,A2,6,8.850705875974992,0.2806479518583076,0.2081999741637615,MRO-10046;MRO-50009;MRO-10045,MRO-10046;MRO-50009;MRO-10045,Screw Compressor,DHR-03,selection,12,risk,risk,approved_on_validation,우선 점검 후보
2024-01-03,AST-4061,A2,2,6.9517056584364685,0.1557087665851226,0.1026669857894582,MRO-10045;MRO-20031;MRO-10046,MRO-10045;MRO-20031;MRO-10046,Screw Compressor,DHR-03,selection,12,caution,risk,approved_on_validation,우선 점검 후보
2024-01-03,AST-5003,A2,16,9.088124275968976,0.30389914570709,0.2245626463808052,MRO-10047;MRO-10045;MRO-80001,MRO-10047;MRO-10045;MRO-80001,EOT Crane,DHR-03,selection,12,high_risk,risk,approved_on_validation,우선 점검 후보
2024-01-03,AST-5007,A2,8,5.931304241522011,0.097059865587183,0.0612564074992973,MRO-50009;MRO-10047;MRO-20031,MRO-50009;MRO-10047;MRO-20031,EOT Crane,PUN-01,selection,12,risk,risk,approved_on_validation,우선 점검 후보
2024-01-04,AST-1041,A2,9,7.679572099116105,0.1980319285681537,0.1388894339118243,MRO-20031;MRO-10047;MRO-10045,MRO-20031;MRO-10047;MRO-10045,CNC Lathe,PUN-01,selection,12,risk,risk,approved_on_validation,우선 점검 후보
2024-01-04,AST-1042,A2,4,6.587361812482057,0.1344264475618035,0.0868940172689174,MRO-10045;MRO-10047;MRO-20031,MRO-10045;MRO-10047;MRO-20031,CNC Lathe,PUN-01,selection,12,caution,risk,approved_on_validation,우선 점검 후보
2024-01-04,AST-2017,A2,12,9.228090543697816,0.3083443180366378,0.2331391411172806,MRO-10047;MRO-20031;MRO-80001,MRO-10047;MRO-20031;MRO-80001,Hydraulic Press,PUN-01,selection,12,high_risk,risk,approved_on_validation,우선 점검 후보
2024-01-04,AST-2031,A2,1,7.667299994078988,0.1971239499714573,0.1387764208456761,MRO-20031;MRO-10045;MRO-10046,MRO-20031;MRO-10045;MRO-10046,Hydraulic Press,CHN-02,selection,12,caution,risk,approved_on_validation,우선 점검 후보
2024-01-04,AST-3008,A2,2,6.981150769809737,0.1555870712920846,0.1035532822683222,MRO-10045;MRO-20031;MRO-10047,MRO-10045;MRO-20031;MRO-10047,Belt Conveyor,CHN-02,selection,12,caution,risk,approved_on_validation,우선 점검 후보
2024-01-04,AST-3019,A2,3,6.182348141446681,0.1117565030784114,0.0705174394877243,MRO-10046;MRO-10045;MRO-10047,MRO-10046;MRO-10045;MRO-10047,Belt Conveyor,CHN-02,selection,12,caution,risk,approved_on_validation,우선 점검 후보
2024-01-04,AST-4055,A2,11,8.562683159457043,0.2573078493154845,0.189462318758273,MRO-10047;MRO-10045;MRO-20031,MRO-10047;MRO-10045;MRO-20031,Screw Compressor,DHR-03,selection,12,risk,risk,approved_on_validation,우선 점검 후보
2024-01-04,AST-4061,A2,5,7.744644842365204,0.2030529594652486,0.1418307419243483,MRO-10046;MRO-10045;MRO-20031,MRO-10046;MRO-10045;MRO-20031,Screw Compressor,DHR-03,selection,12,caution,risk,approved_on_validation,우선 점검 후보
2024-01-04,AST-5003,A2,13,8.955443269421927,0.2849791898347096,0.2140293764660772,MRO-80001;MRO-20031;MRO-10047,MRO-80001;MRO-20031;MRO-10047,EOT Crane,DHR-03,selection,12,high_risk,risk,approved_on_validation,우선 점검 후보
2024-01-04,AST-5007,A2,0,5.671521269293712,0.0842819016339266,0.0516389304667193,MRO-20031;MRO-30011;MRO-10047,MRO-20031;MRO-10047;MRO-10046,EOT Crane,PUN-01,selection,12,normal,caution,approved_on_validation,우선 점검 후보
2024-01-05,AST-1041,A2,5,6.551931786761181,0.1291024256795784,0.0847512081675357,MRO-10045;MRO-50009;MRO-80001,MRO-10045;MRO-50009;MRO-80001,CNC Lathe,PUN-01,selection,12,caution,risk,approved_on_validation,우선 점검 후보
2024-01-05,AST-1042,A2,2,6.629103849388357,0.1350378146449703,0.0890605453442472,MRO-10047;MRO-50009;MRO-10045,MRO-10047;MRO-50009;MRO-10045,CNC Lathe,PUN-01,selection,12,caution,risk,approved_on_validation,우선 점검 후보
2024-01-05,AST-2017,A2,6,7.683567561865882,0.195677738332584,0.1399826108246865,MRO-20031;MRO-70005;MRO-10047,MRO-20031;MRO-10047;MRO-80001,Hydraulic Press,PUN-01,selection,12,risk,risk,approved_on_validation,우선 점검 후보
2024-01-05,AST-2031,A2,0,6.703654278301863,0.1390358054447465,0.0917207144930589,MRO-10045;MRO-20031;MRO-10046,MRO-10045;MRO-20031;MRO-10046,Hydraulic Press,CHN-02,selection,12,normal,risk,approved_on_validation,우선 점검 후보
2024-01-05,AST-3008,A2,12,7.549011977908801,0.1887292217694005,0.1305581356754105,MRO-80002;MRO-30012;MRO-50009,MRO-50009;MRO-80001;MRO-20031,Belt Conveyor,CHN-02,selection,12,high_risk,risk,approved_on_validation,우선 점검 후보
2024-01-05,AST-3019,A2,4,6.086719344423876,0.1066615426878502,0.0674269188979557,MRO-10046;MRO-10045;MRO-80001,MRO-10046;MRO-10045;MRO-80001,Belt Conveyor,CHN-02,selection,12,caution,risk,approved_on_validation,우선 점검 후보
2024-01-05,AST-4055,A2,12,8.466929381301318,0.2547200620217542,0.1835758232617489,MRO-20031;MRO-10045;MRO-10047,MRO-20031;MRO-10045;MRO-10047,Screw Compressor,DHR-03,selection,12,high_risk,risk,approved_on_validation,우선 점검 후보
2024-01-05,AST-4061,A2,12,7.19884910246305,0.1686213528151967,0.1135944349087541,MRO-50009;MRO-10046;MRO-10045,MRO-50009;MRO-10046;MRO-10045,Screw Compressor,DHR-03,selection,12,high_risk,risk,approved_on_validation,우선 점검 후보
2024-01-05,AST-5003,A2,2,7.589401605034397,0.1925638777549508,0.1331335113734216,MRO-80001;MRO-10046;MRO-10047,MRO-80001;MRO-10046;MRO-10047,EOT Crane,DHR-03,selection,12,caution,risk,approved_on_validation,우선 점검 후보
2024-01-05,AST-5007,A2,15,7.005875931427069,0.1582865967824043,0.1053978760592875,MRO-20031;MRO-10047;MRO-10046,MRO-20031;MRO-10047;MRO-10046,EOT Crane,PUN-01,selection,12,high_risk,risk,approved_on_validation,우선 점검 후보
2024-01-06,AST-1041,A2,0,0.0032537654232718,6.681968110495537e-12,6.794327436449315e-15,MRO-70005;MRO-10045;MRO-10047,MRO-10045;MRO-10047;MRO-50009,CNC Lathe,PUN-01,selection,12,normal,normal,approved_on_validation,우선 점검 후보
2024-01-06,AST-1042,A2,0,0.0032828899982094,6.621182891233679e-12,6.8344444520739475e-15,MRO-30012;MRO-60016;MRO-10045,MRO-10045;MRO-10046;MRO-10047,CNC Lathe,PUN-01,selection,12,normal,normal,approved_on_validation,우선 점검 후보
2024-01-06,AST-2017,A2,0,0.0032563521874846,7.318932423862398e-12,7.271439607648853e-15,MRO-20031;MRO-90012;MRO-10046,MRO-20031;MRO-10046;MRO-80001,Hydraulic Press,PUN-01,selection,12,normal,normal,approved_on_validation,우선 점검 후보
2024-01-06,AST-2031,A2,0,0.0032711109731218,6.626595920552377e-12,6.893461159441229e-15,MRO-70005;MRO-90012;MRO-10045,MRO-10045;MRO-10046;MRO-10047,Hydraulic Press,CHN-02,selection,12,normal,normal,approved_on_validation,우선 점검 후보
2024-01-06,AST-3008,A2,0,0.0032171019389891,5.441169450614296e-12,6.048951520369157e-15,MRO-70005;MRO-70004;MRO-10045,MRO-10045;MRO-10046;MRO-10047,Belt Conveyor,CHN-02,selection,12,normal,normal,approved_on_validation,우선 점검 후보
2024-01-06,AST-3019,A2,0,0.0031569224289425,5.564496197072271e-12,5.728665011603978e-15,MRO-70005;MRO-40021;MRO-10047,MRO-10047;MRO-10045;MRO-10046,Belt Conveyor,CHN-02,selection,12,normal,normal,approved_on_validation,우선 점검 후보
2024-01-06,AST-4055,A2,0,0.0032471617782258,6.575667487161092e-12,6.7036552379729776e-15,MRO-70005;MRO-10045;MRO-10047,MRO-10045;MRO-10047;MRO-20031,Screw Compressor,DHR-03,selection,12,normal,normal,approved_on_validation,우선 점검 후보
2024-01-06,AST-4061,A2,0,0.0032282649094002,6.560911452678628e-12,6.598452342728658e-15,MRO-10045;MRO-10046;MRO-20031,MRO-10045;MRO-10046;MRO-20031,Screw Compressor,DHR-03,selection,12,normal,normal,approved_on_validation,우선 점검 후보
2024-01-06,AST-5003,A2,0,0.0033969114937316,7.148590738009895e-12,8.055591624626757e-15,MRO-70005;MRO-10045;MRO-50009,MRO-10045;MRO-50009;MRO-10046,EOT Crane,DHR-03,selection,12,normal,normal,approved_on_validation,우선 점검 후보
2024-01-06,AST-5007,A2,0,0.0033873674153673,7.76277915911516e-12,8.243330556999521e-15,MRO-70004;MRO-10046;MRO-10047,MRO-10046;MRO-10047;MRO-20031,EOT Crane,PUN-01,selection,12,normal,normal,approved_on_validation,우선 점검 후보
2024-01-07,AST-1041,A2,0,0.0032153669233253,5.612885677982753e-12,5.7761652185906765e-15,MRO-50008;MRO-40021;MRO-10045,MRO-10045;MRO-50009;MRO-80001,CNC Lathe,PUN-01,selection,12,normal,normal,approved_on_validation,우선 점검 후보
2024-01-07,AST-1042,A2,0,0.0032416866740195,6.620360364415632e-12,6.697956254841917e-15,MRO-10045;MRO-10046;MRO-10047,MRO-10045;MRO-10046;MRO-10047,CNC Lathe,PUN-01,selection,12,normal,normal,approved_on_validation,우선 점검 후보
2024-01-07,AST-2017,A2,0,0.0032844649787397,6.614731180646965e-12,6.957306175647598e-15,MRO-90012;MRO-50008;MRO-60015,MRO-20031;MRO-10045;MRO-10046,Hydraulic Press,PUN-01,selection,12,normal,normal,approved_on_validation,우선 점검 후보
2024-01-07,AST-2031,A2,0,0.0032665607203925,6.626595860754024e-12,6.8633376335173656e-15,MRO-70005;MRO-10045;MRO-10046,MRO-10045;MRO-10046;MRO-10047,Hydraulic Press,CHN-02,selection,12,normal,normal,approved_on_validation,우선 점검 후보
2024-01-07,AST-3008,A2,0,0.0033890765122875,6.64864872213799e-12,7.681563773008428e-15,MRO-70005;MRO-70004;MRO-10045,MRO-10045;MRO-10046;MRO-10047,Belt Conveyor,CHN-02,selection,12,normal,normal,approved_on_validation,우선 점검 후보
2024-01-07,AST-3019,A2,0,0.0033067201182323,6.970872041265696e-12,7.219434700284571e-15,MRO-60016;MRO-70005;MRO-20031,MRO-20031;MRO-10045;MRO-10046,Belt Conveyor,CHN-02,selection,12,normal,normal,approved_on_validation,우선 점검 후보
2024-01-07,AST-4055,A2,0,0.0033262656932578,6.433466308591342e-12,6.836130789930834e-15,MRO-60016;MRO-20031;MRO-70005,MRO-20031;MRO-10045;MRO-10047,Screw Compressor,DHR-03,selection,12,normal,normal,approved_on_validation,우선 점검 후보
2024-01-07,AST-4061,A2,0,0.0032414605458407,6.617025613914399e-12,6.690411048112851e-15,MRO-10045;MRO-10046;MRO-20031,MRO-10045;MRO-10046;MRO-20031,Screw Compressor,DHR-03,selection,12,normal,normal,approved_on_validation,우선 점검 후보
2024-01-07,AST-5003,A2,0,0.0033274837216184,5.936582141353325e-12,6.881835704699063e-15,MRO-70005;MRO-70004;MRO-20031,MRO-20031;MRO-10046;MRO-10047,EOT Crane,DHR-03,selection,12,normal,normal,approved_on_validation,우선 점검 후보
2024-01-07,AST-5007,A2,0,0.0032560061167236,6.272651631606546e-12,6.594752808481705e-15,MRO-70004;MRO-10045;MRO-50009,MRO-10045;MRO-50009;MRO-80001,EOT Crane,PUN-01,selection,12,normal,normal,approved_on_validation,우선 점검 후보
2024-01-08,AST-1041,A2,9,7.898364422362357,0.2101192227059448,0.1507898135513214,MRO-10047;MRO-10045;MRO-50009,MRO-10047;MRO-10045;MRO-50009,CNC Lathe,PUN-01,selection,12,risk,risk,approved_on_validation,우선 점검 후보
2024-01-08,AST-1042,A2,9,7.142170467446689,0.164986296265931,0.1108131290706939,MRO-10047;MRO-50009;MRO-10045,MRO-10047;MRO-50009;MRO-10045,CNC Lathe,PUN-01,selection,12,risk,risk,approved_on_validation,우선 점검 후보
2024-01-08,AST-2017,A2,4,7.996096172898704,0.2207886979585214,0.1561787292034093,MRO-10046;MRO-20031;MRO-10047,MRO-10046;MRO-20031;MRO-10047,Hydraulic Press,PUN-01,selection,12,caution,risk,approved_on_validation,우선 점검 후보
2024-01-08,AST-2031,A2,8,7.811341678817686,0.2074198734605132,0.1460568990277654,MRO-10045;MRO-10046;MRO-10047,MRO-10045;MRO-10046;MRO-10047,Hydraulic Press,CHN-02,selection,12,risk,risk,approved_on_validation,우선 점검 후보
2024-01-08,AST-3008,A2,8,7.297399895532721,0.1740014856521176,0.1188409165550683,MRO-10045;MRO-80001;MRO-20031,MRO-10045;MRO-80001;MRO-20031,Belt Conveyor,CHN-02,selection,12,risk,risk,approved_on_validation,우선 점검 후보
2024-01-08,AST-3019,A2,6,5.974802992415858,0.1010580209565327,0.0638365149998295,MRO-10045;MRO-10047;MRO-20031,MRO-10045;MRO-10047;MRO-20031,Belt Conveyor,CHN-02,selection,12,risk,risk,approved_on_validation,우선 점검 후보
2024-01-08,AST-4055,A2,13,9.12218751799545,0.2978384280656613,0.2265855795497164,MRO-40022;MRO-20031;MRO-80001,MRO-20031;MRO-80001;MRO-10045,Screw Compressor,DHR-03,selection,12,high_risk,risk,approved_on_validation,우선 점검 후보
2024-01-08,AST-4061,A2,3,7.604091628430521,0.1871657729409001,0.1353599179646936,MRO-70005;MRO-10046;MRO-10045,MRO-10046;MRO-10045;MRO-10047,Screw Compressor,DHR-03,selection,12,caution,risk,approved_on_validation,우선 점검 후보
2024-01-08,AST-5003,A2,10,10.047255109579451,0.3657985334787633,0.2920225086750133,MRO-70005;MRO-60015;MRO-10045,MRO-10045;MRO-50009;MRO-10046,EOT Crane,DHR-03,selection,12,risk,risk,approved_on_validation,우선 점검 후보
2024-01-08,AST-5007,A2,10,6.585996849203495,0.127444261654096,0.0819696250261957,MRO-30011;MRO-50009;MRO-60016,MRO-50009;MRO-10045;MRO-80001,EOT Crane,PUN-01,selection,12,risk,risk,approved_on_validation,우선 점검 후보
2024-01-09,AST-1041,A2,11,8.03974910480268,0.2235182627933025,0.15990515913943,MRO-10045;MRO-50009;MRO-80001,MRO-10045;MRO-50009;MRO-80001,CNC Lathe,PUN-01,selection,12,risk,risk,approved_on_validation,우선 점검 후보
2024-01-09,AST-1042,A2,4,6.698009783028273,0.1392405838448559,0.0907513052761601,MRO-50009;MRO-10047;MRO-10046,MRO-50009;MRO-10047;MRO-10046,CNC Lathe,PUN-01,selection,12,caution,risk,approved_on_validation,우선 점검 후보
2024-01-09,AST-2017,A2,12,8.521668869091016,0.256345669041947,0.1877858012635124,MRO-10046;MRO-80001;MRO-10047,MRO-10046;MRO-80001;MRO-10047,Hydraulic Press,PUN-01,selection,12,high_risk,risk,approved_on_validation,우선 점검 후보
2024-01-09,AST-2031,A2,1,7.954548716383941,0.2140540958733695,0.1549753458614866,MRO-80001;MRO-10046;MRO-50009,MRO-80001;MRO-10046;MRO-50009,Hydraulic Press,CHN-02,selection,12,caution,risk,approved_on_validation,우선 점검 후보
2024-01-09,AST-3008,A2,10,7.139895541654362,0.1648003946159595,0.1109220333202127,MRO-10045;MRO-50009;MRO-20031,MRO-10045;MRO-50009;MRO-20031,Belt Conveyor,CHN-02,selection,12,risk,risk,approved_on_validation,우선 점검 후보
2024-01-09,AST-3019,A2,4,6.118747751347176,0.1080588325423544,0.0683055757547004,MRO-10047;MRO-10045;MRO-20031,MRO-10047;MRO-10045;MRO-20031,Belt Conveyor,CHN-02,selection,12,caution,risk,approved_on_validation,우선 점검 후보
2024-01-09,AST-4055,A2,3,8.07555462255667,0.2192027953018041,0.1607351112803302,MRO-40022;MRO-20031;MRO-80001,MRO-20031;MRO-80001;MRO-10045,Screw Compressor,DHR-03,selection,12,caution,risk,approved_on_validation,우선 점검 후보
2024-01-09,AST-4061,A2,1,6.810132677738567,0.1441413852474676,0.0962924571547794,MRO-10045;MRO-20031;MRO-10047,MRO-10045;MRO-20031;MRO-10047,Screw Compressor,DHR-03,selection,12,caution,risk,approved_on_validation,우선 점검 후보
2024-01-09,AST-5003,A2,10,7.641405692891536,0.1963994625874104,0.1378275194794795,MRO-10046;MRO-80001;MRO-20031,MRO-10046;MRO-80001;MRO-20031,EOT Crane,DHR-03,selection,12,risk,risk,approved_on_validation,우선 점검 후보
2024-01-09,AST-5007,A2,6,5.561037809061238,0.0795842034749814,0.0481323878222845,MRO-10046;MRO-40022;MRO-20031,MRO-10046;MRO-20031;MRO-10045,EOT Crane,PUN-01,selection,12,risk,caution,approved_on_validation,우선 점검 후보
2024-01-10,AST-1041,A2,4,7.370055476594913,0.174111985954445,0.1228648426354847,MRO-10045;MRO-20031;MRO-80001,MRO-10045;MRO-20031;MRO-80001,CNC Lathe,PUN-01,selection,12,caution,risk,approved_on_validation,우선 점검 후보
2024-01-10,AST-1042,A2,14,6.971442641247233,0.1553348063704536,0.1014008816956447,MRO-10047;MRO-10045;MRO-40022,MRO-10047;MRO-10045;MRO-50009,CNC Lathe,PUN-01,selection,12,high_risk,risk,approved_on_validation,우선 점검 후보
2024-01-10,AST-2017,A2,14,8.873536951567964,0.2824681025302908,0.210546955083516,MRO-10047;MRO-10046;MRO-80001,MRO-10047;MRO-10046;MRO-80001,Hydraulic Press,PUN-01,selection,12,high_risk,risk,approved_on_validation,우선 점검 후보
2024-01-10,AST-2031,A2,6,7.406333303924311,0.1802597280714872,0.1253882168366598,MRO-80001;MRO-10046;MRO-10047,MRO-80001;MRO-10046;MRO-10047,Hydraulic Press,CHN-02,selection,12,risk,risk,approved_on_validation,우선 점검 후보
2024-01-10,AST-3008,A2,6,6.749454123617129,0.1397885669500451,0.0924847802338567,MRO-20031;MRO-10045;MRO-10046,MRO-20031;MRO-10045;MRO-10046,Belt Conveyor,CHN-02,selection,12,risk,risk,approved_on_validation,우선 점검 후보
2024-01-10,AST-3019,A2,8,6.190864481472421,0.1107725123380056,0.0709691688702837,MRO-10045;MRO-20031;MRO-80001,MRO-10045;MRO-20031;MRO-80001,Belt Conveyor,CHN-02,selection,12,risk,risk,approved_on_validation,우선 점검 후보
2024-01-10,AST-4055,A2,14,8.575710287076804,0.2581119027062169,0.1901818432022285,MRO-20031;MRO-80001;MRO-10047,MRO-20031;MRO-80001;MRO-10047,Screw Compressor,DHR-03,selection,12,high_risk,risk,approved_on_validation,우선 점검 후보
2024-01-10,AST-4061,A2,5,7.3311100088938845,0.1771143456762678,0.1200092866890859,MRO-10047;MRO-80001;MRO-10045,MRO-10047;MRO-80001;MRO-10045,Screw Compressor,DHR-03,selection,12,caution,risk,approved_on_validation,우선 점검 후보
2024-01-10,AST-5003,A2,10,8.448601766116022,0.2538156834714911,0.1826484617140316,MRO-10047;MRO-80001;MRO-20031,MRO-10047;MRO-80001;MRO-20031,EOT Crane,DHR-03,selection,12,risk,risk,approved_on_validation,우선 점검 후보
2024-01-10,AST-5007,A2,7,6.145628390927527,0.1070827291615942,0.0680193930257984,MRO-30011;MRO-10046;MRO-10047,MRO-10046;MRO-10047;MRO-80001,EOT Crane,PUN-01,selection,12,risk,risk,approved_on_validation,우선 점검 후보
2024-01-11,AST-1041,A2,11,7.850489399951598,0.2056210583138882,0.1471842223494814,MRO-70005;MRO-10045;MRO-80001,MRO-10045;MRO-80001;MRO-20031,CNC Lathe,PUN-01,selection,12,risk,risk,approved_on_validation,우선 점검 후보
2024-01-11,AST-1042,A2,4,6.738491759371573,0.1419633228935728,0.0926022217703382,MRO-10046;MRO-50009;MRO-80001,MRO-10046;MRO-50009;MRO-80001,CNC Lathe,PUN-01,selection,12,caution,risk,approved_on_validation,우선 점검 후보
2024-01-11,AST-2017,A2,7,7.683937177098908,0.1970563787913573,0.1395977673189661,MRO-10047;MRO-50009;MRO-80001,MRO-10047;MRO-50009;MRO-80001,Hydraulic Press,PUN-01,selection,12,risk,risk,approved_on_validation,우선 점검 후보
2024-01-11,AST-2031,A2,6,8.020753986758528,0.2194061665826033,0.1586394047915403,MRO-10045;MRO-80001;MRO-20031,MRO-10045;MRO-80001;MRO-20031,Hydraulic Press,CHN-02,selection,12,risk,risk,approved_on_validation,우선 점검 후보
2024-01-11,AST-3008,A2,4,6.921987580451284,0.1520790021279447,0.1011253629295275,MRO-10047;MRO-20031;MRO-10045,MRO-10047;MRO-20031;MRO-10045,Belt Conveyor,CHN-02,selection,12,caution,risk,approved_on_validation,우선 점검 후보
2024-01-11,AST-3019,A2,4,6.116614965827553,0.1076060835327623,0.0684749129009529,MRO-20031;MRO-10047;MRO-10045,MRO-20031;MRO-10047;MRO-10045,Belt Conveyor,CHN-02,selection,12,caution,risk,approved_on_validation,우선 점검 후보
2024-01-11,AST-4055,A2,14,10.784941077047142,0.4304486472030401,0.3430886530762031,MRO-40022;MRO-50009;MRO-40021,MRO-50009;MRO-10045;MRO-20031,Screw Compressor,DHR-03,selection,12,high_risk,high_risk,approved_on_validation,우선 점검 후보
2024-01-11,AST-4061,A2,0,6.274898556074623,0.1155391395636938,0.0733323667938925,MRO-10046;MRO-10047;MRO-80001,MRO-10046;MRO-10047;MRO-80001,Screw Compressor,DHR-03,selection,12,normal,risk,approved_on_validation,우선 점검 후보
2024-01-11,AST-5003,A2,4,7.521501027443512,0.1899597440275091,0.1296327974062563,MRO-80001;MRO-20031;MRO-50009,MRO-80001;MRO-20031;MRO-50009,EOT Crane,DHR-03,selection,12,caution,risk,approved_on_validation,우선 점검 후보
2024-01-11,AST-5007,A2,8,5.813021656303128,0.0917164223010306,0.0568923118701888,MRO-50009;MRO-10045;MRO-20031,MRO-50009;MRO-10045;MRO-20031,EOT Crane,PUN-01,selection,12,risk,caution,approved_on_validation,우선 점검 후보
2024-01-12,AST-1041,A2,5,7.037626984867392,0.1511266224732519,0.1033714047639519,MRO-40022;MRO-30011;MRO-40021,MRO-80001;MRO-10047;MRO-10045,CNC Lathe,PUN-01,selection,12,caution,risk,approved_on_validation,우선 점검 후보
2024-01-12,AST-1042,A2,12,7.238134314685702,0.1740600327326189,0.1173115482076112,MRO-80001;MRO-10045;MRO-10047,MRO-80001;MRO-10045;MRO-10047,CNC Lathe,PUN-01,selection,12,high_risk,risk,approved_on_validation,우선 점검 후보
2024-01-12,AST-2017,A2,12,8.766026629101788,0.2712640996028523,0.2035998151277605,MRO-20031;MRO-10046;MRO-40021,MRO-20031;MRO-10046;MRO-50009,Hydraulic Press,PUN-01,selection,12,high_risk,risk,approved_on_validation,우선 점검 후보
2024-01-12,AST-2031,A2,5,7.372274032123478,0.1797228511316862,0.1230198035089252,MRO-10045;MRO-10046;MRO-10047,MRO-10045;MRO-10046;MRO-10047,Hydraulic Press,CHN-02,selection,12,caution,risk,approved_on_validation,우선 점검 후보
2024-01-12,AST-3008,A2,13,9.00940773749616,0.2879316138973248,0.2198865461444309,MRO-10046;MRO-80001;MRO-30012,MRO-10046;MRO-80001;MRO-50009,Belt Conveyor,CHN-02,selection,12,high_risk,risk,approved_on_validation,우선 점검 후보
2024-01-12,AST-3019,A2,6,6.300302325516259,0.1174659817041585,0.0754562214560909,MRO-20031;MRO-10047;MRO-10046,MRO-20031;MRO-10047;MRO-10046,Belt Conveyor,CHN-02,selection,12,risk,risk,approved_on_validation,우선 점검 후보
2024-01-12,AST-4055,A2,10,8.852175958763137,0.2794598098440318,0.2082690616108456,MRO-20031;MRO-10047;MRO-80001,MRO-20031;MRO-10047;MRO-80001,Screw Compressor,DHR-03,selection,12,risk,risk,approved_on_validation,우선 점검 후보
2024-01-12,AST-4061,A2,20,8.394418152100842,0.2512284692361253,0.1790133444764917,MRO-10045;MRO-20031;MRO-80001,MRO-10045;MRO-20031;MRO-80001,Screw Compressor,DHR-03,selection,12,high_risk,risk,approved_on_validation,우선 점검 후보
2024-01-12,AST-5003,A2,0,7.22511342331412,0.1660458739162797,0.1141142851312174,MRO-20031;MRO-10047;MRO-10046,MRO-20031;MRO-10047;MRO-10046,EOT Crane,DHR-03,selection,12,normal,risk,approved_on_validation,우선 점검 후보
2024-01-12,AST-5007,A2,10,6.742631230724945,0.1356423172104952,0.0898300026928963,MRO-30011;MRO-60016;MRO-40021,MRO-20031;MRO-10045;MRO-80001,EOT Crane,PUN-01,selection,12,risk,risk,approved_on_validation,우선 점검 후보
2024-01-13,AST-1041,A2,0,0.0032621279849436,6.709755642351572e-12,6.8550273094958194e-15,MRO-70005;MRO-10045;MRO-10047,MRO-10045;MRO-10047;MRO-20031,CNC Lathe,PUN-01,selection,12,normal,normal,approved_on_validation,우선 점검 후보
2024-01-13,AST-1042,A2,0,0.0034164435575503,6.627984037642471e-12,7.289720724238177e-15,MRO-20033;MRO-60016;MRO-10046,MRO-10046;MRO-80001;MRO-10045,CNC Lathe,PUN-01,selection,12,normal,normal,approved_on_validation,우선 점검 후보
2024-01-13,AST-2017,A2,0,0.003366062144621,7.599935482561732e-12,8.178173750735282e-15,MRO-70005;MRO-20031;MRO-10045,MRO-20031;MRO-10045;MRO-10046,Hydraulic Press,PUN-01,selection,12,normal,normal,approved_on_validation,우선 점검 후보
2024-01-13,AST-2031,A2,0,0.0032696829572488,6.845570882158941e-12,6.9640410011564836e-15,MRO-10045;MRO-80002;MRO-10046,MRO-10045;MRO-10046;MRO-10047,Hydraulic Press,CHN-02,selection,12,normal,normal,approved_on_validation,우선 점검 후보
2024-01-13,AST-3008,A2,0,0.0032262886541164,6.5609486139062295e-12,6.579288153797629e-15,MRO-70005;MRO-10045;MRO-10047,MRO-10045;MRO-10047;MRO-20031,Belt Conveyor,CHN-02,selection,12,normal,normal,approved_on_validation,우선 점검 후보
2024-01-13,AST-3019,A2,0,0.0032845903197536,6.7043537402088904e-12,6.8767262322177585e-15,MRO-80002;MRO-20031;MRO-10045,MRO-20031;MRO-10045;MRO-10046,Belt Conveyor,CHN-02,selection,12,normal,normal,approved_on_validation,우선 점검 후보
2024-01-13,AST-4055,A2,0,0.0032533485472318,6.637148719793802e-12,6.7738695741341856e-15,MRO-70005;MRO-10047;MRO-50009,MRO-10047;MRO-50009;MRO-10045,Screw Compressor,DHR-03,selection,12,normal,normal,approved_on_validation,우선 점검 후보
2024-01-13,AST-4061,A2,0,0.0035606964543952,9.547372541747758e-12,1.0575272961387788e-14,MRO-70005;MRO-10046;MRO-10045,MRO-10046;MRO-10045;MRO-50009,Screw Compressor,DHR-03,selection,12,normal,normal,approved_on_validation,우선 점검 후보
2024-01-13,AST-5003,A2,0,0.0035478951243753,1.0187409570219255e-11,1.0732959272349278e-14,MRO-80001;MRO-10045;MRO-70004,MRO-80001;MRO-10045;MRO-10046,EOT Crane,DHR-03,selection,12,normal,normal,approved_on_validation,우선 점검 후보
2024-01-13,AST-5007,A2,0,0.0033395703115835,6.852381577622779e-12,7.483792928209854e-15,MRO-70005;MRO-50009;MRO-30011,MRO-50009;MRO-10046;MRO-10047,EOT Crane,PUN-01,selection,12,normal,normal,approved_on_validation,우선 점검 후보
2024-01-14,AST-1041,A2,0,0.0032379610492469,6.620316902996667e-12,6.680568031050709e-15,MRO-10045;MRO-10046;MRO-10047,MRO-10045;MRO-10046;MRO-10047,CNC Lathe,PUN-01,selection,12,normal,normal,approved_on_validation,우선 점검 후보
2024-01-14,AST-1042,A2,0,0.0032562390526799,6.687294846556639e-12,6.810909352865061e-15,MRO-10045;MRO-10047;MRO-20031,MRO-10045;MRO-10047;MRO-20031,CNC Lathe,PUN-01,selection,12,normal,normal,approved_on_validation,우선 점검 후보
2024-01-14,AST-2017,A2,0,0.0032987284055759,6.9470577314497716e-12,7.143330725397151e-15,MRO-60016;MRO-20031;MRO-10047,MRO-20031;MRO-10047;MRO-50009,Hydraulic Press,PUN-01,selection,12,normal,normal,approved_on_validation,우선 점검 후보
2024-01-14,AST-2031,A2,0,0.003249876527526,6.9763842645439215e-12,7.004932604823141e-15,MRO-20031;MRO-70005;MRO-10045,MRO-20031;MRO-10045;MRO-10046,Hydraulic Press,CHN-02,selection,12,normal,normal,approved_on_validation,우선 점검 후보
2024-01-14,AST-3008,A2,0,0.0032447226738101,6.568149960138204e-12,6.70070826261813e-15,MRO-70004;MRO-70005;MRO-10045,MRO-10045;MRO-10047;MRO-20031,Belt Conveyor,CHN-02,selection,12,normal,normal,approved_on_validation,우선 점검 후보
2024-01-14,AST-3019,A2,0,0.0032502917291585,6.687196980416869e-12,6.771138192117934e-15,MRO-10045;MRO-10046;MRO-10047,MRO-10045;MRO-10046;MRO-10047,Belt Conveyor,CHN-02,selection,12,normal,normal,approved_on_validation,우선 점검 후보
2024-01-14,AST-4055,A2,0,0.0035100207692922,8.214708341713606e-12,8.975811695147133e-15,MRO-60016;MRO-80001;MRO-20031,MRO-80001;MRO-20031;MRO-10045,Screw Compressor,DHR-03,selection,12,normal,normal,approved_on_validation,우선 점검 후보
2024-01-14,AST-4061,A2,0,0.0032430407644242,6.6202835768644265e-12,6.6980921792949946e-15,MRO-10045;MRO-50009;MRO-20033,MRO-10045;MRO-50009;MRO-10046,Screw Compressor,DHR-03,selection,12,normal,normal,approved_on_validation,우선 점검 후보
2024-01-14,AST-5003,A2,0,0.0032862951301987,5.789195597365882e-12,6.516447027062963e-15,MRO-70005;MRO-10046;MRO-10047,MRO-10046;MRO-10047;MRO-20031,EOT Crane,DHR-03,selection,12,normal,normal,approved_on_validation,우선 점검 후보
2024-01-14,AST-5007,A2,0,0.00315231409912,5.512551249061842e-12,5.703345391884085e-15,MRO-70005;MRO-30012;MRO-60015,MRO-10045;MRO-10046;MRO-10047,EOT Crane,PUN-01,selection,12,normal,normal,approved_on_validation,우선 점검 후보
2024-01-15,AST-1041,A2,3,7.216518047745715,0.1699061245752902,0.1151055137501425,MRO-80001;MRO-10047;MRO-50009,MRO-80001;MRO-10047;MRO-50009,CNC Lathe,PUN-01,selection,12,caution,risk,approved_on_validation,우선 점검 후보
2024-01-15,AST-1042,A2,6,6.876041118997989,0.1501290381873515,0.0997968387530289,MRO-80001;MRO-10046;MRO-10047,MRO-80001;MRO-10046;MRO-10047,CNC Lathe,PUN-01,selection,12,risk,risk,approved_on_validation,우선 점검 후보
2024-01-15,AST-2017,A2,15,8.233370913060066,0.235954415129651,0.1710908779273859,MRO-10045;MRO-10046;MRO-10047,MRO-10045;MRO-10046;MRO-10047,Hydraulic Press,PUN-01,selection,12,high_risk,risk,approved_on_validation,우선 점검 후보
2024-01-15,AST-2031,A2,8,7.773368559566563,0.2044986997954416,0.143079063051506,MRO-40022;MRO-10045;MRO-20031,MRO-10045;MRO-20031;MRO-10046,Hydraulic Press,CHN-02,selection,12,risk,risk,approved_on_validation,우선 점검 후보
2024-01-15,AST-3008,A2,5,6.8424756599571595,0.144377865018009,0.0992824335504868,MRO-70004;MRO-10045;MRO-10047,MRO-10045;MRO-10047;MRO-20031,Belt Conveyor,CHN-02,selection,12,caution,risk,approved_on_validation,우선 점검 후보
2024-01-15,AST-3019,A2,4,6.30657901648345,0.1182657595204064,0.075461821302576,MRO-20031;MRO-10047;MRO-10046,MRO-20031;MRO-10047;MRO-10046,Belt Conveyor,CHN-02,selection,12,caution,risk,approved_on_validation,우선 점검 후보
2024-01-15,AST-4055,A2,17,9.155031382407438,0.2967869355986061,0.2290185801241384,MRO-20032;MRO-10045;MRO-20031,MRO-10045;MRO-20031;MRO-80001,Screw Compressor,DHR-03,selection,12,high_risk,risk,approved_on_validation,우선 점검 후보
2024-01-15,AST-4061,A2,7,6.996870472943632,0.1566279041985017,0.1041199583331903,MRO-10046;MRO-10047;MRO-20031,MRO-10046;MRO-10047;MRO-20031,Screw Compressor,DHR-03,selection,12,risk,risk,approved_on_validation,우선 점검 후보
2024-01-15,AST-5003,A2,4,7.75090106587803,0.2027972945948875,0.1409412139203858,MRO-10047;MRO-10046;MRO-20031,MRO-10047;MRO-10046;MRO-20031,EOT Crane,DHR-03,selection,12,caution,risk,approved_on_validation,우선 점검 후보
2024-01-15,AST-5007,A2,0,5.968413623258336,0.1004937402886605,0.0626998925810206,MRO-10045;MRO-80001;MRO-10047,MRO-10045;MRO-80001;MRO-10047,EOT Crane,PUN-01,selection,12,normal,risk,approved_on_validation,우선 점검 후보
2024-01-16,AST-1041,A2,15,6.873477883972923,0.1467620322399552,0.099342062576132,MRO-80001;MRO-10047;MRO-10046,MRO-80001;MRO-10047;MRO-10046,CNC Lathe,PUN-01,selection,12,high_risk,risk,approved_on_validation,우선 점검 후보
2024-01-16,AST-1042,A2,8,6.799196548425066,0.1449318765390067,0.0957589514636523,MRO-10046;MRO-80001;MRO-10045,MRO-10046;MRO-80001;MRO-10045,CNC Lathe,PUN-01,selection,12,risk,risk,approved_on_validation,우선 점검 후보
2024-01-16,AST-2017,A2,7,8.39526026646295,0.2463755702694426,0.1806893597735365,MRO-10045;MRO-20031;MRO-10047,MRO-10045;MRO-20031;MRO-10047,Hydraulic Press,PUN-01,selection,12,risk,risk,approved_on_validation,우선 점검 후보
2024-01-16,AST-2031,A2,13,7.639293963003592,0.1960364493014329,0.1366659956087967,MRO-10046;MRO-10045;MRO-20031,MRO-10046;MRO-10045;MRO-20031,Hydraulic Press,CHN-02,selection,12,high_risk,risk,approved_on_validation,우선 점검 후보
2024-01-16,AST-3008,A2,13,7.399712327869384,0.1803349818546925,0.1238232502263112,MRO-10045;MRO-80001;MRO-10046,MRO-10045;MRO-80001;MRO-10046,Belt Conveyor,CHN-02,selection,12,high_risk,risk,approved_on_validation,우선 점검 후보
2024-01-16,AST-3019,A2,4,6.947415910460981,0.1411103931229957,0.0994552227121197,MRO-90012;MRO-70005;MRO-10045,MRO-10045;MRO-80001;MRO-20031,Belt Conveyor,CHN-02,selection,12,caution,risk,approved_on_validation,우선 점검 후보
2024-01-16,AST-4055,A2,4,8.46288526212026,0.2521667612785415,0.1843561950732118,MRO-10046;MRO-80001;MRO-10045,MRO-10046;MRO-80001;MRO-10045,Screw Compressor,DHR-03,selection,12,caution,risk,approved_on_validation,우선 점검 후보
2024-01-16,AST-4061,A2,13,7.679319031920742,0.1986220097012898,0.1400094876449818,MRO-10046;MRO-10047;MRO-20031,MRO-10046;MRO-10047;MRO-20031,Screw Compressor,DHR-03,selection,12,high_risk,risk,approved_on_validation,우선 점검 후보
2024-01-16,AST-5003,A2,3,7.794459195993358,0.2020338663984618,0.1449880534977962,MRO-20031;MRO-80001;MRO-90012,MRO-20031;MRO-80001;MRO-10046,EOT Crane,DHR-03,selection,12,caution,risk,approved_on_validation,우선 점검 후보
2024-01-16,AST-5007,A2,12,6.682010284754077,0.1374717850955673,0.0904489447484013,MRO-80001;MRO-50009;MRO-10045,MRO-80001;MRO-50009;MRO-10045,EOT Crane,PUN-01,selection,12,high_risk,risk,approved_on_validation,우선 점검 후보
2024-01-17,AST-1041,A2,8,7.273507497865808,0.1733106873646616,0.1177707867183702,MRO-10046;MRO-20031;MRO-80001,MRO-10046;MRO-20031;MRO-80001,CNC Lathe,PUN-01,selection,12,risk,risk,approved_on_validation,우선 점검 후보
2024-01-17,AST-1042,A2,5,6.520578958068114,0.1307777143617066,0.0839560515622647,MRO-80001;MRO-10046;MRO-10047,MRO-80001;MRO-10046;MRO-10047,CNC Lathe,PUN-01,selection,12,caution,risk,approved_on_validation,우선 점검 후보
2024-01-17,AST-2017,A2,10,8.504911873205515,0.2551334768913562,0.1869774786120625,MRO-80001;MRO-10047;MRO-20031,MRO-80001;MRO-10047;MRO-20031,Hydraulic Press,PUN-01,selection,12,risk,risk,approved_on_validation,우선 점검 후보
2024-01-17,AST-2031,A2,11,7.952049904997034,0.217407732369333,0.1539294512229768,MRO-10045;MRO-80001;MRO-20031,MRO-10045;MRO-80001;MRO-20031,Hydraulic Press,CHN-02,selection,12,risk,risk,approved_on_validation,우선 점검 후보
2024-01-17,AST-3008,A2,7,7.340923221579819,0.1766144460825679,0.1229456028749751,MRO-10047;MRO-10045;MRO-10046,MRO-10047;MRO-10045;MRO-10046,Belt Conveyor,CHN-02,selection,12,risk,risk,approved_on_validation,우선 점검 후보
2024-01-17,AST-3019,A2,0,6.207402365287502,0.1125617970634808,0.0722001592976828,MRO-10045;MRO-80001;MRO-20031,MRO-10045;MRO-80001;MRO-20031,Belt Conveyor,CHN-02,selection,12,normal,risk,approved_on_validation,우선 점검 후보
2024-01-17,AST-4055,A2,7,8.309141162633646,0.2421350860815788,0.1745912364450554,MRO-10046;MRO-80001;MRO-10045,MRO-10046;MRO-80001;MRO-10045,Screw Compressor,DHR-03,selection,12,risk,risk,approved_on_validation,우선 점검 후보
2024-01-17,AST-4061,A2,5,7.3517900648156065,0.1778093711809929,0.1202637978381394,MRO-40022;MRO-50009;MRO-10045,MRO-50009;MRO-10045;MRO-10046,Screw Compressor,DHR-03,selection,12,caution,risk,approved_on_validation,우선 점검 후보
2024-01-17,AST-5003,A2,14,8.489754407109697,0.2530024709269767,0.185708467244945,MRO-10045;MRO-10046;MRO-20031,MRO-10045;MRO-10046;MRO-20031,EOT Crane,DHR-03,selection,12,high_risk,risk,approved_on_validation,우선 점검 후보
2024-01-17,AST-5007,A2,1,6.059891446539009,0.1052008338431702,0.0662177835452706,MRO-10045;MRO-10047;MRO-80001,MRO-10045;MRO-10047;MRO-80001,EOT Crane,PUN-01,selection,12,caution,risk,approved_on_validation,우선 점검 후보
2024-01-18,AST-1041,A2,7,7.337890640308276,0.1743071515608399,0.1182584629042089,MRO-30011;MRO-10047;MRO-40021,MRO-10047;MRO-80001;MRO-10046,CNC Lathe,PUN-01,selection,12,risk,risk,approved_on_validation,우선 점검 후보
2024-01-18,AST-1042,A2,10,7.782050737148696,0.2037124289596796,0.1451592418863313,MRO-80001;MRO-10046;MRO-20031,MRO-80001;MRO-10046;MRO-20031,CNC Lathe,PUN-01,selection,12,risk,risk,approved_on_validation,우선 점검 후보
2024-01-18,AST-2017,A2,11,8.789140066732628,0.277137295406931,0.2041199945478663,MRO-10046;MRO-10045;MRO-50009,MRO-10046;MRO-10045;MRO-50009,Hydraulic Press,PUN-01,selection,12,risk,risk,approved_on_validation,우선 점검 후보
2024-01-18,AST-2031,A2,10,8.084932289569199,0.2263594200646589,0.1626743376762376,MRO-10046;MRO-50009;MRO-80001,MRO-10046;MRO-50009;MRO-80001,Hydraulic Press,CHN-02,selection,12,risk,risk,approved_on_validation,우선 점검 후보
2024-01-18,AST-3008,A2,9,6.623451124969084,0.1309523630459755,0.0860397903193532,MRO-50008;MRO-10045;MRO-80001,MRO-10045;MRO-80001;MRO-10046,Belt Conveyor,CHN-02,selection,12,risk,risk,approved_on_validation,우선 점검 후보
2024-01-18,AST-3019,A2,2,6.4068634318406295,0.1244317135697269,0.0795052069349995,MRO-20031;MRO-10047;MRO-10045,MRO-20031;MRO-10047;MRO-10045,Belt Conveyor,CHN-02,selection,12,caution,risk,approved_on_validation,우선 점검 후보
2024-01-18,AST-4055,A2,5,8.15511601698631,0.2295946236974807,0.165131162666104,MRO-50009;MRO-10047;MRO-20031,MRO-50009;MRO-10047;MRO-20031,Screw Compressor,DHR-03,selection,12,caution,risk,approved_on_validation,우선 점검 후보
2024-01-18,AST-4061,A2,6,6.928530184178718,0.152108854703752,0.1015716663585527,MRO-10047;MRO-20031;MRO-10046,MRO-10047;MRO-20031;MRO-10046,Screw Compressor,DHR-03,selection,12,risk,risk,approved_on_validation,우선 점검 후보
2024-01-18,AST-5003,A2,9,8.533257553355131,0.2550930516577024,0.188091252119969,MRO-10046;MRO-10045;MRO-80001,MRO-10046;MRO-10045;MRO-80001,EOT Crane,DHR-03,selection,12,risk,risk,approved_on_validation,우선 점검 후보
2024-01-18,AST-5007,A2,9,5.723820418925971,0.0837617534549707,0.0524582968035051,MRO-40022;MRO-30011;MRO-80001,MRO-80001;MRO-50009;MRO-10045,EOT Crane,PUN-01,selection,12,risk,caution,approved_on_validation,우선 점검 후보
2024-01-19,AST-1041,A2,8,7.498984563762857,0.1869935238404218,0.1297868550425247,MRO-10045;MRO-80001;MRO-20031,MRO-10045;MRO-80001;MRO-20031,CNC Lathe,PUN-01,selection,12,risk,risk,approved_on_validation,우선 점검 후보
2024-01-19,AST-1042,A2,10,7.609070173186624,0.1938121413772885,0.1339935534646486,MRO-50009;MRO-10045;MRO-80001,MRO-50009;MRO-10045;MRO-80001,CNC Lathe,PUN-01,selection,12,risk,risk,approved_on_validation,우선 점검 후보
2024-01-19,AST-2017,A2,16,9.129055438225842,0.3019692829531337,0.2274583192082626,MRO-20031;MRO-10047;MRO-50009,MRO-20031;MRO-10047;MRO-50009,Hydraulic Press,PUN-01,selection,12,high_risk,risk,approved_on_validation,우선 점검 후보
2024-01-19,AST-2031,A2,14,7.8740733119105935,0.2136707765743497,0.1499519163676099,MRO-10045;MRO-10047;MRO-10046,MRO-10045;MRO-10047;MRO-10046,Hydraulic Press,CHN-02,selection,12,high_risk,risk,approved_on_validation,우선 점검 후보
2024-01-19,AST-3008,A2,13,6.725151225778839,0.1371755703143786,0.0909152637863742,MRO-10045;MRO-10046;MRO-50009,MRO-10045;MRO-10046;MRO-50009,Belt Conveyor,CHN-02,selection,12,high_risk,risk,approved_on_validation,우선 점검 후보
2024-01-19,AST-3019,A2,0,5.842674019557613,0.0954337101449405,0.0587492541884294,MRO-20031;MRO-10047;MRO-10045,MRO-20031;MRO-10047;MRO-10045,Belt Conveyor,CHN-02,selection,12,normal,risk,approved_on_validation,우선 점검 후보
2024-01-19,AST-4055,A2,20,8.603690890142836,0.264099536556347,0.192562282685075,MRO-20031;MRO-80001;MRO-10045,MRO-20031;MRO-80001;MRO-10045,Screw Compressor,DHR-03,selection,12,high_risk,risk,approved_on_validation,우선 점검 후보
2024-01-19,AST-4061,A2,8,8.563775813825922,0.2615399769626088,0.1896925498439278,MRO-10046;MRO-10047;MRO-20031,MRO-10046;MRO-10047;MRO-20031,Screw Compressor,DHR-03,selection,12,risk,risk,approved_on_validation,우선 점검 후보
2024-01-19,AST-5003,A2,8,8.10277576642933,0.2244332645674902,0.1625470297169857,MRO-10046;MRO-10045;MRO-80001,MRO-10046;MRO-10045;MRO-80001,EOT Crane,DHR-03,selection,12,risk,risk,approved_on_validation,우선 점검 후보
2024-01-19,AST-5007,A2,12,6.525322483796083,0.1301632408617354,0.084184037511034,MRO-80001;MRO-10045;MRO-10047,MRO-80001;MRO-10045;MRO-10047,EOT Crane,PUN-01,selection,12,high_risk,risk,approved_on_validation,우선 점검 후보
2024-01-20,AST-1041,A2,0,0.0032556684293348,6.687238558246259e-12,6.8171352927929536e-15,MRO-70005;MRO-20031;MRO-10045,MRO-20031;MRO-10045;MRO-10047,CNC Lathe,PUN-01,selection,12,normal,normal,approved_on_validation,우선 점검 후보
2024-01-20,AST-1042,A2,0,0.0035118436688032,6.694929646255629e-12,7.658794096902962e-15,MRO-40022;MRO-60015;MRO-80002,MRO-50009;MRO-10045;MRO-10047,CNC Lathe,PUN-01,selection,12,normal,normal,approved_on_validation,우선 점검 후보
2024-01-20,AST-2017,A2,0,0.0035355208347811,8.239066081958998e-12,9.358208771686103e-15,MRO-70005;MRO-60015;MRO-60016,MRO-80001;MRO-20031;MRO-10046,Hydraulic Press,PUN-01,selection,12,normal,normal,approved_on_validation,우선 점검 후보
2024-01-20,AST-2031,A2,0,0.0032353363106136,6.559389867792636e-12,6.6292082441315365e-15,MRO-10046;MRO-20031;MRO-20033,MRO-10046;MRO-20031;MRO-50009,Hydraulic Press,CHN-02,selection,12,normal,normal,approved_on_validation,우선 점검 후보
2024-01-20,AST-3008,A2,0,0.0033513944670856,6.579888448156794e-12,7.412500676448691e-15,MRO-70005;MRO-10045;MRO-10047,MRO-10045;MRO-10047;MRO-20031,Belt Conveyor,CHN-02,selection,12,normal,normal,approved_on_validation,우선 점검 후보
2024-01-20,AST-3019,A2,0,0.00327625574996,6.275444238154648e-12,6.82661803180808e-15,MRO-20032;MRO-70005;MRO-90012,MRO-10045;MRO-10046;MRO-10047,Belt Conveyor,CHN-02,selection,12,normal,normal,approved_on_validation,우선 점검 후보
2024-01-20,AST-4055,A2,0,0.003404633938096,8.184629656804943e-12,8.493648155963067e-15,MRO-10046;MRO-80001;MRO-20033,MRO-10046;MRO-80001;MRO-10045,Screw Compressor,DHR-03,selection,12,normal,normal,approved_on_validation,우선 점검 후보
2024-01-20,AST-4061,A2,0,0.0033465392581426,7.719912169102925e-12,7.903418552083605e-15,MRO-10046;MRO-10045;MRO-10047,MRO-10046;MRO-10045;MRO-10047,Screw Compressor,DHR-03,selection,12,normal,normal,approved_on_validation,우선 점검 후보
2024-01-20,AST-5003,A2,0,0.0031500869039486,6.0670474528312436e-12,5.9762094759681866e-15,MRO-20031;MRO-70005;MRO-10046,MRO-20031;MRO-10046;MRO-10047,EOT Crane,DHR-03,selection,12,normal,normal,approved_on_validation,우선 점검 후보
2024-01-20,AST-5007,A2,0,0.0033731132096505,7.021304036962555e-12,7.739398134706251e-15,MRO-70005;MRO-10047;MRO-80001,MRO-10047;MRO-80001;MRO-10045,EOT Crane,PUN-01,selection,12,normal,normal,approved_on_validation,우선 점검 후보
2024-01-21,AST-1041,A2,0,0.0032530571960076,6.643633182509541e-12,6.766178994448107e-15,MRO-70005;MRO-10045;MRO-10047,MRO-10045;MRO-10047;MRO-50009,CNC Lathe,PUN-01,selection,12,normal,normal,approved_on_validation,우선 점검 후보
2024-01-21,AST-1042,A2,0,0.0032497946712288,6.694384178488795e-12,6.772203846225812e-15,MRO-10045;MRO-10046;MRO-10047,MRO-10045;MRO-10046;MRO-10047,CNC Lathe,PUN-01,selection,12,normal,normal,approved_on_validation,우선 점검 후보
2024-01-21,AST-2017,A2,0,0.0032178230498762,7.110683341201749e-12,6.9823465284193446e-15,MRO-20031;MRO-10047;MRO-10046,MRO-20031;MRO-10047;MRO-10046,Hydraulic Press,PUN-01,selection,12,normal,normal,approved_on_validation,우선 점검 후보
2024-01-21,AST-2031,A2,0,0.0034199173621247,7.904759761158782e-12,8.45727230493535e-15,MRO-70005;MRO-10045;MRO-10047,MRO-10045;MRO-10047;MRO-80001,Hydraulic Press,CHN-02,selection,12,normal,normal,approved_on_validation,우선 점검 후보
2024-01-21,AST-3008,A2,0,0.003321684038843,6.150610142232436e-12,6.955701921894529e-15,MRO-70005;MRO-70004;MRO-10047,MRO-10047;MRO-20031;MRO-50009,Belt Conveyor,CHN-02,selection,12,normal,normal,approved_on_validation,우선 점검 후보
2024-01-21,AST-3019,A2,0,0.003339114466809,7.62381470032562e-12,7.886319480700521e-15,MRO-90012;MRO-10045;MRO-20031,MRO-10045;MRO-20031;MRO-50009,Belt Conveyor,CHN-02,selection,12,normal,normal,approved_on_validation,우선 점검 후보
2024-01-21,AST-4055,A2,0,0.0032651324685325,6.7573520225074835e-12,6.8867581328864265e-15,MRO-10046;MRO-80001;MRO-20033,MRO-10046;MRO-80001;MRO-10045,Screw Compressor,DHR-03,selection,12,normal,normal,approved_on_validation,우선 점검 후보
2024-01-21,AST-4061,A2,0,0.0031542103705744,6.70029150309245e-12,6.467381321768087e-15,MRO-70005;MRO-10046;MRO-90011,MRO-10046;MRO-10045;MRO-10047,Screw Compressor,DHR-03,selection,12,normal,normal,approved_on_validation,우선 점검 후보
2024-01-21,AST-5003,A2,0,0.0037024944808852,1.1098912981827808e-11,1.2934600157993584e-14,MRO-70005;MRO-10045;MRO-80001,MRO-10045;MRO-80001;MRO-20031,EOT Crane,DHR-03,selection,12,normal,normal,approved_on_validation,우선 점검 후보
2024-01-21,AST-5007,A2,0,0.0033068021240913,7.178854635553494e-12,7.322685901692132e-15,MRO-10047;MRO-80001;MRO-30012,MRO-10047;MRO-80001;MRO-10045,EOT Crane,PUN-01,selection,12,normal,normal,approved_on_validation,우선 점검 후보
2024-01-22,AST-1041,A2,11,7.1693942397691615,0.1654736480504417,0.111713483741128,MRO-10045;MRO-80001;MRO-80002,MRO-10045;MRO-80001;MRO-10047,CNC Lathe,PUN-01,selection,12,risk,risk,approved_on_validation,우선 점검 후보
2024-01-22,AST-1042,A2,2,7.10493127606327,0.1625213808852861,0.1091482256005953,MRO-10046;MRO-50009;MRO-80001,MRO-10046;MRO-50009;MRO-80001,CNC Lathe,PUN-01,selection,12,caution,risk,approved_on_validation,우선 점검 후보
2024-01-22,AST-2017,A2,7,8.479298891748352,0.2549156349391441,0.1855262136542461,MRO-80001;MRO-10046;MRO-10047,MRO-80001;MRO-10046;MRO-10047,Hydraulic Press,PUN-01,selection,12,risk,risk,approved_on_validation,우선 점검 후보
2024-01-22,AST-2031,A2,10,8.055543838959126,0.2242689135206759,0.1598743166018608,MRO-10046;MRO-10045;MRO-80001,MRO-10046;MRO-10045;MRO-80001,Hydraulic Press,CHN-02,selection,12,risk,risk,approved_on_validation,우선 점검 후보
2024-01-22,AST-3008,A2,1,7.345931992290693,0.1749867942590948,0.1213768266734301,MRO-10046;MRO-20031;MRO-10047,MRO-10046;MRO-20031;MRO-10047,Belt Conveyor,CHN-02,selection,12,caution,risk,approved_on_validation,우선 점검 후보
2024-01-22,AST-3019,A2,5,6.104745542737645,0.105208497082666,0.0683353779291683,MRO-80001;MRO-20031;MRO-10045,MRO-80001;MRO-20031;MRO-10045,Belt Conveyor,CHN-02,selection,12,caution,risk,approved_on_validation,우선 점검 후보
2024-01-22,AST-4055,A2,6,8.268324661424094,0.2381261717928577,0.1716447220152901,MRO-10045;MRO-10047;MRO-20031,MRO-10045;MRO-10047;MRO-20031,Screw Compressor,DHR-03,selection,12,risk,risk,approved_on_validation,우선 점검 후보
2024-01-22,AST-4061,A2,8,7.166493733706102,0.1630458755360079,0.113002733320244,MRO-10045;MRO-50009;MRO-10047,MRO-10045;MRO-50009;MRO-10047,Screw Compressor,DHR-03,selection,12,risk,risk,approved_on_validation,우선 점검 후보
2024-01-22,AST-5003,A2,8,7.478249318630272,0.1845125820956515,0.126779007815941,MRO-50009;MRO-60016;MRO-10047,MRO-50009;MRO-10047;MRO-20031,EOT Crane,DHR-03,selection,12,risk,risk,approved_on_validation,우선 점검 후보
2024-01-22,AST-5007,A2,4,7.496641749403831,0.1702168283648982,0.1233368733207516,MRO-70005;MRO-30012;MRO-20032,MRO-10047;MRO-80001;MRO-10046,EOT Crane,PUN-01,selection,12,caution,risk,approved_on_validation,우선 점검 후보
2024-01-23,AST-1041,A2,1,6.500820565490581,0.1252675607379343,0.0823997530701659,MRO-10047;MRO-50009;MRO-30011,MRO-10047;MRO-50009;MRO-10045,CNC Lathe,PUN-01,selection,12,caution,risk,approved_on_validation,우선 점검 후보
2024-01-23,AST-1042,A2,14,6.883563431262984,0.1492744809883803,0.0993107544982775,MRO-10046;MRO-80001;MRO-10045,MRO-10046;MRO-80001;MRO-10045,CNC Lathe,PUN-01,selection,12,high_risk,risk,approved_on_validation,우선 점검 후보
2024-01-23,AST-2017,A2,12,9.853402197050132,0.3458408197742988,0.2760339080570653,MRO-90012;MRO-20031;MRO-40021,MRO-20031;MRO-10047;MRO-10046,Hydraulic Press,PUN-01,selection,12,high_risk,risk,approved_on_validation,우선 점검 후보
2024-01-23,AST-2031,A2,17,8.380439985046914,0.247729441885153,0.1793115587841551,MRO-10045;MRO-10047;MRO-10046,MRO-10045;MRO-10047;MRO-10046,Hydraulic Press,CHN-02,selection,12,high_risk,risk,approved_on_validation,우선 점검 후보
2024-01-23,AST-3008,A2,11,7.723641138235024,0.198679808820542,0.1405556794055973,MRO-50009;MRO-10045;MRO-10046,MRO-50009;MRO-10045;MRO-10046,Belt Conveyor,CHN-02,selection,12,risk,risk,approved_on_validation,우선 점검 후보
2024-01-23,AST-3019,A2,1,5.6320509947345565,0.0857129807817761,0.0520441025464392,MRO-10046;MRO-10047;MRO-20031,MRO-10046;MRO-10047;MRO-20031,Belt Conveyor,CHN-02,selection,12,caution,caution,approved_on_validation,우선 점검 후보
2024-01-23,AST-4055,A2,14,8.56588385060535,0.258483888554234,0.1915077949302065,MRO-10046;MRO-10045;MRO-10047,MRO-10046;MRO-10045;MRO-10047,Screw Compressor,DHR-03,selection,12,high_risk,risk,approved_on_validation,우선 점검 후보
2024-01-23,AST-4061,A2,14,7.419570074919516,0.1831341462254568,0.1251461260205187,MRO-10047;MRO-10045;MRO-10046,MRO-10047;MRO-10045;MRO-10046,Screw Compressor,DHR-03,selection,12,high_risk,risk,approved_on_validation,우선 점검 후보
2024-01-23,AST-5003,A2,14,8.61595200634363,0.2641668056538891,0.1960254352720636,MRO-10046;MRO-50009;MRO-80001,MRO-10046;MRO-50009;MRO-80001,EOT Crane,DHR-03,selection,12,high_risk,risk,approved_on_validation,우선 점검 후보
2024-01-23,AST-5007,A2,2,5.7896712884570505,0.0907576147604209,0.056166799385954,MRO-10046;MRO-50009;MRO-10047,MRO-10046;MRO-50009;MRO-10047,EOT Crane,PUN-01,selection,12,caution,caution,approved_on_validation,우선 점검 후보
2024-01-24,AST-1041,A2,10,6.894998298808853,0.1452758029028778,0.0994875111980324,MRO-80001;MRO-20033;MRO-10045,MRO-80001;MRO-10045;MRO-10046,CNC Lathe,PUN-01,selection,12,risk,risk,approved_on_validation,우선 점검 후보
2024-01-24,AST-1042,A2,4,6.837167306987247,0.1480405120910121,0.0975858893862132,MRO-20031;MRO-50009;MRO-10046,MRO-20031;MRO-50009;MRO-10046,CNC Lathe,PUN-01,selection,12,caution,risk,approved_on_validation,우선 점검 후보
2024-01-24,AST-2017,A2,10,9.424748197199747,0.322670417496106,0.2470517770233259,MRO-10047;MRO-20031;MRO-80001,MRO-10047;MRO-20031;MRO-80001,Hydraulic Press,PUN-01,selection,12,risk,risk,approved_on_validation,우선 점검 후보
2024-01-24,AST-2031,A2,4,7.994504882839704,0.2213403090544864,0.1564493547305095,MRO-10045;MRO-10046;MRO-20031,MRO-10045;MRO-10046;MRO-20031,Hydraulic Press,CHN-02,selection,12,caution,risk,approved_on_validation,우선 점검 후보
2024-01-24,AST-3008,A2,7,7.317136147136281,0.1753862490210793,0.1196529590062155,MRO-10045;MRO-10046;MRO-80001,MRO-10045;MRO-10046;MRO-80001,Belt Conveyor,CHN-02,selection,12,risk,risk,approved_on_validation,우선 점검 후보
2024-01-24,AST-3019,A2,12,6.164831426415839,0.1103291853121359,0.0698119117269301,MRO-10047;MRO-20031;MRO-10046,MRO-10047;MRO-20031;MRO-10046,Belt Conveyor,CHN-02,selection,12,high_risk,risk,approved_on_validation,우선 점검 후보
2024-01-24,AST-4055,A2,2,8.904545924531279,0.2858024282421164,0.2113766066869924,MRO-10046;MRO-10045;MRO-20031,MRO-10046;MRO-10045;MRO-20031,Screw Compressor,DHR-03,selection,12,caution,risk,approved_on_validation,우선 점검 후보
2024-01-24,AST-4061,A2,8,6.914773382403601,0.1512957491831021,0.1006488577276285,MRO-10045;MRO-10047;MRO-10046,MRO-10045;MRO-10047;MRO-10046,Screw Compressor,DHR-03,selection,12,risk,risk,approved_on_validation,우선 점검 후보
2024-01-24,AST-5003,A2,4,8.158937613370117,0.2280466868605352,0.1660883396281419,MRO-10046;MRO-10047;MRO-50009,MRO-10046;MRO-10047;MRO-50009,EOT Crane,DHR-03,selection,12,caution,risk,approved_on_validation,우선 점검 후보
2024-01-24,AST-5007,A2,7,5.274832153264914,0.0662971837228465,0.039877665626881,MRO-80002;MRO-50009;MRO-20031,MRO-50009;MRO-20031;MRO-10047,EOT Crane,PUN-01,selection,12,risk,caution,approved_on_validation,우선 점검 후보
2024-01-25,AST-1041,A2,6,6.662303125500252,0.1373203335374323,0.0889773688618811,MRO-50009;MRO-10047;MRO-10045,MRO-50009;MRO-10047;MRO-10045,CNC Lathe,PUN-01,selection,12,risk,risk,approved_on_validation,우선 점검 후보
2024-01-25,AST-1042,A2,9,6.874089113806712,0.1501543984401734,0.0995533479924499,MRO-50009;MRO-20031;MRO-10046,MRO-50009;MRO-20031;MRO-10046,CNC Lathe,PUN-01,selection,12,risk,risk,approved_on_validation,우선 점검 후보
2024-01-25,AST-2017,A2,9,8.944914140080455,0.2890215346839865,0.2132023382047998,MRO-10047;MRO-20031;MRO-80001,MRO-10047;MRO-20031;MRO-80001,Hydraulic Press,PUN-01,selection,12,risk,risk,approved_on_validation,우선 점검 후보
2024-01-25,AST-2031,A2,2,6.878822852176459,0.1488404048277575,0.1004159934869297,MRO-10045;MRO-10047;MRO-80001,MRO-10045;MRO-10047;MRO-80001,Hydraulic Press,CHN-02,selection,12,caution,risk,approved_on_validation,우선 점검 후보
2024-01-25,AST-3008,A2,5,7.119709701341178,0.1616768870878807,0.1096468405846114,MRO-10046;MRO-20031;MRO-10047,MRO-10046;MRO-20031;MRO-10047,Belt Conveyor,CHN-02,selection,12,caution,risk,approved_on_validation,우선 점검 후보
2024-01-25,AST-3019,A2,6,6.108609851832978,0.1087657654504995,0.0681438960534615,MRO-10047;MRO-10046;MRO-20031,MRO-10047;MRO-10046;MRO-20031,Belt Conveyor,CHN-02,selection,12,risk,risk,approved_on_validation,우선 점검 후보
2024-01-25,AST-4055,A2,13,8.867526315451094,0.2793457762358552,0.2109201753126072,MRO-20032;MRO-10046;MRO-10047,MRO-10046;MRO-10047;MRO-80001,Screw Compressor,DHR-03,selection,12,high_risk,risk,approved_on_validation,우선 점검 후보
2024-01-25,AST-4061,A2,8,8.139707581000614,0.2302301195720063,0.164537335451099,MRO-10045;MRO-10046;MRO-80001,MRO-10045;MRO-10046;MRO-80001,Screw Compressor,DHR-03,selection,12,risk,risk,approved_on_validation,우선 점검 후보
2024-01-25,AST-5003,A2,13,9.603087408698435,0.338548633322344,0.2606208581980389,MRO-10045;MRO-80001;MRO-10046,MRO-10045;MRO-80001;MRO-10046,EOT Crane,DHR-03,selection,12,high_risk,risk,approved_on_validation,우선 점검 후보
2024-01-25,AST-5007,A2,5,5.676933468343079,0.084874343049266,0.0525224003580003,MRO-10045;MRO-60015;MRO-10047,MRO-10045;MRO-10047;MRO-50009,EOT Crane,PUN-01,selection,12,caution,caution,approved_on_validation,우선 점검 후보
2024-01-26,AST-1041,A2,9,6.787450565509423,0.1423024255272323,0.0949026648201435,MRO-10047;MRO-80001;MRO-10045,MRO-10047;MRO-80001;MRO-10045,CNC Lathe,PUN-01,selection,12,risk,risk,approved_on_validation,우선 점검 후보
2024-01-26,AST-1042,A2,4,6.343311466562715,0.1237606252877588,0.0766378552687472,MRO-20031;MRO-10046;MRO-80001,MRO-20031;MRO-10046;MRO-80001,CNC Lathe,PUN-01,selection,12,caution,risk,approved_on_validation,우선 점검 후보
2024-01-26,AST-2017,A2,10,8.691578452688887,0.2702124644007166,0.1983261282907928,MRO-80001;MRO-20031;MRO-10047,MRO-80001;MRO-20031;MRO-10047,Hydraulic Press,PUN-01,selection,12,risk,risk,approved_on_validation,우선 점검 후보
2024-01-26,AST-2031,A2,16,9.557417967353675,0.3344522545160955,0.2576632178593405,MRO-10045;MRO-10046;MRO-20031,MRO-10045;MRO-10046;MRO-20031,Hydraulic Press,CHN-02,selection,12,high_risk,risk,approved_on_validation,우선 점검 후보
2024-01-26,AST-3008,A2,4,6.825246222824469,0.1454838049224942,0.0960449948733466,MRO-80001;MRO-10046;MRO-10047,MRO-80001;MRO-10046;MRO-10047,Belt Conveyor,CHN-02,selection,12,caution,risk,approved_on_validation,우선 점검 후보
2024-01-26,AST-3019,A2,0,5.796012826849703,0.0930794624314926,0.0568557265484044,MRO-20031;MRO-50009;MRO-10045,MRO-20031;MRO-50009;MRO-10045,Belt Conveyor,CHN-02,selection,12,normal,risk,approved_on_validation,우선 점검 후보
2024-01-26,AST-4055,A2,13,8.203896383129246,0.2305830322600602,0.1677097413091017,MRO-50009;MRO-20031;MRO-20032,MRO-50009;MRO-20031;MRO-80001,Screw Compressor,DHR-03,selection,12,high_risk,risk,approved_on_validation,우선 점검 후보
2024-01-26,AST-4061,A2,16,7.902686951271445,0.2190204196911065,0.1507537738843327,MRO-50009;MRO-10045;MRO-20031,MRO-50009;MRO-10045;MRO-20031,Screw Compressor,DHR-03,selection,12,high_risk,risk,approved_on_validation,우선 점검 후보
2024-01-26,AST-5003,A2,3,8.10998196342669,0.2279537220537267,0.1623566920686746,MRO-10046;MRO-10047;MRO-50009,MRO-10046;MRO-10047;MRO-50009,EOT Crane,DHR-03,selection,12,caution,risk,approved_on_validation,우선 점검 후보
2024-01-26,AST-5007,A2,0,5.931103121897391,0.0981327581735013,0.0615024332272266,MRO-10045;MRO-10047;MRO-50009,MRO-10045;MRO-10047;MRO-50009,EOT Crane,PUN-01,selection,12,normal,risk,approved_on_validation,우선 점검 후보
2024-01-27,AST-1041,A2,0,0.0032493897105825,6.738733450931547e-12,6.774027083514762e-15,MRO-70005;MRO-20031;MRO-10046,MRO-20031;MRO-10046;MRO-10047,CNC Lathe,PUN-01,selection,12,normal,normal,approved_on_validation,우선 점검 후보
2024-01-27,AST-1042,A2,0,0.0033363113525623,7.650705338289899e-12,7.842678153925143e-15,MRO-10047;MRO-50009;MRO-90012,MRO-10047;MRO-50009;MRO-80001,CNC Lathe,PUN-01,selection,12,normal,normal,approved_on_validation,우선 점검 후보
2024-01-27,AST-2017,A2,0,0.003262294251992,7.353805878873236e-12,7.305129501256082e-15,MRO-20031;MRO-10047;MRO-30012,MRO-20031;MRO-10047;MRO-10045,Hydraulic Press,PUN-01,selection,12,normal,normal,approved_on_validation,우선 점검 후보
2024-01-27,AST-2031,A2,0,0.0033566018331619,8.056775754859018e-12,8.134254412035512e-15,MRO-10045;MRO-10046;MRO-20031,MRO-10045;MRO-10046;MRO-20031,Hydraulic Press,CHN-02,selection,12,normal,normal,approved_on_validation,우선 점검 후보
2024-01-27,AST-3008,A2,0,0.0032397282853643,5.2279679334665215e-12,5.906375744088921e-15,MRO-70005;MRO-70004;MRO-10046,MRO-10046;MRO-10047;MRO-50009,Belt Conveyor,CHN-02,selection,12,normal,normal,approved_on_validation,우선 점검 후보
2024-01-27,AST-3019,A2,0,0.0032484654734314,6.606233291964368e-12,6.7369300789331575e-15,MRO-90011;MRO-10045;MRO-10046,MRO-10045;MRO-10046;MRO-10047,Belt Conveyor,CHN-02,selection,12,normal,normal,approved_on_validation,우선 점검 후보
2024-01-27,AST-4055,A2,0,0.0032520557807147,6.6304411445682474e-12,6.762209317314828e-15,MRO-70005;MRO-10045;MRO-20031,MRO-10045;MRO-20031;MRO-80001,Screw Compressor,DHR-03,selection,12,normal,normal,approved_on_validation,우선 점검 후보
2024-01-27,AST-4061,A2,0,0.0033798468086155,7.293511958957202e-12,7.995042749365982e-15,MRO-70005;MRO-10045;MRO-10046,MRO-10045;MRO-10046;MRO-20031,Screw Compressor,DHR-03,selection,12,normal,normal,approved_on_validation,우선 점검 후보
2024-01-27,AST-5003,A2,0,0.0036546137513539,1.0597962762792092e-11,1.1433484059583746e-14,MRO-80002;MRO-10045;MRO-80001,MRO-10045;MRO-80001;MRO-10046,EOT Crane,DHR-03,selection,12,normal,normal,approved_on_validation,우선 점검 후보
2024-01-27,AST-5007,A2,0,0.0033289583192209,6.701280850253978e-12,7.338400634095997e-15,MRO-70005;MRO-20033;MRO-60015,MRO-10045;MRO-10046;MRO-10047,EOT Crane,PUN-01,selection,12,normal,normal,approved_on_validation,우선 점검 후보
2024-01-28,AST-1041,A2,0,0.0032524339860039,6.6436331748321036e-12,6.762042547164134e-15,MRO-70005;MRO-10046;MRO-10047,MRO-10046;MRO-10047;MRO-50009,CNC Lathe,PUN-01,selection,12,normal,normal,approved_on_validation,우선 점검 후보
2024-01-28,AST-1042,A2,0,0.0032549247094896,6.6944018788183446e-12,6.803569318691091e-15,MRO-10045;MRO-10046;MRO-10047,MRO-10045;MRO-10046;MRO-10047,CNC Lathe,PUN-01,selection,12,normal,normal,approved_on_validation,우선 점검 후보
2024-01-28,AST-2017,A2,0,0.0033316361358072,6.7661059384668516e-12,7.129578502555951e-15,MRO-30012;MRO-20031;MRO-10045,MRO-20031;MRO-10045;MRO-50009,Hydraulic Press,PUN-01,selection,12,normal,normal,approved_on_validation,우선 점검 후보
2024-01-28,AST-2031,A2,0,0.0037172713654882,1.3908855979907396e-11,1.4197181396529308e-14,MRO-10045;MRO-10047;MRO-80001,MRO-10045;MRO-10047;MRO-80001,Hydraulic Press,CHN-02,selection,12,normal,normal,approved_on_validation,우선 점검 후보
2024-01-28,AST-3008,A2,0,0.0032202762790425,6.4934805400398425e-12,6.501608480064184e-15,MRO-70005;MRO-10046;MRO-10047,MRO-10046;MRO-10047;MRO-50009,Belt Conveyor,CHN-02,selection,12,normal,normal,approved_on_validation,우선 점검 후보
2024-01-28,AST-3019,A2,0,0.0032592924312226,7.59953126501397e-12,7.528647717779501e-15,MRO-10047;MRO-50009;MRO-70005,MRO-10047;MRO-50009;MRO-10045,Belt Conveyor,CHN-02,selection,12,normal,normal,approved_on_validation,우선 점검 후보
2024-01-28,AST-4055,A2,0,0.0032508244196637,6.616220662182245e-12,6.749051015931158e-15,MRO-70005;MRO-20031;MRO-10047,MRO-20031;MRO-10047;MRO-80001,Screw Compressor,DHR-03,selection,12,normal,normal,approved_on_validation,우선 점검 후보
2024-01-28,AST-4061,A2,0,0.0032490531263542,6.478059112828169e-12,6.680643202890824e-15,MRO-70005;MRO-10047;MRO-80001,MRO-10047;MRO-80001;MRO-10045,Screw Compressor,DHR-03,selection,12,normal,normal,approved_on_validation,우선 점검 후보
2024-01-28,AST-5003,A2,0,0.0036092572977154,8.478480225309831e-12,1.0113367813385114e-14,MRO-70005;MRO-80002;MRO-80001,MRO-80001;MRO-20031;MRO-10045,EOT Crane,DHR-03,selection,12,normal,normal,approved_on_validation,우선 점검 후보
2024-01-28,AST-5007,A2,0,0.0033133981725599,6.270293338436747e-12,6.848157875918217e-15,MRO-70005;MRO-80002;MRO-30012,MRO-10045;MRO-10046;MRO-10047,EOT Crane,PUN-01,selection,12,normal,normal,approved_on_validation,우선 점검 후보
2024-01-29,AST-1041,A2,4,7.946675942462353,0.2196427909218633,0.1538793010881431,MRO-10046;MRO-80001;MRO-10047,MRO-10046;MRO-80001;MRO-10047,CNC Lathe,PUN-01,selection,12,caution,risk,approved_on_validation,우선 점검 후보
2024-01-29,AST-1042,A2,13,8.029759085368681,0.2229643964126612,0.1569267322765379,MRO-80001;MRO-10047;MRO-50009,MRO-80001;MRO-10047;MRO-50009,CNC Lathe,PUN-01,selection,12,high_risk,risk,approved_on_validation,우선 점검 후보
2024-01-29,AST-2017,A2,6,7.562154376339634,0.192084894691684,0.1328895285732345,MRO-20031;MRO-10045;MRO-10046,MRO-20031;MRO-10045;MRO-10046,Hydraulic Press,PUN-01,selection,12,risk,risk,approved_on_validation,우선 점검 후보
2024-01-29,AST-2031,A2,8,7.801110335557354,0.2030626058055338,0.1459710523851447,MRO-20032;MRO-10046;MRO-20031,MRO-10046;MRO-20031;MRO-50009,Hydraulic Press,CHN-02,selection,12,risk,risk,approved_on_validation,우선 점검 후보
2024-01-29,AST-3008,A2,6,7.283402439470188,0.1725418112547408,0.1175930609851514,MRO-80001;MRO-10046;MRO-10047,MRO-80001;MRO-10046;MRO-10047,Belt Conveyor,CHN-02,selection,12,risk,risk,approved_on_validation,우선 점검 후보
2024-01-29,AST-3019,A2,7,6.1437756699546675,0.1078551422898346,0.0698484798657277,MRO-50009;MRO-20031;MRO-10045,MRO-50009;MRO-20031;MRO-10045,Belt Conveyor,CHN-02,selection,12,risk,risk,approved_on_validation,우선 점검 후보
2024-01-29,AST-4055,A2,3,8.94008012048218,0.2826461876179644,0.2142135979547175,MRO-20032;MRO-60015;MRO-10047,MRO-10047;MRO-50009;MRO-80001,Screw Compressor,DHR-03,selection,12,caution,risk,approved_on_validation,우선 점검 후보
2024-01-29,AST-4061,A2,8,7.1669340682329405,0.1642276964746811,0.1132000552737026,MRO-10045;MRO-10046;MRO-10047,MRO-10045;MRO-10046;MRO-10047,Screw Compressor,DHR-03,selection,12,risk,risk,approved_on_validation,우선 점검 후보
2024-01-29,AST-5003,A2,7,7.317719825604873,0.173478804347409,0.1195667301018932,MRO-20031;MRO-10047;MRO-50009,MRO-20031;MRO-10047;MRO-50009,EOT Crane,DHR-03,selection,12,risk,risk,approved_on_validation,우선 점검 후보
2024-01-29,AST-5007,A2,12,6.7161146237895775,0.1409262996734654,0.0924635321234648,MRO-10045;MRO-50009;MRO-20031,MRO-10045;MRO-50009;MRO-20031,EOT Crane,PUN-01,selection,12,high_risk,risk,approved_on_validation,우선 점검 후보
2024-01-30,AST-1041,A2,2,7.174124197041077,0.1668049098428978,0.1123042718657545,MRO-10046;MRO-10045;MRO-20031,MRO-10046;MRO-10045;MRO-20031,CNC Lathe,PUN-01,selection,12,caution,risk,approved_on_validation,우선 점검 후보
2024-01-30,AST-1042,A2,4,6.644384023246141,0.1368751496645247,0.0890650085228219,MRO-50009;MRO-20031;MRO-10045,MRO-50009;MRO-20031;MRO-10045,CNC Lathe,PUN-01,selection,12,caution,risk,approved_on_validation,우선 점검 후보
2024-01-30,AST-2017,A2,3,8.301346849654852,0.2417099957304362,0.1735805408963249,MRO-80001;MRO-10047;MRO-20031,MRO-80001;MRO-10047;MRO-20031,Hydraulic Press,PUN-01,selection,12,caution,risk,approved_on_validation,우선 점검 후보
2024-01-30,AST-2031,A2,4,7.918719498428772,0.210895422723052,0.1534960272384081,MRO-20032;MRO-10045;MRO-10047,MRO-10045;MRO-10047;MRO-80001,Hydraulic Press,CHN-02,selection,12,caution,risk,approved_on_validation,우선 점검 후보
2024-01-30,AST-3008,A2,7,7.320138133748183,0.1749633633022858,0.1188535474215493,MRO-30012;MRO-80001;MRO-10046,MRO-80001;MRO-10046;MRO-10047,Belt Conveyor,CHN-02,selection,12,risk,risk,approved_on_validation,우선 점검 후보
2024-01-30,AST-3019,A2,2,5.9891521063033215,0.1023232913775624,0.0641638668559461,MRO-50009;MRO-80001;MRO-20031,MRO-50009;MRO-80001;MRO-20031,Belt Conveyor,CHN-02,selection,12,caution,risk,approved_on_validation,우선 점검 후보
2024-01-30,AST-4055,A2,8,8.59894230993416,0.2612650349299299,0.1922668829563106,MRO-50009;MRO-10045;MRO-10046,MRO-50009;MRO-10045;MRO-10046,Screw Compressor,DHR-03,selection,12,risk,risk,approved_on_validation,우선 점검 후보
2024-01-30,AST-4061,A2,10,8.037973222358916,0.2199283744084123,0.1562180177566964,MRO-10045;MRO-10046;MRO-20031,MRO-10045;MRO-10046;MRO-20031,Screw Compressor,DHR-03,selection,12,risk,risk,approved_on_validation,우선 점검 후보
2024-01-30,AST-5003,A2,15,8.6450675326313,0.2643844553235923,0.1959447222503471,MRO-20031;MRO-10045;MRO-80001,MRO-20031;MRO-10045;MRO-80001,EOT Crane,DHR-03,selection,12,high_risk,risk,approved_on_validation,우선 점검 후보
2024-01-30,AST-5007,A2,8,5.668428748487156,0.0845621979521667,0.0524132415652489,MRO-10047;MRO-80001;MRO-10046,MRO-10047;MRO-80001;MRO-10046,EOT Crane,PUN-01,selection,12,risk,caution,approved_on_validation,우선 점검 후보
2024-01-31,AST-1041,A2,14,7.169416056820921,0.1671164075647318,0.1100410737096945,MRO-20033;MRO-10046;MRO-10045,MRO-10046;MRO-10045;MRO-50009,CNC Lathe,PUN-01,selection,12,high_risk,risk,approved_on_validation,우선 점검 후보
2024-01-31,AST-1042,A2,6,6.689888685367095,0.1393143709124319,0.0911894617330238,MRO-50009;MRO-10047;MRO-80001,MRO-50009;MRO-10047;MRO-80001,CNC Lathe,PUN-01,selection,12,risk,risk,approved_on_validation,우선 점검 후보
2024-01-31,AST-2017,A2,4,7.137265204705307,0.1627709807037775,0.1104178343525224,MRO-80001;MRO-20031;MRO-10045,MRO-80001;MRO-20031;MRO-10045,Hydraulic Press,PUN-01,selection,12,caution,risk,approved_on_validation,우선 점검 후보
2024-01-31,AST-2031,A2,14,8.0318128233525,0.2202127842119354,0.1598753058139186,MRO-10045;MRO-80001;MRO-20031,MRO-10045;MRO-80001;MRO-20031,Hydraulic Press,CHN-02,selection,12,high_risk,risk,approved_on_validation,우선 점검 후보
2024-01-31,AST-3008,A2,6,7.202567169137458,0.1669867055713403,0.1134254755700635,MRO-80001;MRO-10046;MRO-10047,MRO-80001;MRO-10046;MRO-10047,Belt Conveyor,CHN-02,selection,12,risk,risk,approved_on_validation,우선 점검 후보
2024-01-31,AST-3019,A2,11,6.325641520664711,0.1171258535886043,0.0770333512078352,MRO-10047;MRO-90011;MRO-20031,MRO-10047;MRO-20031;MRO-50009,Belt Conveyor,CHN-02,selection,12,risk,risk,approved_on_validation,우선 점검 후보
2024-01-31,AST-4055,A2,13,8.584404289134795,0.2615596363212388,0.1930350255147891,MRO-10045;MRO-10047;MRO-10046,MRO-10045;MRO-10047;MRO-10046,Screw Compressor,DHR-03,selection,12,high_risk,risk,approved_on_validation,우선 점검 후보
2024-01-31,AST-4061,A2,5,6.858423818975231,0.1445275946193295,0.0967354746506589,MRO-60016;MRO-40022;MRO-40021,MRO-10047;MRO-10045;MRO-10046,Screw Compressor,DHR-03,selection,12,caution,risk,approved_on_validation,우선 점검 후보
2024-01-31,AST-5003,A2,14,9.523376217974718,0.329528888350632,0.2506767754602289,MRO-80001;MRO-80002;MRO-10045,MRO-80001;MRO-10045;MRO-50009,EOT Crane,DHR-03,selection,12,high_risk,risk,approved_on_validation,우선 점검 후보
2024-01-31,AST-5007,A2,2,5.578232375969756,0.0802493474229868,0.0490355244192579,MRO-10047;MRO-40022;MRO-10045,MRO-10047;MRO-10045;MRO-50009,EOT Crane,PUN-01,selection,12,caution,caution,approved_on_validation,우선 점검 후보
2024-02-01,AST-1041,A2,2,7.142021687341361,0.1653839483407231,0.1111727305009933,MRO-10045;MRO-10046;MRO-80001,MRO-10045;MRO-10046;MRO-80001,CNC Lathe,PUN-01,selection,12,caution,risk,approved_on_validation,우선 점검 후보
2024-02-01,AST-1042,A2,6,6.192965287976075,0.1119538809208477,0.0705296019822491,MRO-10045;MRO-20031;MRO-50009,MRO-10045;MRO-20031;MRO-50009,CNC Lathe,PUN-01,selection,12,risk,risk,approved_on_validation,우선 점검 후보
2024-02-01,AST-2017,A2,9,8.462961807551258,0.2521914884467885,0.1827484080010214,MRO-20031;MRO-80001;MRO-40022,MRO-20031;MRO-80001;MRO-10047,Hydraulic Press,PUN-01,selection,12,risk,risk,approved_on_validation,우선 점검 후보
2024-02-01,AST-2031,A2,8,7.789646562177103,0.2056578561053485,0.1445852780748455,MRO-10047;MRO-10046;MRO-20031,MRO-10047;MRO-10046;MRO-20031,Hydraulic Press,CHN-02,selection,12,risk,risk,approved_on_validation,우선 점검 후보
2024-02-01,AST-3008,A2,10,7.349548743762331,0.1780654063217461,0.1208779226155225,MRO-50009;MRO-20031;MRO-80001,MRO-50009;MRO-20031;MRO-80001,Belt Conveyor,CHN-02,selection,12,risk,risk,approved_on_validation,우선 점검 후보
2024-02-01,AST-3019,A2,9,6.060226293686393,0.1012453450328413,0.0650079713166683,MRO-90012;MRO-40021;MRO-10047,MRO-10047;MRO-20031;MRO-10045,Belt Conveyor,CHN-02,selection,12,risk,risk,approved_on_validation,우선 점검 후보
2024-02-01,AST-4055,A2,7,8.754411428165389,0.273271851675092,0.2029435787013775,MRO-10046;MRO-80001;MRO-10045,MRO-10046;MRO-80001;MRO-10045,Screw Compressor,DHR-03,selection,12,risk,risk,approved_on_validation,우선 점검 후보
2024-02-01,AST-4061,A2,11,7.272644566763002,0.1727557565654163,0.1174818960261251,MRO-60016;MRO-10047;MRO-10045,MRO-10047;MRO-10045;MRO-20031,Screw Compressor,DHR-03,selection,12,risk,risk,approved_on_validation,우선 점검 후보
2024-02-01,AST-5003,A2,3,7.497499740063443,0.183244784154178,0.1293910191135904,MRO-10045;MRO-10047;MRO-50009,MRO-10045;MRO-10047;MRO-50009,EOT Crane,DHR-03,selection,12,caution,risk,approved_on_validation,우선 점검 후보
2024-02-01,AST-5007,A2,3,5.914826769848427,0.0934533597228341,0.0596481329615742,MRO-40022;MRO-10047;MRO-20032,MRO-10047;MRO-10045;MRO-50009,EOT Crane,PUN-01,selection,12,caution,risk,approved_on_validation,우선 점검 후보
2024-02-02,AST-1041,A2,8,7.208072020261268,0.1703493391174119,0.1124515750388969,MRO-80001;MRO-10045;MRO-20033,MRO-80001;MRO-10045;MRO-10046,CNC Lathe,PUN-01,selection,12,risk,risk,approved_on_validation,우선 점검 후보
2024-02-02,AST-1042,A2,6,6.23821660681178,0.1138182132362384,0.0722285023282439,MRO-50009;MRO-10047;MRO-80001,MRO-50009;MRO-10047;MRO-80001,CNC Lathe,PUN-01,selection,12,risk,risk,approved_on_validation,우선 점검 후보
2024-02-02,AST-2017,A2,11,8.502897520108762,0.2557308929927047,0.1876610866950437,MRO-20031;MRO-10045;MRO-80001,MRO-20031;MRO-10045;MRO-80001,Hydraulic Press,PUN-01,selection,12,risk,risk,approved_on_validation,우선 점검 후보
2024-02-02,AST-2031,A2,8,7.697193386997819,0.199847757972294,0.1397941795177778,MRO-10047;MRO-10046;MRO-50009,MRO-10047;MRO-10046;MRO-50009,Hydraulic Press,CHN-02,selection,12,risk,risk,approved_on_validation,우선 점검 후보
2024-02-02,AST-3008,A2,8,9.446174342239612,0.3202833536717318,0.249360517958635,MRO-10047;MRO-40022;MRO-50009,MRO-10047;MRO-50009;MRO-80001,Belt Conveyor,CHN-02,selection,12,risk,risk,approved_on_validation,우선 점검 후보
2024-02-02,AST-3019,A2,8,5.922870212397933,0.097304363527288,0.0614188776507285,MRO-80001;MRO-10047;MRO-50009,MRO-80001;MRO-10047;MRO-50009,Belt Conveyor,CHN-02,selection,12,risk,risk,approved_on_validation,우선 점검 후보
2024-02-02,AST-4055,A2,6,8.60041252652455,0.2624128141475572,0.1918974271815005,MRO-80001;MRO-10046;MRO-20031,MRO-80001;MRO-10046;MRO-20031,Screw Compressor,DHR-03,selection,12,risk,risk,approved_on_validation,우선 점검 후보
2024-02-02,AST-4061,A2,4,7.079703540267829,0.1603997778106664,0.1080395877581227,MRO-10047;MRO-20031;MRO-10045,MRO-10047;MRO-20031;MRO-10045,Screw Compressor,DHR-03,selection,12,caution,risk,approved_on_validation,우선 점검 후보
2024-02-02,AST-5003,A2,11,8.3506398446298,0.2391462015844566,0.1778805808780273,MRO-10047;MRO-20031;MRO-50009,MRO-10047;MRO-20031;MRO-50009,EOT Crane,DHR-03,selection,12,risk,risk,approved_on_validation,우선 점검 후보
2024-02-02,AST-5007,A2,1,6.728397699963553,0.1416066596081531,0.0924616691091265,MRO-50009;MRO-10045;MRO-10047,MRO-50009;MRO-10045;MRO-10047,EOT Crane,PUN-01,selection,12,caution,risk,approved_on_validation,우선 점검 후보
2024-02-03,AST-1041,A2,0,0.0032470638778379,6.685918068538731e-12,6.755634381684456e-15,MRO-10045;MRO-10046;MRO-10047,MRO-10045;MRO-10046;MRO-10047,CNC Lathe,PUN-01,selection,12,normal,normal,approved_on_validation,우선 점검 후보
2024-02-03,AST-1042,A2,0,0.0032383739444354,6.615277574801104e-12,6.6925899309786665e-15,MRO-20031;MRO-10046;MRO-10047,MRO-20031;MRO-10046;MRO-10047,CNC Lathe,PUN-01,selection,12,normal,normal,approved_on_validation,우선 점검 후보
2024-02-03,AST-2017,A2,0,0.0032207204493081,6.946017905491681e-12,6.864309294575705e-15,MRO-20031;MRO-70005;MRO-80001,MRO-20031;MRO-80001;MRO-10045,Hydraulic Press,PUN-01,selection,12,normal,normal,approved_on_validation,우선 점검 후보
2024-02-03,AST-2031,A2,0,0.0032330268755257,6.692034809991453e-12,6.743346908076941e-15,MRO-70005;MRO-10045;MRO-10047,MRO-10045;MRO-10047;MRO-50009,Hydraulic Press,CHN-02,selection,12,normal,normal,approved_on_validation,우선 점검 후보
2024-02-03,AST-3008,A2,0,0.0033088501835902,6.147472318257824e-12,6.875362246557886e-15,MRO-70005;MRO-10045;MRO-10047,MRO-10045;MRO-10047;MRO-50009,Belt Conveyor,CHN-02,selection,12,normal,normal,approved_on_validation,우선 점검 후보
2024-02-03,AST-3019,A2,0,0.0033360742360231,6.769832388341943e-12,7.362394340486674e-15,MRO-70005;MRO-20031;MRO-40022,MRO-20031;MRO-10045;MRO-10046,Belt Conveyor,CHN-02,selection,12,normal,normal,approved_on_validation,우선 점검 후보
2024-02-03,AST-4055,A2,0,0.0032480020378046,6.643316831178163e-12,6.7373937927142035e-15,MRO-50009;MRO-10045;MRO-10046,MRO-50009;MRO-10045;MRO-10046,Screw Compressor,DHR-03,selection,12,normal,normal,approved_on_validation,우선 점검 후보
2024-02-03,AST-4061,A2,0,0.0032339380547877,7.102502622047719e-12,6.972772285533585e-15,MRO-10045;MRO-70005;MRO-10046,MRO-10045;MRO-10046;MRO-10047,Screw Compressor,DHR-03,selection,12,normal,normal,approved_on_validation,우선 점검 후보
2024-02-03,AST-5003,A2,0,0.0034747446359826,7.935879730122604e-12,9.010959971661071e-15,MRO-70005;MRO-10045;MRO-80001,MRO-10045;MRO-80001;MRO-10046,EOT Crane,DHR-03,selection,12,normal,normal,approved_on_validation,우선 점검 후보
2024-02-03,AST-5007,A2,0,0.0032477965524972,6.7013984547789395e-12,6.776718254588151e-15,MRO-90012;MRO-10045;MRO-10046,MRO-10045;MRO-10046;MRO-10047,EOT Crane,PUN-01,selection,12,normal,normal,approved_on_validation,우선 점검 후보
2024-02-04,AST-1041,A2,0,0.0031779365409034,6.025600270590634e-12,6.047017555914174e-15,MRO-70004;MRO-30011;MRO-80002,MRO-10045;MRO-10046;MRO-10047,CNC Lathe,PUN-01,selection,12,normal,normal,approved_on_validation,우선 점검 후보
2024-02-04,AST-1042,A2,0,0.0032439309986882,6.613345035628092e-12,6.709438827251113e-15,MRO-10045;MRO-10046;MRO-10047,MRO-10045;MRO-10046;MRO-10047,CNC Lathe,PUN-01,selection,12,normal,normal,approved_on_validation,우선 점검 후보
2024-02-04,AST-2017,A2,0,0.0032938186948755,6.7615569643640955e-12,7.014991744826069e-15,MRO-50009;MRO-40022;MRO-50008,MRO-50009;MRO-10045;MRO-10046,Hydraulic Press,PUN-01,selection,12,normal,normal,approved_on_validation,우선 점검 후보
2024-02-04,AST-2031,A2,0,0.0032476263333274,6.668025648213751e-12,6.757412120418229e-15,MRO-10045;MRO-10047;MRO-50009,MRO-10045;MRO-10047;MRO-50009,Hydraulic Press,CHN-02,selection,12,normal,normal,approved_on_validation,우선 점검 후보
2024-02-04,AST-3008,A2,0,0.0032661967976172,6.163952868403777e-12,6.620231302365785e-15,MRO-70005;MRO-20032;MRO-90012,MRO-10045;MRO-10046;MRO-10047,Belt Conveyor,CHN-02,selection,12,normal,normal,approved_on_validation,우선 점검 후보
2024-02-04,AST-3019,A2,0,0.0032404443075072,6.613339208662548e-12,6.687367633915771e-15,MRO-10045;MRO-10046;MRO-10047,MRO-10045;MRO-10046;MRO-10047,Belt Conveyor,CHN-02,selection,12,normal,normal,approved_on_validation,우선 점검 후보
2024-02-04,AST-4055,A2,0,0.0035688040526572,9.0899342873265e-12,9.917167690664684e-15,MRO-60016;MRO-10046;MRO-80001,MRO-10046;MRO-80001;MRO-20031,Screw Compressor,DHR-03,selection,12,normal,normal,approved_on_validation,우선 점검 후보
2024-02-04,AST-4061,A2,0,0.0032427117907219,6.631969688466918e-12,6.7057826761342425e-15,MRO-10045;MRO-10046;MRO-20031,MRO-10045;MRO-10046;MRO-20031,Screw Compressor,DHR-03,selection,12,normal,normal,approved_on_validation,우선 점검 후보
2024-02-04,AST-5003,A2,0,0.003422973355924,8.558114435049324e-12,8.841489092510086e-15,MRO-80001;MRO-10045;MRO-80002,MRO-80001;MRO-10045;MRO-10047,EOT Crane,DHR-03,selection,12,normal,normal,approved_on_validation,우선 점검 후보
2024-02-04,AST-5007,A2,0,0.0032577170086899,6.7015032302696505e-12,6.825664116664594e-15,MRO-10045;MRO-10046;MRO-10047,MRO-10045;MRO-10046;MRO-10047,EOT Crane,PUN-01,selection,12,normal,normal,approved_on_validation,우선 점검 후보
2024-02-05,AST-1041,A2,15,8.010954613157432,0.2160106413079679,0.15642596856639,MRO-40022;MRO-20031;MRO-50009,MRO-20031;MRO-50009;MRO-10045,CNC Lathe,PUN-01,selection,12,high_risk,risk,approved_on_validation,우선 점검 후보
2024-02-05,AST-1042,A2,10,6.746421270104982,0.140508222555077,0.0933336758756788,MRO-10046;MRO-40022;MRO-10045,MRO-10046;MRO-10045;MRO-20031,CNC Lathe,PUN-01,selection,12,risk,risk,approved_on_validation,우선 점검 후보
2024-02-05,AST-2017,A2,16,11.198293417160228,0.4569353716669643,0.3783493363146314,MRO-50009;MRO-10047;MRO-10045,MRO-50009;MRO-10047;MRO-10045,Hydraulic Press,PUN-01,selection,12,high_risk,high_risk,approved_on_validation,우선 점검 후보
2024-02-05,AST-2031,A2,13,8.027082330242076,0.2197020604827314,0.1578506840802548,MRO-50009;MRO-80001;MRO-10047,MRO-50009;MRO-80001;MRO-10047,Hydraulic Press,CHN-02,selection,12,high_risk,risk,approved_on_validation,우선 점검 후보
2024-02-05,AST-3008,A2,14,7.178363486008725,0.1655070781838439,0.1119788044107347,MRO-10046;MRO-50009;MRO-10045,MRO-10046;MRO-50009;MRO-10045,Belt Conveyor,CHN-02,selection,12,high_risk,risk,approved_on_validation,우선 점검 후보
2024-02-05,AST-3019,A2,4,6.175596804805695,0.1115651025277084,0.0705605710220111,MRO-10047;MRO-80001;MRO-10045,MRO-10047;MRO-80001;MRO-10045,Belt Conveyor,CHN-02,selection,12,caution,risk,approved_on_validation,우선 점검 후보
2024-02-05,AST-4055,A2,12,8.98724238881368,0.2856002258324514,0.2182505252511772,MRO-70005;MRO-10045;MRO-80001,MRO-10045;MRO-80001;MRO-10046,Screw Compressor,DHR-03,selection,12,high_risk,risk,approved_on_validation,우선 점검 후보
2024-02-05,AST-4061,A2,10,7.006311518814748,0.1568154393358962,0.1045465585477256,MRO-10047;MRO-20031;MRO-50009,MRO-10047;MRO-20031;MRO-50009,Screw Compressor,DHR-03,selection,12,risk,risk,approved_on_validation,우선 점검 후보
2024-02-05,AST-5003,A2,10,7.913749125128793,0.2094608654974679,0.1515349867082447,MRO-10046;MRO-20031;MRO-50009,MRO-10046;MRO-20031;MRO-50009,EOT Crane,DHR-03,selection,12,risk,risk,approved_on_validation,우선 점검 후보
2024-02-05,AST-5007,A2,8,6.387539990167782,0.1192954483151437,0.077291742368243,MRO-80001;MRO-40021;MRO-10046,MRO-80001;MRO-10046;MRO-50009,EOT Crane,PUN-01,selection,12,risk,risk,approved_on_validation,우선 점검 후보
2024-02-06,AST-1041,A2,14,7.476468583517858,0.1851766958915248,0.1279784767077297,MRO-10045;MRO-80001;MRO-50009,MRO-10045;MRO-80001;MRO-50009,CNC Lathe,PUN-01,selection,12,high_risk,risk,approved_on_validation,우선 점검 후보
2024-02-06,AST-1042,A2,7,6.594519806077073,0.1310909869829105,0.0856671066688693,MRO-10045;MRO-20031;MRO-40021,MRO-10045;MRO-20031;MRO-10047,CNC Lathe,PUN-01,selection,12,risk,risk,approved_on_validation,우선 점검 후보
2024-02-06,AST-2017,A2,0,7.0983701703561435,0.1582563756921855,0.1076166527959432,MRO-10045;MRO-40022;MRO-10046,MRO-10045;MRO-10046;MRO-80001,Hydraulic Press,PUN-01,selection,12,normal,risk,approved_on_validation,우선 점검 후보
2024-02-06,AST-2031,A2,3,6.988071493091917,0.1549721371744985,0.1048776230381534,MRO-10045;MRO-10046;MRO-50009,MRO-10045;MRO-10046;MRO-50009,Hydraulic Press,CHN-02,selection,12,caution,risk,approved_on_validation,우선 점검 후보
2024-02-06,AST-3008,A2,2,6.966012267695753,0.1539495060607175,0.1026594525776012,MRO-50009;MRO-10046;MRO-10045,MRO-50009;MRO-10046;MRO-10045,Belt Conveyor,CHN-02,selection,12,caution,risk,approved_on_validation,우선 점검 후보
2024-02-06,AST-3019,A2,2,6.021846464907762,0.1004683728098005,0.0649116067065566,MRO-20031;MRO-50009;MRO-80001,MRO-20031;MRO-50009;MRO-80001,Belt Conveyor,CHN-02,selection,12,caution,risk,approved_on_validation,우선 점검 후보
2024-02-06,AST-4055,A2,13,8.70729302806468,0.2688324037764646,0.1983680767691867,MRO-40022;MRO-10045;MRO-10046,MRO-10045;MRO-10046;MRO-20031,Screw Compressor,DHR-03,selection,12,high_risk,risk,approved_on_validation,우선 점검 후보
2024-02-06,AST-4061,A2,0,6.050627535827754,0.1044450881612612,0.0652736556930687,MRO-50009;MRO-80001;MRO-10045,MRO-50009;MRO-80001;MRO-10045,Screw Compressor,DHR-03,selection,12,normal,risk,approved_on_validation,우선 점검 후보
2024-02-06,AST-5003,A2,14,8.859078040840782,0.2765153034777428,0.2103155646702078,MRO-70005;MRO-10047;MRO-50009,MRO-10047;MRO-50009;MRO-20031,EOT Crane,DHR-03,selection,12,high_risk,risk,approved_on_validation,우선 점검 후보
2024-02-06,AST-5007,A2,8,6.37551075951415,0.1204800946166739,0.0781029288479445,MRO-10046;MRO-20031;MRO-10047,MRO-10046;MRO-20031;MRO-10047,EOT Crane,PUN-01,selection,12,risk,risk,approved_on_validation,우선 점검 후보
2024-02-07,AST-1041,A2,4,6.918474698283621,0.1469721175479201,0.1007963405964576,MRO-80001;MRO-10045;MRO-10046,MRO-80001;MRO-10045;MRO-10046,CNC Lathe,PUN-01,selection,12,caution,risk,approved_on_validation,우선 점검 후보
2024-02-07,AST-1042,A2,11,6.385152886886896,0.1217843765513648,0.0789322427212007,MRO-10045;MRO-20031;MRO-50009,MRO-10045;MRO-20031;MRO-50009,CNC Lathe,PUN-01,selection,12,risk,risk,approved_on_validation,우선 점검 후보
2024-02-07,AST-2017,A2,13,8.324966858960567,0.2429689065948633,0.1750287818702833,MRO-10046;MRO-20031;MRO-10045,MRO-10046;MRO-20031;MRO-10045,Hydraulic Press,PUN-01,selection,12,high_risk,risk,approved_on_validation,우선 점검 후보
2024-02-07,AST-2031,A2,12,7.688435824285848,0.1995672209688327,0.1391948873001985,MRO-10046;MRO-50009;MRO-80001,MRO-10046;MRO-50009;MRO-80001,Hydraulic Press,CHN-02,selection,12,high_risk,risk,approved_on_validation,우선 점검 후보
2024-02-07,AST-3008,A2,2,6.189615866086353,0.1100166088643482,0.0694193877705143,MRO-10045;MRO-50009;MRO-80001,MRO-10045;MRO-50009;MRO-80001,Belt Conveyor,CHN-02,selection,12,caution,risk,approved_on_validation,우선 점검 후보
2024-02-07,AST-3019,A2,4,5.7972109449895495,0.0929506359792613,0.0571822076290365,MRO-80001;MRO-20031;MRO-10047,MRO-80001;MRO-20031;MRO-10047,Belt Conveyor,CHN-02,selection,12,caution,caution,approved_on_validation,우선 점검 후보
2024-02-07,AST-4055,A2,18,8.777552548394235,0.2756210023619529,0.2037431072532954,MRO-10046;MRO-20031;MRO-80001,MRO-10046;MRO-20031;MRO-80001,Screw Compressor,DHR-03,selection,12,high_risk,risk,approved_on_validation,우선 점검 후보
2024-02-07,AST-4061,A2,18,7.092637281137234,0.160904710639262,0.1084370096320708,MRO-50009;MRO-80001;MRO-20031,MRO-50009;MRO-80001;MRO-20031,Screw Compressor,DHR-03,selection,12,high_risk,risk,approved_on_validation,우선 점검 후보
2024-02-07,AST-5003,A2,9,8.493436288311043,0.2524652567820873,0.1858674313064901,MRO-10046;MRO-10047;MRO-80001,MRO-10046;MRO-10047;MRO-80001,EOT Crane,DHR-03,selection,12,risk,risk,approved_on_validation,우선 점검 후보
2024-02-07,AST-5007,A2,6,6.420729609808663,0.1229881721503034,0.0797657921028906,MRO-10047;MRO-10045;MRO-50009,MRO-10047;MRO-10045;MRO-50009,EOT Crane,PUN-01,selection,12,risk,risk,approved_on_validation,우선 점검 후보
2024-02-08,AST-1041,A2,10,6.7060250733915545,0.1381076631535654,0.0891532235666825,MRO-20033;MRO-30011;MRO-80002,MRO-50009;MRO-80001;MRO-10045,CNC Lathe,PUN-01,selection,12,risk,risk,approved_on_validation,우선 점검 후보
2024-02-08,AST-1042,A2,3,6.5228098293149746,0.128037766069102,0.0837397501338235,MRO-50009;MRO-10045;MRO-10047,MRO-50009;MRO-10045;MRO-10047,CNC Lathe,PUN-01,selection,12,caution,risk,approved_on_validation,우선 점검 후보
2024-02-08,AST-2017,A2,14,9.137021675682709,0.3050291060667276,0.2262276132330735,MRO-10046;MRO-10045;MRO-10047,MRO-10046;MRO-10045;MRO-10047,Hydraulic Press,PUN-01,selection,12,high_risk,risk,approved_on_validation,우선 점검 후보
2024-02-08,AST-2031,A2,7,6.913860089220509,0.149967637205607,0.1007886893037494,MRO-80001;MRO-20031;MRO-10046,MRO-80001;MRO-20031;MRO-10046,Hydraulic Press,CHN-02,selection,12,risk,risk,approved_on_validation,우선 점검 후보
2024-02-08,AST-3008,A2,0,5.462571058593225,0.0779584520080933,0.0460349432290885,MRO-50009;MRO-10046;MRO-80001,MRO-50009;MRO-10046;MRO-80001,Belt Conveyor,CHN-02,selection,12,normal,caution,approved_on_validation,우선 점검 후보
2024-02-08,AST-3019,A2,4,5.673041452989635,0.0859702070380354,0.0536513734194041,MRO-80001;MRO-20031;MRO-50009,MRO-80001;MRO-20031;MRO-50009,Belt Conveyor,CHN-02,selection,12,caution,caution,approved_on_validation,우선 점검 후보
2024-02-08,AST-4055,A2,14,8.546267951936107,0.2562591775794708,0.1884448505046839,MRO-10046;MRO-10047;MRO-20031,MRO-10046;MRO-10047;MRO-20031,Screw Compressor,DHR-03,selection,12,high_risk,risk,approved_on_validation,우선 점검 후보
2024-02-08,AST-4061,A2,14,6.854838701646154,0.1472681781752809,0.0972557008213072,MRO-20031;MRO-10047;MRO-10045,MRO-20031;MRO-10047;MRO-10045,Screw Compressor,DHR-03,selection,12,high_risk,risk,approved_on_validation,우선 점검 후보
2024-02-08,AST-5003,A2,8,7.948714181296993,0.216420587271262,0.1533936489487564,MRO-10045;MRO-80001;MRO-50009,MRO-10045;MRO-80001;MRO-50009,EOT Crane,DHR-03,selection,12,risk,risk,approved_on_validation,우선 점검 후보
2024-02-08,AST-5007,A2,6,6.337476678586741,0.1187874206162549,0.0765956946569218,MRO-10045;MRO-50009;MRO-10047,MRO-10045;MRO-50009;MRO-10047,EOT Crane,PUN-01,selection,12,risk,risk,approved_on_validation,우선 점검 후보
2024-02-09,AST-1041,A2,4,6.645115748327918,0.1351431998177274,0.0886625759436767,MRO-10045;MRO-10047;MRO-20031,MRO-10045;MRO-10047;MRO-20031,CNC Lathe,PUN-01,selection,12,caution,risk,approved_on_validation,우선 점검 후보
2024-02-09,AST-1042,A2,6,6.371111353302924,0.1220435771008877,0.0775169674099502,MRO-50009;MRO-10045;MRO-20031,MRO-50009;MRO-10045;MRO-20031,CNC Lathe,PUN-01,selection,12,risk,risk,approved_on_validation,우선 점검 후보
2024-02-09,AST-2017,A2,14,8.808738513252912,0.2779569529176388,0.2041113199030032,MRO-10046;MRO-10045;MRO-10047,MRO-10046;MRO-10045;MRO-10047,Hydraulic Press,PUN-01,selection,12,high_risk,risk,approved_on_validation,우선 점검 후보
2024-02-09,AST-2031,A2,3,8.077820069392782,0.2264453241865482,0.1621256023764931,MRO-80001;MRO-10045;MRO-10046,MRO-80001;MRO-10045;MRO-10046,Hydraulic Press,CHN-02,selection,12,caution,risk,approved_on_validation,우선 점검 후보
2024-02-09,AST-3008,A2,10,7.64648972787167,0.1953097458669186,0.1355409129412211,MRO-30011;MRO-10045;MRO-80001,MRO-10045;MRO-80001;MRO-50009,Belt Conveyor,CHN-02,selection,12,risk,risk,approved_on_validation,우선 점검 후보
2024-02-09,AST-3019,A2,8,6.2498472285435955,0.1120243892395687,0.0722067783933277,MRO-10046;MRO-80001;MRO-10045,MRO-10046;MRO-80001;MRO-10045,Belt Conveyor,CHN-02,selection,12,risk,risk,approved_on_validation,우선 점검 후보
2024-02-09,AST-4055,A2,5,7.862673811167265,0.2111630428384375,0.1490251460977803,MRO-10047;MRO-50009;MRO-80001,MRO-10047;MRO-50009;MRO-80001,Screw Compressor,DHR-03,selection,12,caution,risk,approved_on_validation,우선 점검 후보
2024-02-09,AST-4061,A2,10,7.010904243574431,0.1573281672269784,0.1052516598344832,MRO-10045;MRO-20031;MRO-50009,MRO-10045;MRO-20031;MRO-50009,Screw Compressor,DHR-03,selection,12,risk,risk,approved_on_validation,우선 점검 후보
2024-02-09,AST-5003,A2,9,7.5948445373517455,0.1888105824530576,0.1339242103976868,MRO-80001;MRO-70005;MRO-30011,MRO-80001;MRO-10045;MRO-10046,EOT Crane,DHR-03,selection,12,risk,risk,approved_on_validation,우선 점검 후보
2024-02-09,AST-5007,A2,8,5.9233323182665645,0.0969311870411961,0.0611170863659063,MRO-50009;MRO-10047;MRO-10046,MRO-50009;MRO-10047;MRO-10046,EOT Crane,PUN-01,selection,12,risk,risk,approved_on_validation,우선 점검 후보
2024-02-10,AST-1041,A2,0,0.0031910945897475,6.1582238901263055e-12,6.246229608325257e-15,MRO-90012;MRO-60016;MRO-70005,MRO-10047;MRO-10045;MRO-50009,CNC Lathe,PUN-01,selection,12,normal,normal,approved_on_validation,우선 점검 후보
2024-02-10,AST-1042,A2,0,0.0032329319702199,6.622294520864158e-12,6.659927721399127e-15,MRO-10045;MRO-10046;MRO-10047,MRO-10045;MRO-10046;MRO-10047,CNC Lathe,PUN-01,selection,12,normal,normal,approved_on_validation,우선 점검 후보
2024-02-10,AST-2017,A2,0,0.0033794561898164,8.103078415015562e-12,8.310076574071505e-15,MRO-40022;MRO-20031;MRO-10045,MRO-20031;MRO-10045;MRO-50009,Hydraulic Press,PUN-01,selection,12,normal,normal,approved_on_validation,우선 점검 후보
2024-02-10,AST-2031,A2,0,0.0033832827558889,8.555358452370284e-12,8.596450184535587e-15,MRO-80001;MRO-10045;MRO-20031,MRO-80001;MRO-10045;MRO-20031,Hydraulic Press,CHN-02,selection,12,normal,normal,approved_on_validation,우선 점검 후보
2024-02-10,AST-3008,A2,0,0.0033128815131629,6.668040239763329e-12,7.178954181410609e-15,MRO-90012;MRO-70004;MRO-70005,MRO-10046;MRO-10047;MRO-20031,Belt Conveyor,CHN-02,selection,12,normal,normal,approved_on_validation,우선 점검 후보
2024-02-10,AST-3019,A2,0,0.0032411229986687,6.5956180109826795e-12,6.6838892324340595e-15,MRO-10046;MRO-10047;MRO-20031,MRO-10046;MRO-10047;MRO-20031,Belt Conveyor,CHN-02,selection,12,normal,normal,approved_on_validation,우선 점검 후보
2024-02-10,AST-4055,A2,0,0.0033201657792824,7.06025321223347e-12,7.299919990882285e-15,MRO-60015;MRO-10046;MRO-10047,MRO-10046;MRO-10047;MRO-20031,Screw Compressor,DHR-03,selection,12,normal,normal,approved_on_validation,우선 점검 후보
2024-02-10,AST-4061,A2,0,0.0033235804905843,6.5245570433511175e-12,7.155954511930406e-15,MRO-70005;MRO-10045;MRO-50009,MRO-10045;MRO-50009;MRO-10046,Screw Compressor,DHR-03,selection,12,normal,normal,approved_on_validation,우선 점검 후보
2024-02-10,AST-5003,A2,0,0.0033737922739925,7.956664570542112e-12,8.178224754175025e-15,MRO-10045;MRO-80001;MRO-80002,MRO-10045;MRO-80001;MRO-10046,EOT Crane,DHR-03,selection,12,normal,normal,approved_on_validation,우선 점검 후보
2024-02-10,AST-5007,A2,0,0.003242417085463,6.6834185416080586e-12,6.737223114247221e-15,MRO-10045;MRO-10046;MRO-10047,MRO-10045;MRO-10046;MRO-10047,EOT Crane,PUN-01,selection,12,normal,normal,approved_on_validation,우선 점검 후보
2024-02-11,AST-1041,A2,0,0.0032483933238103,6.671311319486502e-12,6.748924711276781e-15,MRO-10045;MRO-10047;MRO-20031,MRO-10045;MRO-10047;MRO-20031,CNC Lathe,PUN-01,selection,12,normal,normal,approved_on_validation,우선 점검 후보
2024-02-11,AST-1042,A2,0,0.0032546307256824,6.694395994534694e-12,6.802584624324446e-15,MRO-10046;MRO-10047;MRO-20031,MRO-10046;MRO-10047;MRO-20031,CNC Lathe,PUN-01,selection,12,normal,normal,approved_on_validation,우선 점검 후보
2024-02-11,AST-2017,A2,0,0.0032460918219304,7.16214773392615e-12,7.106406498026009e-15,MRO-20031;MRO-40022;MRO-10047,MRO-20031;MRO-10047;MRO-10046,Hydraulic Press,PUN-01,selection,12,normal,normal,approved_on_validation,우선 점검 후보
2024-02-11,AST-2031,A2,0,0.0032731967787785,6.7283349632220805e-12,6.962159891931215e-15,MRO-70005;MRO-20031;MRO-10045,MRO-20031;MRO-10045;MRO-10046,Hydraulic Press,CHN-02,selection,12,normal,normal,approved_on_validation,우선 점검 후보
2024-02-11,AST-3008,A2,0,0.0030731701607227,5.739331546084796e-12,5.563633404208329e-15,MRO-70005;MRO-90012;MRO-10047,MRO-10047;MRO-80001;MRO-20031,Belt Conveyor,CHN-02,selection,12,normal,normal,approved_on_validation,우선 점검 후보
2024-02-11,AST-3019,A2,0,0.0033212782823676,6.6062341699020336e-12,7.217494887143141e-15,MRO-20032;MRO-10045;MRO-10046,MRO-10045;MRO-10046;MRO-10047,Belt Conveyor,CHN-02,selection,12,normal,normal,approved_on_validation,우선 점검 후보
2024-02-11,AST-4055,A2,0,0.0033377512398416,7.622748126850551e-12,7.804456942341929e-15,MRO-10046;MRO-70005;MRO-10045,MRO-10046;MRO-10045;MRO-10047,Screw Compressor,DHR-03,selection,12,normal,normal,approved_on_validation,우선 점검 후보
2024-02-11,AST-4061,A2,0,0.0033039034856009,6.432867690422638e-12,7.0142108185301035e-15,MRO-70005;MRO-10046;MRO-20031,MRO-10046;MRO-20031;MRO-80001,Screw Compressor,DHR-03,selection,12,normal,normal,approved_on_validation,우선 점검 후보
2024-02-11,AST-5003,A2,0,0.0031737579428481,6.345561704077226e-12,6.270929818598129e-15,MRO-20031;MRO-70005;MRO-10046,MRO-20031;MRO-10046;MRO-10047,EOT Crane,DHR-03,selection,12,normal,normal,approved_on_validation,우선 점검 후보
2024-02-11,AST-5007,A2,0,0.0032722211415876,5.940358494703114e-12,6.475432587443412e-15,MRO-70005;MRO-30011;MRO-10045,MRO-10045;MRO-10046;MRO-10047,EOT Crane,PUN-01,selection,12,normal,normal,approved_on_validation,우선 점검 후보
2024-02-12,AST-1041,A2,7,7.733836311292352,0.1974080946547433,0.1414201915314724,MRO-50009;MRO-70004;MRO-20031,MRO-50009;MRO-20031;MRO-10045,CNC Lathe,PUN-01,selection,12,risk,risk,approved_on_validation,우선 점검 후보
2024-02-12,AST-1042,A2,5,6.423592430802473,0.1233150440725136,0.0794059934601312,MRO-10045;MRO-20031;MRO-50009,MRO-10045;MRO-20031;MRO-50009,CNC Lathe,PUN-01,selection,12,caution,risk,approved_on_validation,우선 점검 후보
2024-02-12,AST-2017,A2,8,8.663114408395462,0.2672821058625583,0.1963185645358871,MRO-80001;MRO-10045;MRO-10046,MRO-80001;MRO-10045;MRO-10046,Hydraulic Press,PUN-01,selection,12,risk,risk,approved_on_validation,우선 점검 후보
2024-02-12,AST-2031,A2,7,7.918372363448064,0.2140657622612038,0.1520192842535815,MRO-80001;MRO-10046;MRO-50009,MRO-80001;MRO-10046;MRO-50009,Hydraulic Press,CHN-02,selection,12,risk,risk,approved_on_validation,우선 점검 후보
2024-02-12,AST-3008,A2,9,7.041864772622104,0.1566905419647463,0.1057830149640042,MRO-60015;MRO-50009;MRO-10045,MRO-50009;MRO-10045;MRO-80001,Belt Conveyor,CHN-02,selection,12,risk,risk,approved_on_validation,우선 점검 후보
2024-02-12,AST-3019,A2,10,6.031331545268612,0.1010567690082521,0.0642629122639428,MRO-10046;MRO-50008;MRO-40022,MRO-10046;MRO-20031;MRO-50009,Belt Conveyor,CHN-02,selection,12,risk,risk,approved_on_validation,우선 점검 후보
2024-02-12,AST-4055,A2,6,7.4753912071411905,0.1842998556672614,0.1279848034135235,MRO-10045;MRO-10047;MRO-20031,MRO-10045;MRO-10047;MRO-20031,Screw Compressor,DHR-03,selection,12,risk,risk,approved_on_validation,우선 점검 후보
2024-02-12,AST-4061,A2,14,6.550928905928119,0.1323334872234887,0.0852940516087382,MRO-10046;MRO-10045;MRO-80001,MRO-10046;MRO-10045;MRO-80001,Screw Compressor,DHR-03,selection,12,high_risk,risk,approved_on_validation,우선 점검 후보
2024-02-12,AST-5003,A2,18,8.86931687916141,0.2810664001346933,0.2081321937915402,MRO-50008;MRO-10045;MRO-10046,MRO-10045;MRO-10046;MRO-50009,EOT Crane,DHR-03,selection,12,high_risk,risk,approved_on_validation,우선 점검 후보
2024-02-12,AST-5007,A2,14,6.121249588319872,0.107039838252876,0.0687209786314114,MRO-10047;MRO-10045;MRO-10046,MRO-10047;MRO-10045;MRO-10046,EOT Crane,PUN-01,selection,12,high_risk,risk,approved_on_validation,우선 점검 후보
2024-02-13,AST-1041,A2,10,7.24106690382717,0.170375995314996,0.1156483363810151,MRO-40022;MRO-50009;MRO-10047,MRO-50009;MRO-10047;MRO-20031,CNC Lathe,PUN-01,selection,12,risk,risk,approved_on_validation,우선 점검 후보
2024-02-13,AST-1042,A2,2,6.498822290989191,0.1275348536533814,0.0821968248640603,MRO-10045;MRO-20031;MRO-50009,MRO-10045;MRO-20031;MRO-50009,CNC Lathe,PUN-01,selection,12,caution,risk,approved_on_validation,우선 점검 후보
2024-02-13,AST-2017,A2,8,8.30597294296518,0.2424155181193086,0.1750463702760732,MRO-10046;MRO-10047;MRO-10045,MRO-10046;MRO-10047;MRO-10045,Hydraulic Press,PUN-01,selection,12,risk,risk,approved_on_validation,우선 점검 후보
2024-02-13,AST-2031,A2,6,7.543026425126969,0.1860094196087964,0.1318794619934527,MRO-10046;MRO-50009;MRO-80001,MRO-10046;MRO-50009;MRO-80001,Hydraulic Press,CHN-02,selection,12,risk,risk,approved_on_validation,우선 점검 후보
2024-02-13,AST-3008,A2,7,6.9627243327381345,0.1544350224419634,0.1025759891332415,MRO-10045;MRO-10046;MRO-50009,MRO-10045;MRO-10046;MRO-50009,Belt Conveyor,CHN-02,selection,12,risk,risk,approved_on_validation,우선 점검 후보
2024-02-13,AST-3019,A2,5,5.870493594071614,0.0952014390621428,0.0597948236043186,MRO-80001;MRO-10047;MRO-20031,MRO-80001;MRO-10047;MRO-20031,Belt Conveyor,CHN-02,selection,12,caution,risk,approved_on_validation,우선 점검 후보
2024-02-13,AST-4055,A2,15,8.366640022486566,0.2445699313758224,0.1773328986896193,MRO-10045;MRO-10047;MRO-20031,MRO-10045;MRO-10047;MRO-20031,Screw Compressor,DHR-03,selection,12,high_risk,risk,approved_on_validation,우선 점검 후보
2024-02-13,AST-4061,A2,2,7.2688421301316435,0.172214596531199,0.1171732209452445,MRO-10046;MRO-20031;MRO-50009,MRO-10046;MRO-20031;MRO-50009,Screw Compressor,DHR-03,selection,12,caution,risk,approved_on_validation,우선 점검 후보
2024-02-13,AST-5003,A2,9,8.050157655199893,0.224208606441521,0.1597961486732677,MRO-10045;MRO-10047;MRO-80001,MRO-10045;MRO-10047;MRO-80001,EOT Crane,DHR-03,selection,12,risk,risk,approved_on_validation,우선 점검 후보
2024-02-13,AST-5007,A2,7,6.205675475367827,0.1104138248928384,0.0707288771352421,MRO-40022;MRO-10047;MRO-50009,MRO-10047;MRO-50009;MRO-10046,EOT Crane,PUN-01,selection,12,risk,risk,approved_on_validation,우선 점검 후보
2024-02-14,AST-1041,A2,8,6.437202000216013,0.1238018370758148,0.0798788404532497,MRO-50009;MRO-10047;MRO-20031,MRO-50009;MRO-10047;MRO-20031,CNC Lathe,PUN-01,selection,12,risk,risk,approved_on_validation,우선 점검 후보
2024-02-14,AST-1042,A2,6,6.565798243782186,0.1337950495366735,0.0854387704245964,MRO-20031;MRO-50009;MRO-10047,MRO-20031;MRO-50009;MRO-10047,CNC Lathe,PUN-01,selection,12,risk,risk,approved_on_validation,우선 점검 후보
2024-02-14,AST-2017,A2,16,8.569868565767564,0.2598804443815374,0.1908434981872607,MRO-10046;MRO-10047;MRO-10045,MRO-10046;MRO-10047;MRO-10045,Hydraulic Press,PUN-01,selection,12,high_risk,risk,approved_on_validation,우선 점검 후보
2024-02-14,AST-2031,A2,8,7.379652207288927,0.1793033745757488,0.1230408953229723,MRO-10046;MRO-50009;MRO-80001,MRO-10046;MRO-50009;MRO-80001,Hydraulic Press,CHN-02,selection,12,risk,risk,approved_on_validation,우선 점검 후보
2024-02-14,AST-3008,A2,8,6.3502583136197,0.1173811061967859,0.0759264671790475,MRO-10047;MRO-20031;MRO-10046,MRO-10047;MRO-20031;MRO-10046,Belt Conveyor,CHN-02,selection,12,risk,risk,approved_on_validation,우선 점검 후보
2024-02-14,AST-3019,A2,4,5.867880957343266,0.0945481946342271,0.0585965057409081,MRO-10047;MRO-80001;MRO-20031,MRO-10047;MRO-80001;MRO-20031,Belt Conveyor,CHN-02,selection,12,caution,risk,approved_on_validation,우선 점검 후보
2024-02-14,AST-4055,A2,10,8.241825374183408,0.235671584624929,0.1692787024754474,MRO-10045;MRO-20031;MRO-10047,MRO-10045;MRO-20031;MRO-10047,Screw Compressor,DHR-03,selection,12,risk,risk,approved_on_validation,우선 점검 후보
2024-02-14,AST-4061,A2,8,8.62465660700821,0.260325401398537,0.194035933278898,MRO-10047;MRO-50009;MRO-10046,MRO-10047;MRO-50009;MRO-10046,Screw Compressor,DHR-03,selection,12,risk,risk,approved_on_validation,우선 점검 후보
2024-02-14,AST-5003,A2,3,7.488507605898275,0.1842938243642192,0.1281931460874562,MRO-10045;MRO-20031;MRO-10047,MRO-10045;MRO-20031;MRO-10047,EOT Crane,DHR-03,selection,12,caution,risk,approved_on_validation,우선 점검 후보
2024-02-14,AST-5007,A2,11,8.461285711167765,0.2433685075723753,0.1827690895503997,MRO-70005;MRO-30011;MRO-10046,MRO-10046;MRO-10047;MRO-80001,EOT Crane,PUN-01,selection,12,risk,risk,approved_on_validation,우선 점검 후보
2024-02-15,AST-1041,A2,5,6.909488070252826,0.1480584920393832,0.1001652175436556,MRO-10047;MRO-10046;MRO-20031,MRO-10047;MRO-10046;MRO-20031,CNC Lathe,PUN-01,selection,12,caution,risk,approved_on_validation,우선 점검 후보
2024-02-15,AST-1042,A2,7,6.173668268231167,0.1100717889583672,0.0697264232210791,MRO-10045;MRO-20031;MRO-10047,MRO-10045;MRO-20031;MRO-10047,CNC Lathe,PUN-01,selection,12,risk,risk,approved_on_validation,우선 점검 후보
2024-02-15,AST-2017,A2,6,8.355657426022367,0.2456660890999656,0.1780748043585468,MRO-10046;MRO-20031;MRO-50009,MRO-10046;MRO-20031;MRO-50009,Hydraulic Press,PUN-01,selection,12,risk,risk,approved_on_validation,우선 점검 후보
2024-02-15,AST-2031,A2,2,7.788937304892688,0.2032269972813019,0.1457527844742599,MRO-10045;MRO-10046;MRO-80001,MRO-10045;MRO-10046;MRO-80001,Hydraulic Press,CHN-02,selection,12,caution,risk,approved_on_validation,우선 점검 후보
2024-02-15,AST-3008,A2,10,6.286849697594258,0.1152101650452055,0.0731950223715263,MRO-10046;MRO-20031;MRO-50009,MRO-10046;MRO-20031;MRO-50009,Belt Conveyor,CHN-02,selection,12,risk,risk,approved_on_validation,우선 점검 후보
2024-02-15,AST-3019,A2,0,5.700902064779894,0.0885863062968875,0.0541169123701718,MRO-10045;MRO-10047;MRO-80001,MRO-10045;MRO-10047;MRO-80001,Belt Conveyor,CHN-02,selection,12,normal,caution,approved_on_validation,우선 점검 후보
2024-02-15,AST-4055,A2,6,8.525506703457744,0.2556846396257883,0.1877245064866305,MRO-10047;MRO-20031;MRO-50009,MRO-10047;MRO-20031;MRO-50009,Screw Compressor,DHR-03,selection,12,risk,risk,approved_on_validation,우선 점검 후보
2024-02-15,AST-4061,A2,0,6.998997592253273,0.1569125201273943,0.1051567609213315,MRO-10046;MRO-10047;MRO-80001,MRO-10046;MRO-10047;MRO-80001,Screw Compressor,DHR-03,selection,12,normal,risk,approved_on_validation,우선 점검 후보
2024-02-15,AST-5003,A2,10,7.901454444131938,0.2141833315311954,0.1513917433686556,MRO-10047;MRO-10046;MRO-50009,MRO-10047;MRO-10046;MRO-50009,EOT Crane,DHR-03,selection,12,risk,risk,approved_on_validation,우선 점검 후보
2024-02-15,AST-5007,A2,4,7.380333319858228,0.1656775243968919,0.1193735147262268,MRO-70005;MRO-30012;MRO-60015,MRO-20031;MRO-10045;MRO-10046,EOT Crane,PUN-01,selection,12,caution,risk,approved_on_validation,우선 점검 후보
2024-02-16,AST-1041,A2,1,6.228325902690352,0.1111378343517692,0.0714225250994483,MRO-40021;MRO-10046;MRO-20031,MRO-10046;MRO-20031;MRO-50009,CNC Lathe,PUN-01,selection,12,caution,risk,approved_on_validation,우선 점검 후보
2024-02-16,AST-1042,A2,2,6.245811203198318,0.1145431848324019,0.0724012630152947,MRO-10047;MRO-10045;MRO-20031,MRO-10047;MRO-10045;MRO-20031,CNC Lathe,PUN-01,selection,12,caution,risk,approved_on_validation,우선 점검 후보
2024-02-16,AST-2017,A2,10,8.615978786992049,0.2652644199848584,0.1940245882574331,MRO-80001;MRO-20031;MRO-10046,MRO-80001;MRO-20031;MRO-10046,Hydraulic Press,PUN-01,selection,12,risk,risk,approved_on_validation,우선 점검 후보
2024-02-16,AST-2031,A2,2,7.592987502592031,0.1940824632033725,0.1346730780901718,MRO-10045;MRO-10046;MRO-80001,MRO-10045;MRO-10046;MRO-80001,Hydraulic Press,CHN-02,selection,12,caution,risk,approved_on_validation,우선 점검 후보
2024-02-16,AST-3008,A2,7,7.359560566750117,0.1747063113782506,0.1221483901451728,MRO-90011;MRO-10045;MRO-10046,MRO-10045;MRO-10046;MRO-20031,Belt Conveyor,CHN-02,selection,12,risk,risk,approved_on_validation,우선 점검 후보
2024-02-16,AST-3019,A2,2,5.732439355819622,0.0893164262140626,0.0546162507403217,MRO-10047;MRO-80001;MRO-20031,MRO-10047;MRO-80001;MRO-20031,Belt Conveyor,CHN-02,selection,12,caution,caution,approved_on_validation,우선 점검 후보
2024-02-16,AST-4055,A2,9,8.487605084175911,0.2548769964409955,0.1855126474494383,MRO-10047;MRO-50009;MRO-10045,MRO-10047;MRO-50009;MRO-10045,Screw Compressor,DHR-03,selection,12,risk,risk,approved_on_validation,우선 점검 후보
2024-02-16,AST-4061,A2,0,6.327010026340661,0.1190190902880087,0.0761338850422887,MRO-10046;MRO-80001;MRO-10045,MRO-10046;MRO-80001;MRO-10045,Screw Compressor,DHR-03,selection,12,normal,risk,approved_on_validation,우선 점검 후보
2024-02-16,AST-5003,A2,2,7.567280758908622,0.1880212360669748,0.1340729257874017,MRO-10046;MRO-10047;MRO-50009,MRO-10046;MRO-10047;MRO-50009,EOT Crane,DHR-03,selection,12,caution,risk,approved_on_validation,우선 점검 후보
2024-02-16,AST-5007,A2,4,5.831675708437679,0.0904608839514537,0.0574797797512192,MRO-20032;MRO-10045;MRO-10046,MRO-10045;MRO-10046;MRO-10047,EOT Crane,PUN-01,selection,12,caution,caution,approved_on_validation,우선 점검 후보
2024-02-17,AST-1041,A2,0,0.0032497003941819,6.597370903853812e-12,6.725455318534129e-15,MRO-70005;MRO-10046;MRO-10047,MRO-10046;MRO-10047;MRO-20031,CNC Lathe,PUN-01,selection,12,normal,normal,approved_on_validation,우선 점검 후보
2024-02-17,AST-1042,A2,0,0.0032371071847233,6.620216763936873e-12,6.691651239096267e-15,MRO-10045;MRO-10046;MRO-10047,MRO-10045;MRO-10046;MRO-10047,CNC Lathe,PUN-01,selection,12,normal,normal,approved_on_validation,우선 점검 후보
2024-02-17,AST-2017,A2,0,0.0034043197684937,6.7008768264465755e-12,7.68481064851247e-15,MRO-70005;MRO-90012;MRO-40021,MRO-10045;MRO-50009;MRO-80001,Hydraulic Press,PUN-01,selection,12,normal,normal,approved_on_validation,우선 점검 후보
2024-02-17,AST-2031,A2,0,0.0032328331762941,6.537282588800259e-12,6.600281944904655e-15,MRO-10046;MRO-10047;MRO-50009,MRO-10046;MRO-10047;MRO-50009,Hydraulic Press,CHN-02,selection,12,normal,normal,approved_on_validation,우선 점검 후보
2024-02-17,AST-3008,A2,0,0.0032339471920646,6.5645311630906465e-12,6.6326359330228175e-15,MRO-70005;MRO-10045;MRO-10047,MRO-10045;MRO-10047;MRO-50009,Belt Conveyor,CHN-02,selection,12,normal,normal,approved_on_validation,우선 점검 후보
2024-02-17,AST-3019,A2,0,0.0032749090158369,6.701634607886941e-12,6.9188693578100745e-15,MRO-90011;MRO-80002;MRO-10045,MRO-10045;MRO-10046;MRO-10047,Belt Conveyor,CHN-02,selection,12,normal,normal,approved_on_validation,우선 점검 후보
2024-02-17,AST-4055,A2,0,0.0032489148777251,6.638320479202526e-12,6.74548871475935e-15,MRO-10045;MRO-10047;MRO-50009,MRO-10045;MRO-10047;MRO-50009,Screw Compressor,DHR-03,selection,12,normal,normal,approved_on_validation,우선 점검 후보
2024-02-17,AST-4061,A2,0,0.003183523234998,6.251360251078417e-12,6.2284109291477695e-15,MRO-10045;MRO-10046;MRO-20031,MRO-10045;MRO-10046;MRO-20031,Screw Compressor,DHR-03,selection,12,normal,normal,approved_on_validation,우선 점검 후보
2024-02-17,AST-5003,A2,0,0.0032024122341084,5.710192158887097e-12,5.9965318031840936e-15,MRO-70004;MRO-70005;MRO-10047,MRO-10047;MRO-20031;MRO-10046,EOT Crane,DHR-03,selection,12,normal,normal,approved_on_validation,우선 점검 후보
2024-02-17,AST-5007,A2,0,0.00326491624918,6.859775287620077e-12,6.9500616288331545e-15,MRO-50009;MRO-10045;MRO-10046,MRO-50009;MRO-10045;MRO-10046,EOT Crane,PUN-01,selection,12,normal,normal,approved_on_validation,우선 점검 후보
2024-02-18,AST-1041,A2,0,0.0030402269842349,5.829192784875308e-12,5.414005199147695e-15,MRO-70005;MRO-30011;MRO-10047,MRO-10047;MRO-20031;MRO-10045,CNC Lathe,PUN-01,selection,12,normal,normal,approved_on_validation,우선 점검 후보
2024-02-18,AST-1042,A2,0,0.0032414658022814,6.620360361707635e-12,6.696495389474693e-15,MRO-10045;MRO-10046;MRO-10047,MRO-10045;MRO-10046;MRO-10047,CNC Lathe,PUN-01,selection,12,normal,normal,approved_on_validation,우선 점검 후보
2024-02-18,AST-2017,A2,0,0.0032469220951756,6.338470761654374e-12,6.5583112532350946e-15,MRO-70005;MRO-40021;MRO-90012,MRO-10047;MRO-10046;MRO-20031,Hydraulic Press,PUN-01,selection,12,normal,normal,approved_on_validation,우선 점검 후보
2024-02-18,AST-2031,A2,0,0.0032926918722101,6.8315585597515155e-12,7.110272419427774e-15,MRO-70005;MRO-30011;MRO-10045,MRO-10045;MRO-20031;MRO-10046,Hydraulic Press,CHN-02,selection,12,normal,normal,approved_on_validation,우선 점검 후보
2024-02-18,AST-3008,A2,0,0.0033766847442283,6.582209155955961e-12,7.573364771108663e-15,MRO-70005;MRO-70004;MRO-10045,MRO-10045;MRO-10046;MRO-10047,Belt Conveyor,CHN-02,selection,12,normal,normal,approved_on_validation,우선 점검 후보
2024-02-18,AST-3019,A2,0,0.0031441269682229,4.880094398155403e-12,5.339481294453111e-15,MRO-90012;MRO-70004;MRO-40021,MRO-10045;MRO-10046;MRO-10047,Belt Conveyor,CHN-02,selection,12,normal,normal,approved_on_validation,우선 점검 후보
2024-02-18,AST-4055,A2,0,0.0032507789087925,6.641986414051072e-12,6.754682117546846e-15,MRO-10045;MRO-10047;MRO-50009,MRO-10045;MRO-10047;MRO-50009,Screw Compressor,DHR-03,selection,12,normal,normal,approved_on_validation,우선 점검 후보
2024-02-18,AST-4061,A2,0,0.0032628317660584,6.175675380195681e-12,6.696992267256235e-15,MRO-70005;MRO-70004;MRO-10045,MRO-10045;MRO-10046;MRO-20031,Screw Compressor,DHR-03,selection,12,normal,normal,approved_on_validation,우선 점검 후보
2024-02-18,AST-5003,A2,0,0.0034144006483809,7.111972513050417e-12,8.232729165028386e-15,MRO-70005;MRO-70004;MRO-20031,MRO-20031;MRO-80001;MRO-10045,EOT Crane,DHR-03,selection,12,normal,normal,approved_on_validation,우선 점검 후보
2024-02-18,AST-5007,A2,0,0.0032584766211231,6.852689359157711e-12,6.918062172232349e-15,MRO-50009;MRO-10045;MRO-10046,MRO-50009;MRO-10045;MRO-10046,EOT Crane,PUN-01,selection,12,normal,normal,approved_on_validation,우선 점검 후보
2024-02-19,AST-1041,A2,12,7.382130898001988,0.1810085959028876,0.1235082156228834,MRO-80001;MRO-10046;MRO-20031,MRO-80001;MRO-10046;MRO-20031,CNC Lathe,PUN-01,selection,12,high_risk,risk,approved_on_validation,우선 점검 후보
2024-02-19,AST-1042,A2,4,6.638293785657826,0.1366366217434278,0.0884883206561637,MRO-80001;MRO-10045;MRO-20031,MRO-80001;MRO-10045;MRO-20031,CNC Lathe,PUN-01,selection,12,caution,risk,approved_on_validation,우선 점검 후보
2024-02-19,AST-2017,A2,13,8.947279468363607,0.2852329519524766,0.2155117456301573,MRO-10045;MRO-10046;MRO-10047,MRO-10045;MRO-10046;MRO-10047,Hydraulic Press,PUN-01,selection,12,high_risk,risk,approved_on_validation,우선 점검 후보
2024-02-19,AST-2031,A2,10,7.572033644021657,0.1911535111586511,0.1331010870472146,MRO-10045;MRO-10046;MRO-80001,MRO-10045;MRO-10046;MRO-80001,Hydraulic Press,CHN-02,selection,12,risk,risk,approved_on_validation,우선 점검 후보
2024-02-19,AST-3008,A2,16,7.229549731993665,0.167477622401442,0.1159159590035117,MRO-10046;MRO-20031;MRO-10045,MRO-10046;MRO-20031;MRO-10045,Belt Conveyor,CHN-02,selection,12,high_risk,risk,approved_on_validation,우선 점검 후보
2024-02-19,AST-3019,A2,5,6.043965558027452,0.1031995864138127,0.0655536119007736,MRO-20031;MRO-50009;MRO-10045,MRO-20031;MRO-50009;MRO-10045,Belt Conveyor,CHN-02,selection,12,caution,risk,approved_on_validation,우선 점검 후보
2024-02-19,AST-4055,A2,14,8.625122034499485,0.2621176808801236,0.1944997963128389,MRO-50009;MRO-20031;MRO-10045,MRO-50009;MRO-20031;MRO-10045,Screw Compressor,DHR-03,selection,12,high_risk,risk,approved_on_validation,우선 점검 후보
2024-02-19,AST-4061,A2,12,7.238904935429693,0.1689821661175813,0.1157536249220754,MRO-40021;MRO-10046;MRO-50009,MRO-10046;MRO-50009;MRO-80001,Screw Compressor,DHR-03,selection,12,high_risk,risk,approved_on_validation,우선 점검 후보
2024-02-19,AST-5003,A2,12,7.916411496934505,0.2078065196061433,0.1518010627015142,MRO-70004;MRO-10046;MRO-50009,MRO-10046;MRO-50009;MRO-10045,EOT Crane,DHR-03,selection,12,high_risk,risk,approved_on_validation,우선 점검 후보
2024-02-19,AST-5007,A2,8,6.50994930992524,0.1227727498634281,0.0794020031614585,MRO-50008;MRO-60016;MRO-40022,MRO-20031;MRO-10047;MRO-10046,EOT Crane,PUN-01,selection,12,risk,risk,approved_on_validation,우선 점검 후보
2024-02-20,AST-1041,A2,8,6.255765266699782,0.1132438594792729,0.0725196527154055,MRO-10046;MRO-40021;MRO-20031,MRO-10046;MRO-20031;MRO-10047,CNC Lathe,PUN-01,selection,12,risk,risk,approved_on_validation,우선 점검 후보
2024-02-20,AST-1042,A2,6,6.361346998292303,0.1191014062747175,0.0767660785884907,MRO-80001;MRO-30011;MRO-10045,MRO-80001;MRO-10045;MRO-20031,CNC Lathe,PUN-01,selection,12,risk,risk,approved_on_validation,우선 점검 후보
2024-02-20,AST-2017,A2,8,8.700861754482819,0.2709011893458834,0.1988253227575891,MRO-10045;MRO-10047;MRO-10046,MRO-10045;MRO-10047;MRO-10046,Hydraulic Press,PUN-01,selection,12,risk,risk,approved_on_validation,우선 점검 후보
2024-02-20,AST-2031,A2,16,7.355051337945779,0.177569253546702,0.1222096230144087,MRO-10045;MRO-10046;MRO-50009,MRO-10045;MRO-10046;MRO-50009,Hydraulic Press,CHN-02,selection,12,high_risk,risk,approved_on_validation,우선 점검 후보
2024-02-20,AST-3008,A2,11,6.531022486949674,0.1278525900058976,0.0830934550322293,MRO-10045;MRO-10047;MRO-50009,MRO-10045;MRO-10047;MRO-50009,Belt Conveyor,CHN-02,selection,12,risk,risk,approved_on_validation,우선 점검 후보
2024-02-20,AST-3019,A2,8,7.869110567135743,0.1975344832286305,0.1444591553135944,MRO-40021;MRO-70004;MRO-70005,MRO-10047;MRO-10046;MRO-10045,Belt Conveyor,CHN-02,selection,12,risk,risk,approved_on_validation,우선 점검 후보
2024-02-20,AST-4055,A2,11,9.11719043844295,0.2899701991145998,0.224698220795574,MRO-60015;MRO-20032;MRO-70005,MRO-20031;MRO-10045;MRO-50009,Screw Compressor,DHR-03,selection,12,risk,risk,approved_on_validation,우선 점검 후보
2024-02-20,AST-4061,A2,2,6.26225938033937,0.1157549119166458,0.0733458955766357,MRO-10045;MRO-10046;MRO-10047,MRO-10045;MRO-10046;MRO-10047,Screw Compressor,DHR-03,selection,12,caution,risk,approved_on_validation,우선 점검 후보
2024-02-20,AST-5003,A2,11,8.074152986935557,0.2238668082017571,0.1611306645841401,MRO-10046;MRO-10047;MRO-50009,MRO-10046;MRO-10047;MRO-50009,EOT Crane,DHR-03,selection,12,risk,risk,approved_on_validation,우선 점검 후보
2024-02-20,AST-5007,A2,6,5.632336481556311,0.0819565252063187,0.0508713784059377,MRO-50009;MRO-20032;MRO-10047,MRO-50009;MRO-10047;MRO-20031,EOT Crane,PUN-01,selection,12,risk,caution,approved_on_validation,우선 점검 후보
2024-02-21,AST-1041,A2,5,7.05749872705087,0.1576471948359725,0.1056193334839596,MRO-20033;MRO-50009;MRO-10047,MRO-50009;MRO-10047;MRO-80001,CNC Lathe,PUN-01,selection,12,caution,risk,approved_on_validation,우선 점검 후보
2024-02-21,AST-1042,A2,4,6.3807557572120865,0.120171822673159,0.0774618179139888,MRO-20031;MRO-80001;MRO-10045,MRO-20031;MRO-80001;MRO-10045,CNC Lathe,PUN-01,selection,12,caution,risk,approved_on_validation,우선 점검 후보
2024-02-21,AST-2017,A2,9,9.26083516922499,0.3137276156877616,0.2361318455452445,MRO-50009;MRO-10045;MRO-20031,MRO-50009;MRO-10045;MRO-20031,Hydraulic Press,PUN-01,selection,12,risk,risk,approved_on_validation,우선 점검 후보
2024-02-21,AST-2031,A2,17,7.77947589300668,0.2064032282430032,0.1452647016453038,MRO-10045;MRO-80001;MRO-20031,MRO-10045;MRO-80001;MRO-20031,Hydraulic Press,CHN-02,selection,12,high_risk,risk,approved_on_validation,우선 점검 후보
2024-02-21,AST-3008,A2,7,7.182968654331035,0.1665370223121101,0.1126173075381049,MRO-20031;MRO-10045;MRO-10046,MRO-20031;MRO-10045;MRO-10046,Belt Conveyor,CHN-02,selection,12,risk,risk,approved_on_validation,우선 점검 후보
2024-02-21,AST-3019,A2,0,5.878878626099962,0.0957481280507075,0.0597791281365231,MRO-10045;MRO-10047;MRO-80001,MRO-10045;MRO-10047;MRO-80001,Belt Conveyor,CHN-02,selection,12,normal,risk,approved_on_validation,우선 점검 후보
2024-02-21,AST-4055,A2,9,8.54057534884208,0.2543963712305134,0.1895964484040231,MRO-10045;MRO-10047;MRO-20031,MRO-10045;MRO-10047;MRO-20031,Screw Compressor,DHR-03,selection,12,risk,risk,approved_on_validation,우선 점검 후보
2024-02-21,AST-4061,A2,10,7.218678442004223,0.1681255002035228,0.1161667660763213,MRO-20031;MRO-10045;MRO-50009,MRO-20031;MRO-10045;MRO-50009,Screw Compressor,DHR-03,selection,12,risk,risk,approved_on_validation,우선 점검 후보
2024-02-21,AST-5003,A2,11,8.417761640803663,0.2469578088498609,0.182180065528871,MRO-10046;MRO-10047;MRO-50009,MRO-10046;MRO-10047;MRO-50009,EOT Crane,DHR-03,selection,12,risk,risk,approved_on_validation,우선 점검 후보
2024-02-21,AST-5007,A2,6,5.715744035100658,0.0868877164159652,0.0530950788774391,MRO-20031;MRO-10046;MRO-50009,MRO-20031;MRO-10046;MRO-50009,EOT Crane,PUN-01,selection,12,risk,caution,approved_on_validation,우선 점검 후보
2024-02-22,AST-1041,A2,0,5.916846525702143,0.0969661381973224,0.0606448558447739,MRO-10046;MRO-20031;MRO-10047,MRO-10046;MRO-20031;MRO-10047,CNC Lathe,PUN-01,selection,12,normal,risk,approved_on_validation,우선 점검 후보
2024-02-22,AST-1042,A2,7,6.266603688043474,0.1145276445210529,0.0731978145263348,MRO-20031;MRO-80001;MRO-10045,MRO-20031;MRO-80001;MRO-10045,CNC Lathe,PUN-01,selection,12,risk,risk,approved_on_validation,우선 점검 후보
2024-02-22,AST-2017,A2,13,7.684210031408148,0.1964264322383686,0.1392698940089896,MRO-10047;MRO-10045;MRO-10046,MRO-10047;MRO-10045;MRO-10046,Hydraulic Press,PUN-01,selection,12,high_risk,risk,approved_on_validation,우선 점검 후보
2024-02-22,AST-2031,A2,0,6.237472578760089,0.1137778697195286,0.0724491675648796,MRO-10046;MRO-50009;MRO-10047,MRO-10046;MRO-50009;MRO-10047,Hydraulic Press,CHN-02,selection,12,normal,risk,approved_on_validation,우선 점검 후보
2024-02-22,AST-3008,A2,9,7.745631189646666,0.1979092033502935,0.1383102873608074,MRO-80002;MRO-30012;MRO-50008,MRO-10045;MRO-10046;MRO-80001,Belt Conveyor,CHN-02,selection,12,risk,risk,approved_on_validation,우선 점검 후보
2024-02-22,AST-3019,A2,2,6.329759046735669,0.1168669505861307,0.074906758775003,MRO-20031;MRO-10045;MRO-10047,MRO-20031;MRO-10045;MRO-10047,Belt Conveyor,CHN-02,selection,12,caution,risk,approved_on_validation,우선 점검 후보
2024-02-22,AST-4055,A2,9,8.345180648304657,0.2431452982168892,0.1776449352836942,MRO-10047;MRO-50009;MRO-10045,MRO-10047;MRO-50009;MRO-10045,Screw Compressor,DHR-03,selection,12,risk,risk,approved_on_validation,우선 점검 후보
2024-02-22,AST-4061,A2,12,7.300398202882248,0.1755337688857805,0.1188782176687326,MRO-10045;MRO-80001;MRO-10046,MRO-10045;MRO-80001;MRO-10046,Screw Compressor,DHR-03,selection,12,high_risk,risk,approved_on_validation,우선 점검 후보
2024-02-22,AST-5003,A2,14,11.17331831009547,0.4549645051413515,0.3767262340127444,MRO-80001;MRO-20031;MRO-10046,MRO-80001;MRO-20031;MRO-10046,EOT Crane,DHR-03,selection,12,high_risk,high_risk,approved_on_validation,우선 점검 후보
2024-02-22,AST-5007,A2,10,6.030186167087475,0.1006088919627112,0.064486883577522,MRO-50009;MRO-20031;MRO-10046,MRO-50009;MRO-20031;MRO-10046,EOT Crane,PUN-01,selection,12,risk,risk,approved_on_validation,우선 점검 후보
2024-02-23,AST-1041,A2,0,6.614291254456611,0.1337529804101439,0.0874695221149006,MRO-50009;MRO-10046;MRO-20031,MRO-50009;MRO-10046;MRO-20031,CNC Lathe,PUN-01,selection,12,normal,risk,approved_on_validation,우선 점검 후보
2024-02-23,AST-1042,A2,1,6.268382813735235,0.1135457780308004,0.0730213738717489,MRO-30011;MRO-20031;MRO-10045,MRO-20031;MRO-10045;MRO-10047,CNC Lathe,PUN-01,selection,12,caution,risk,approved_on_validation,우선 점검 후보
2024-02-23,AST-2017,A2,6,8.49854001959127,0.2559701761618856,0.1878152613399508,MRO-10046;MRO-50009;MRO-10047,MRO-10046;MRO-50009;MRO-10047,Hydraulic Press,PUN-01,selection,12,risk,risk,approved_on_validation,우선 점검 후보
2024-02-23,AST-2031,A2,12,7.373940431566606,0.180880383572226,0.1232850258475146,MRO-10045;MRO-20031;MRO-80001,MRO-10045;MRO-20031;MRO-80001,Hydraulic Press,CHN-02,selection,12,high_risk,risk,approved_on_validation,우선 점검 후보
2024-02-23,AST-3008,A2,8,7.632218590987973,0.1975937852190714,0.1358536244356671,MRO-20031;MRO-80001;MRO-10045,MRO-20031;MRO-80001;MRO-10045,Belt Conveyor,CHN-02,selection,12,risk,risk,approved_on_validation,우선 점검 후보
2024-02-23,AST-3019,A2,12,5.83495356503429,0.0938658895585044,0.0579971684348546,MRO-10045;MRO-20031;MRO-10047,MRO-10045;MRO-20031;MRO-10047,Belt Conveyor,CHN-02,selection,12,high_risk,risk,approved_on_validation,우선 점검 후보
2024-02-23,AST-4055,A2,11,8.545921887063603,0.256599159688087,0.1886134677223419,MRO-20031;MRO-10045;MRO-10047,MRO-20031;MRO-10045;MRO-10047,Screw Compressor,DHR-03,selection,12,risk,risk,approved_on_validation,우선 점검 후보
2024-02-23,AST-4061,A2,6,6.970245538948771,0.1548538748328265,0.1037217263926299,MRO-10045;MRO-50009;MRO-20031,MRO-10045;MRO-50009;MRO-20031,Screw Compressor,DHR-03,selection,12,risk,risk,approved_on_validation,우선 점검 후보
2024-02-23,AST-5003,A2,0,7.87499858587359,0.2109878344351789,0.1498299003385396,MRO-80001;MRO-10047;MRO-10046,MRO-80001;MRO-10047;MRO-10046,EOT Crane,DHR-03,selection,12,normal,risk,approved_on_validation,우선 점검 후보
2024-02-23,AST-5007,A2,13,6.297250932659552,0.1139495486836664,0.0741368982892699,MRO-10046;MRO-20031;MRO-10047,MRO-10046;MRO-20031;MRO-10047,EOT Crane,PUN-01,selection,12,high_risk,risk,approved_on_validation,우선 점검 후보
2024-02-24,AST-1041,A2,0,0.0032359963686649,6.620265726267793e-12,6.676109241028685e-15,MRO-10045;MRO-10046;MRO-10047,MRO-10045;MRO-10046;MRO-10047,CNC Lathe,PUN-01,selection,12,normal,normal,approved_on_validation,우선 점검 후보
2024-02-24,AST-1042,A2,0,0.0032438291453374,6.613345034381503e-12,6.708765873763541e-15,MRO-10045;MRO-10046;MRO-20031,MRO-10045;MRO-10046;MRO-20031,CNC Lathe,PUN-01,selection,12,normal,normal,approved_on_validation,우선 점검 후보
2024-02-24,AST-2017,A2,0,0.0033724526951245,6.462211558108798e-12,7.0962369287712545e-15,MRO-30011;MRO-50008;MRO-70004,MRO-20031;MRO-10046;MRO-10045,Hydraulic Press,PUN-01,selection,12,normal,normal,approved_on_validation,우선 점검 후보
2024-02-24,AST-2031,A2,0,0.0032621774175009,6.8618099292777255e-12,6.952192699288599e-15,MRO-20031;MRO-10045;MRO-10047,MRO-20031;MRO-10045;MRO-10047,Hydraulic Press,CHN-02,selection,12,normal,normal,approved_on_validation,우선 점검 후보
2024-02-24,AST-3008,A2,0,0.003029728034354,4.481014818814749e-12,4.677092001191346e-15,MRO-70005;MRO-70004;MRO-30012,MRO-10045;MRO-10047;MRO-50009,Belt Conveyor,CHN-02,selection,12,normal,normal,approved_on_validation,우선 점검 후보
2024-02-24,AST-3019,A2,0,0.0031868678111851,6.282110745583113e-12,6.250671990732435e-15,MRO-10045;MRO-20031;MRO-40021,MRO-10045;MRO-20031;MRO-50009,Belt Conveyor,CHN-02,selection,12,normal,normal,approved_on_validation,우선 점검 후보
2024-02-24,AST-4055,A2,0,0.0032504661134594,6.644796973439048e-12,6.7524803890055576e-15,MRO-50009;MRO-20031;MRO-10045,MRO-50009;MRO-20031;MRO-10045,Screw Compressor,DHR-03,selection,12,normal,normal,approved_on_validation,우선 점검 후보
2024-02-24,AST-4061,A2,0,0.0032641490327488,6.758464876490063e-12,6.8868071412290186e-15,MRO-80001;MRO-30012;MRO-10046,MRO-80001;MRO-10046;MRO-20031,Screw Compressor,DHR-03,selection,12,normal,normal,approved_on_validation,우선 점검 후보
2024-02-24,AST-5003,A2,0,0.0031805718323738,6.1052038959432996e-12,6.073365431462077e-15,MRO-10045;MRO-10047;MRO-20031,MRO-10045;MRO-10047;MRO-20031,EOT Crane,DHR-03,selection,12,normal,normal,approved_on_validation,우선 점검 후보
2024-02-24,AST-5007,A2,0,0.0032306894444541,6.3037330783553725e-12,6.416059903851441e-15,MRO-10046;MRO-20031;MRO-20033,MRO-10046;MRO-20031;MRO-10045,EOT Crane,PUN-01,selection,12,normal,normal,approved_on_validation,우선 점검 후보
2024-02-25,AST-1041,A2,0,0.003255490534359,6.703878259941659e-12,6.820021735752191e-15,MRO-70005;MRO-10045;MRO-10046,MRO-10045;MRO-10046;MRO-10047,CNC Lathe,PUN-01,selection,12,normal,normal,approved_on_validation,우선 점검 후보
2024-02-25,AST-1042,A2,0,0.0032441917377024,6.620366185069002e-12,6.713558293091682e-15,MRO-10045;MRO-10046;MRO-10047,MRO-10045;MRO-10046;MRO-10047,CNC Lathe,PUN-01,selection,12,normal,normal,approved_on_validation,우선 점검 후보
2024-02-25,AST-2017,A2,0,0.0033115077333796,6.950308057459216e-12,7.204719093093221e-15,MRO-40022;MRO-20031;MRO-40021,MRO-20031;MRO-10045;MRO-10046,Hydraulic Press,PUN-01,selection,12,normal,normal,approved_on_validation,우선 점검 후보
2024-02-25,AST-2031,A2,0,0.0032640058574852,6.836484808527697e-12,6.956205610891118e-15,MRO-20031;MRO-70005;MRO-10045,MRO-20031;MRO-10045;MRO-10047,Hydraulic Press,CHN-02,selection,12,normal,normal,approved_on_validation,우선 점검 후보
2024-02-25,AST-3008,A2,0,0.0033034021502608,6.163942082068839e-12,6.851174674440245e-15,MRO-70005;MRO-10045;MRO-10046,MRO-10045;MRO-10046;MRO-10047,Belt Conveyor,CHN-02,selection,12,normal,normal,approved_on_validation,우선 점검 후보
2024-02-25,AST-3019,A2,0,0.0032404284156188,6.6063298032388795e-12,6.6839226528036916e-15,MRO-10045;MRO-20031;MRO-50009,MRO-10045;MRO-20031;MRO-50009,Belt Conveyor,CHN-02,selection,12,normal,normal,approved_on_validation,우선 점검 후보
2024-02-25,AST-4055,A2,0,0.0031937434941947,5.9871084517229435e-12,6.082286056665045e-15,MRO-70005;MRO-20031;MRO-10045,MRO-20031;MRO-10045;MRO-10047,Screw Compressor,DHR-03,selection,12,normal,normal,approved_on_validation,우선 점검 후보
2024-02-25,AST-4061,A2,0,0.0032452094958549,6.647023910433659e-12,6.725397671121081e-15,MRO-10045;MRO-10046;MRO-10047,MRO-10045;MRO-10046;MRO-10047,Screw Compressor,DHR-03,selection,12,normal,normal,approved_on_validation,우선 점검 후보
2024-02-25,AST-5003,A2,0,0.0032510230376701,6.602495817415587e-12,6.7537408456133715e-15,MRO-70005;MRO-10045;MRO-10046,MRO-10045;MRO-10046;MRO-10047,EOT Crane,DHR-03,selection,12,normal,normal,approved_on_validation,우선 점검 후보
2024-02-25,AST-5007,A2,0,0.0032894375912383,6.8462015341557275e-12,7.0370395533747065e-15,MRO-10046;MRO-20031;MRO-20033,MRO-10046;MRO-20031;MRO-10045,EOT Crane,PUN-01,selection,12,normal,normal,approved_on_validation,우선 점검 후보
2024-02-26,AST-1041,A2,6,6.542701971799028,0.1287934910764678,0.0839141998661109,MRO-20031;MRO-10045;MRO-10047,MRO-20031;MRO-10045;MRO-10047,CNC Lathe,PUN-01,selection,12,risk,risk,approved_on_validation,우선 점검 후보
2024-02-26,AST-1042,A2,6,6.741041899981538,0.1391610200352342,0.0923611569177454,MRO-10047;MRO-20031;MRO-80001,MRO-10047;MRO-20031;MRO-80001,CNC Lathe,PUN-01,selection,12,risk,risk,approved_on_validation,우선 점검 후보
2024-02-26,AST-2017,A2,20,11.870382674856517,0.5180862123167036,0.4199278303827345,MRO-40022;MRO-30012;MRO-30011,MRO-10045;MRO-10047;MRO-80001,Hydraulic Press,PUN-01,selection,12,high_risk,high_risk,approved_on_validation,우선 점검 후보
2024-02-26,AST-2031,A2,4,7.861580078358576,0.2085931705171357,0.1479721496299845,MRO-10046;MRO-10045;MRO-80001,MRO-10046;MRO-10045;MRO-80001,Hydraulic Press,CHN-02,selection,12,caution,risk,approved_on_validation,우선 점검 후보
2024-02-26,AST-3008,A2,6,7.162200861307183,0.1652392016975875,0.1118996437483221,MRO-20031;MRO-10046;MRO-50009,MRO-20031;MRO-10046;MRO-50009,Belt Conveyor,CHN-02,selection,12,risk,risk,approved_on_validation,우선 점검 후보
2024-02-26,AST-3019,A2,4,5.7628889313025375,0.0907641647786109,0.0567050221949762,MRO-10047;MRO-10045;MRO-20031,MRO-10047;MRO-10045;MRO-20031,Belt Conveyor,CHN-02,selection,12,caution,caution,approved_on_validation,우선 점검 후보
2024-02-26,AST-4055,A2,5,7.984551231393995,0.2177869621493737,0.1563781139925742,MRO-10046;MRO-10047;MRO-50009,MRO-10046;MRO-10047;MRO-50009,Screw Compressor,DHR-03,selection,12,caution,risk,approved_on_validation,우선 점검 후보
2024-02-26,AST-4061,A2,3,7.52111851152859,0.1873741644823471,0.1295680916057467,MRO-10047;MRO-20031;MRO-10045,MRO-10047;MRO-20031;MRO-10045,Screw Compressor,DHR-03,selection,12,caution,risk,approved_on_validation,우선 점검 후보
2024-02-26,AST-5003,A2,1,7.794830369567858,0.2042676120136714,0.1444307321338913,MRO-10046;MRO-50009;MRO-10047,MRO-10046;MRO-50009;MRO-10047,EOT Crane,DHR-03,selection,12,caution,risk,approved_on_validation,우선 점검 후보
2024-02-26,AST-5007,A2,10,6.672783920926152,0.1334927101920101,0.089704962151193,MRO-10046;MRO-40021;MRO-10045,MRO-10046;MRO-10045;MRO-10047,EOT Crane,PUN-01,selection,12,risk,risk,approved_on_validation,우선 점검 후보
2024-02-27,AST-1041,A2,6,6.9899340710458935,0.1552251327451326,0.1036129764580076,MRO-80001;MRO-20031;MRO-10046,MRO-80001;MRO-20031;MRO-10046,CNC Lathe,PUN-01,selection,12,risk,risk,approved_on_validation,우선 점검 후보
2024-02-27,AST-1042,A2,11,6.524169393233985,0.1270509400266082,0.0830767281685371,MRO-10047;MRO-10045;MRO-60016,MRO-10047;MRO-10045;MRO-20031,CNC Lathe,PUN-01,selection,12,risk,risk,approved_on_validation,우선 점검 후보
2024-02-27,AST-2017,A2,8,8.274330365734574,0.2397956105148899,0.1732194162178058,MRO-10045;MRO-10046;MRO-50009,MRO-10045;MRO-10046;MRO-50009,Hydraulic Press,PUN-01,selection,12,risk,risk,approved_on_validation,우선 점검 후보
2024-02-27,AST-2031,A2,0,6.341197870191955,0.1186521119648008,0.0768185141873801,MRO-10045;MRO-80001;MRO-50009,MRO-10045;MRO-80001;MRO-50009,Hydraulic Press,CHN-02,selection,12,normal,risk,approved_on_validation,우선 점검 후보
2024-02-27,AST-3008,A2,12,7.258462494048836,0.1706402037390879,0.115970407823203,MRO-40022;MRO-80001;MRO-10046,MRO-80001;MRO-10046;MRO-50009,Belt Conveyor,CHN-02,selection,12,high_risk,risk,approved_on_validation,우선 점검 후보
2024-02-27,AST-3019,A2,8,5.647001315265584,0.0864166454467713,0.0527400888886022,MRO-10045;MRO-10047;MRO-20031,MRO-10045;MRO-10047;MRO-20031,Belt Conveyor,CHN-02,selection,12,risk,caution,approved_on_validation,우선 점검 후보
2024-02-27,AST-4055,A2,12,7.818820239899844,0.2084180535710845,0.1455581931163419,MRO-10047;MRO-10045;MRO-20031,MRO-10047;MRO-10045;MRO-20031,Screw Compressor,DHR-03,selection,12,high_risk,risk,approved_on_validation,우선 점검 후보
2024-02-27,AST-4061,A2,6,6.321070170777061,0.1176014827383096,0.0750976243765617,MRO-10045;MRO-20031;MRO-40021,MRO-10045;MRO-20031;MRO-10046,Screw Compressor,DHR-03,selection,12,risk,risk,approved_on_validation,우선 점검 후보
2024-02-27,AST-5003,A2,10,8.882178274308991,0.2851422236441277,0.2111282964319009,MRO-10046;MRO-50009;MRO-10047,MRO-10046;MRO-50009;MRO-10047,EOT Crane,DHR-03,selection,12,risk,risk,approved_on_validation,우선 점검 후보
2024-02-27,AST-5007,A2,8,6.016057839193054,0.1012117124380049,0.0636086195708142,MRO-20031;MRO-10047;MRO-10045,MRO-20031;MRO-10047;MRO-10045,EOT Crane,PUN-01,selection,12,risk,risk,approved_on_validation,우선 점검 후보
2024-02-28,AST-1041,A2,9,6.3636652752568255,0.1185293445924357,0.0761557630607859,MRO-30011;MRO-10047;MRO-20031,MRO-10047;MRO-20031;MRO-50009,CNC Lathe,PUN-01,selection,12,risk,risk,approved_on_validation,우선 점검 후보
2024-02-28,AST-1042,A2,13,6.479368014241905,0.1269877505404108,0.0813221999217449,MRO-10047;MRO-20031;MRO-40022,MRO-10047;MRO-20031;MRO-10045,CNC Lathe,PUN-01,selection,12,high_risk,risk,approved_on_validation,우선 점검 후보
2024-02-28,AST-2017,A2,2,8.396480374018205,0.2493549954014889,0.1805785857525164,MRO-10045;MRO-10046;MRO-50009,MRO-10045;MRO-10046;MRO-50009,Hydraulic Press,PUN-01,selection,12,caution,risk,approved_on_validation,우선 점검 후보
2024-02-28,AST-2031,A2,5,7.399766829268216,0.1796771499639894,0.1241083491949734,MRO-10046;MRO-10045;MRO-80001,MRO-10046;MRO-10045;MRO-80001,Hydraulic Press,CHN-02,selection,12,caution,risk,approved_on_validation,우선 점검 후보
2024-02-28,AST-3008,A2,10,6.362911414347705,0.120164689773085,0.0767575709394038,MRO-80001;MRO-10047;MRO-40022,MRO-80001;MRO-10047;MRO-10045,Belt Conveyor,CHN-02,selection,12,risk,risk,approved_on_validation,우선 점검 후보
2024-02-28,AST-3019,A2,5,5.733368146637336,0.089677382348591,0.0549107629404867,MRO-10047;MRO-10045;MRO-20031,MRO-10047;MRO-10045;MRO-20031,Belt Conveyor,CHN-02,selection,12,caution,caution,approved_on_validation,우선 점검 후보
2024-02-28,AST-4055,A2,3,8.122626619409605,0.2245910960844713,0.1635719249157157,MRO-20031;MRO-80001;MRO-10045,MRO-20031;MRO-80001;MRO-10045,Screw Compressor,DHR-03,selection,12,caution,risk,approved_on_validation,우선 점검 후보
2024-02-28,AST-4061,A2,7,8.073689071317576,0.2159749418208327,0.1570840011226978,MRO-40021;MRO-20033;MRO-70005,MRO-10047;MRO-80001;MRO-20031,Screw Compressor,DHR-03,selection,12,risk,risk,approved_on_validation,우선 점검 후보
2024-02-28,AST-5003,A2,5,7.435636949611779,0.180608970639971,0.1265691967995422,MRO-10046;MRO-20031;MRO-10047,MRO-10046;MRO-20031;MRO-10047,EOT Crane,DHR-03,selection,12,caution,risk,approved_on_validation,우선 점검 후보
2024-02-28,AST-5007,A2,4,6.405424878142277,0.1201258629361734,0.0767190129605209,MRO-40022;MRO-10046;MRO-80002,MRO-10046;MRO-20031;MRO-10047,EOT Crane,PUN-01,selection,12,caution,risk,approved_on_validation,우선 점검 후보
2024-02-29,AST-1041,A2,6,6.997070539477222,0.1550796100333389,0.1041506944164758,MRO-10045;MRO-50008;MRO-10047,MRO-10045;MRO-10047;MRO-80001,CNC Lathe,PUN-01,selection,12,risk,risk,approved_on_validation,우선 점검 후보
2024-02-29,AST-1042,A2,4,6.410009140833031,0.1218381584016495,0.0782272505373666,MRO-10045;MRO-20031;MRO-10047,MRO-10045;MRO-20031;MRO-10047,CNC Lathe,PUN-01,selection,12,caution,risk,approved_on_validation,우선 점검 후보
2024-02-29,AST-2017,A2,12,7.806362657630491,0.20551434470781,0.1463437723995529,MRO-10046;MRO-10047;MRO-80001,MRO-10046;MRO-10047;MRO-80001,Hydraulic Press,PUN-01,selection,12,high_risk,risk,approved_on_validation,우선 점검 후보
2024-02-29,AST-2031,A2,4,7.270808605810663,0.1725485441323479,0.1178919684242128,MRO-20031;MRO-10046;MRO-10045,MRO-20031;MRO-10046;MRO-10045,Hydraulic Press,CHN-02,selection,12,caution,risk,approved_on_validation,우선 점검 후보
2024-02-29,AST-3008,A2,5,7.183022326003606,0.1663296804006742,0.1132613321228784,MRO-10047;MRO-10045;MRO-80001,MRO-10047;MRO-10045;MRO-80001,Belt Conveyor,CHN-02,selection,12,caution,risk,approved_on_validation,우선 점검 후보
2024-02-29,AST-3019,A2,9,5.8716257352505,0.0950590818777634,0.0594897707228721,MRO-10047;MRO-10045;MRO-20031,MRO-10047;MRO-10045;MRO-20031,Belt Conveyor,CHN-02,selection,12,risk,risk,approved_on_validation,우선 점검 후보
2024-02-29,AST-4055,A2,8,8.328649642266491,0.243465359004825,0.1752675932465099,MRO-10047;MRO-20031;MRO-80001,MRO-10047;MRO-20031;MRO-80001,Screw Compressor,DHR-03,selection,12,risk,risk,approved_on_validation,우선 점검 후보
2024-02-29,AST-4061,A2,2,6.772034115393378,0.1439936413389401,0.0941819595596929,MRO-10046;MRO-10045;MRO-20031,MRO-10046;MRO-10045;MRO-20031,Screw Compressor,DHR-03,selection,12,caution,risk,approved_on_validation,우선 점검 후보
2024-02-29,AST-5003,A2,20,11.11858818094858,0.4511141663089427,0.373009702503437,MRO-20031;MRO-10047;MRO-90011,MRO-20031;MRO-10047;MRO-10045,EOT Crane,DHR-03,selection,12,high_risk,high_risk,approved_on_validation,우선 점검 후보
2024-02-29,AST-5007,A2,0,6.4278893063739515,0.1219020423375983,0.0779136164529824,MRO-40022;MRO-80001;MRO-50009,MRO-80001;MRO-50009;MRO-10047,EOT Crane,PUN-01,selection,12,normal,risk,approved_on_validation,우선 점검 후보
2024-03-01,AST-1041,A2,3,6.666495866368776,0.1330202671515414,0.0891345099572065,MRO-80001;MRO-70004;MRO-10047,MRO-80001;MRO-10047;MRO-10045,CNC Lathe,PUN-01,selection,12,caution,risk,approved_on_validation,우선 점검 후보
2024-03-01,AST-1042,A2,3,6.6479476043131145,0.1346542936927747,0.087904812609656,MRO-10045;MRO-20031;MRO-80001,MRO-10045;MRO-20031;MRO-80001,CNC Lathe,PUN-01,selection,12,caution,risk,approved_on_validation,우선 점검 후보
2024-03-01,AST-2017,A2,23,8.688794638569926,0.2680962142948747,0.1991974089133339,MRO-80001;MRO-10046;MRO-10047,MRO-80001;MRO-10046;MRO-10047,Hydraulic Press,PUN-01,selection,12,high_risk,risk,approved_on_validation,우선 점검 후보
2024-03-01,AST-2031,A2,16,10.553318846953998,0.411090681677168,0.3280542866913467,MRO-10046;MRO-80001;MRO-40021,MRO-10046;MRO-80001;MRO-10045,Hydraulic Press,CHN-02,selection,12,high_risk,risk,approved_on_validation,우선 점검 후보
2024-03-01,AST-3008,A2,5,6.667998220191655,0.1370236235001236,0.0899629332850783,MRO-10047;MRO-80001;MRO-50009,MRO-10047;MRO-80001;MRO-50009,Belt Conveyor,CHN-02,selection,12,caution,risk,approved_on_validation,우선 점검 후보
2024-03-01,AST-3019,A2,4,5.62354956002681,0.0850883466076725,0.0518249986859692,MRO-10045;MRO-80001;MRO-20031,MRO-10045;MRO-80001;MRO-20031,Belt Conveyor,CHN-02,selection,12,caution,caution,approved_on_validation,우선 점검 후보
2024-03-01,AST-4055,A2,7,8.105743852126245,0.2275070116610009,0.1623963672409295,MRO-10047;MRO-80001;MRO-20031,MRO-10047;MRO-80001;MRO-20031,Screw Compressor,DHR-03,selection,12,risk,risk,approved_on_validation,우선 점검 후보
2024-03-01,AST-4061,A2,8,7.380093967660562,0.1811111179577895,0.12363419989642,MRO-10047;MRO-10045;MRO-80001,MRO-10047;MRO-10045;MRO-80001,Screw Compressor,DHR-03,selection,12,risk,risk,approved_on_validation,우선 점검 후보
2024-03-01,AST-5003,A2,16,8.146926817464022,0.2304339565016951,0.1655357982254959,MRO-10045;MRO-10046;MRO-10047,MRO-10045;MRO-10046;MRO-10047,EOT Crane,DHR-03,selection,12,high_risk,risk,approved_on_validation,우선 점검 후보
2024-03-01,AST-5007,A2,2,6.411533357746273,0.1203451896992618,0.0788470976341768,MRO-10045;MRO-40022;MRO-10047,MRO-10045;MRO-10047;MRO-80001,EOT Crane,PUN-01,selection,12,caution,risk,approved_on_validation,우선 점검 후보
2024-03-02,AST-1041,A2,0,0.0031244526800296,4.896710457657148e-12,4.958158695151471e-15,MRO-40022;MRO-20033;MRO-10045,MRO-10045;MRO-10046;MRO-20031,CNC Lathe,PUN-01,selection,12,normal,normal,approved_on_validation,우선 점검 후보
2024-03-02,AST-1042,A2,0,0.0032302901562228,6.5741236136258695e-12,6.633330514836155e-15,MRO-10045;MRO-10046;MRO-10047,MRO-10045;MRO-10046;MRO-10047,CNC Lathe,PUN-01,selection,12,normal,normal,approved_on_validation,우선 점검 후보
2024-03-02,AST-2017,A2,0,0.0034334740245657,8.074732113739033e-12,8.534939792263882e-15,MRO-50008;MRO-80002;MRO-10046,MRO-10046;MRO-10047;MRO-10045,Hydraulic Press,PUN-01,selection,12,normal,normal,approved_on_validation,우선 점검 후보
2024-03-02,AST-2031,A2,0,0.0032190181520352,6.49367511724934e-12,6.5345948779962565e-15,MRO-10045;MRO-10047;MRO-50009,MRO-10045;MRO-10047;MRO-50009,Hydraulic Press,CHN-02,selection,12,normal,normal,approved_on_validation,우선 점검 후보
2024-03-02,AST-3008,A2,0,0.0031373630063009,5.660796863486869e-12,5.6241554943884406e-15,MRO-10045;MRO-50009;MRO-80001,MRO-10045;MRO-50009;MRO-80001,Belt Conveyor,CHN-02,selection,12,normal,normal,approved_on_validation,우선 점검 후보
2024-03-02,AST-3019,A2,0,0.0032300276891559,6.673372535615701e-12,6.677585923395074e-15,MRO-10045;MRO-10046;MRO-10047,MRO-10045;MRO-10046;MRO-10047,Belt Conveyor,CHN-02,selection,12,normal,normal,approved_on_validation,우선 점검 후보
2024-03-02,AST-4055,A2,0,0.0033672700074459,7.56773632968521e-12,7.889398828961716e-15,MRO-10046;MRO-10045;MRO-10047,MRO-10046;MRO-10045;MRO-10047,Screw Compressor,DHR-03,selection,12,normal,normal,approved_on_validation,우선 점검 후보
2024-03-02,AST-4061,A2,0,0.0032759768258892,6.8147203109288464e-12,6.972076693807066e-15,MRO-10046;MRO-50008;MRO-80002,MRO-10046;MRO-10045;MRO-10047,Screw Compressor,DHR-03,selection,12,normal,normal,approved_on_validation,우선 점검 후보
2024-03-02,AST-5003,A2,0,0.0032997974569457,7.008616013146958e-12,7.229108584432331e-15,MRO-10047;MRO-20031;MRO-60015,MRO-10047;MRO-20031;MRO-10046,EOT Crane,DHR-03,selection,12,normal,normal,approved_on_validation,우선 점검 후보
2024-03-02,AST-5007,A2,0,0.0032365976305475,6.532371294186058e-12,6.613986401164685e-15,MRO-10045;MRO-10046;MRO-10047,MRO-10045;MRO-10046;MRO-10047,EOT Crane,PUN-01,selection,12,normal,normal,approved_on_validation,우선 점검 후보
2024-03-03,AST-1041,A2,0,0.0031267616097216,4.918874561151954e-12,4.980518430574184e-15,MRO-40022;MRO-20033;MRO-10045,MRO-10045;MRO-10046;MRO-10047,CNC Lathe,PUN-01,selection,12,normal,normal,approved_on_validation,우선 점검 후보
2024-03-03,AST-1042,A2,0,0.0032370573389677,6.574260211327896e-12,6.654973629327572e-15,MRO-10045;MRO-10046;MRO-10047,MRO-10045;MRO-10046;MRO-10047,CNC Lathe,PUN-01,selection,12,normal,normal,approved_on_validation,우선 점검 후보
2024-03-03,AST-2017,A2,0,0.0036011388326325,8.551054775730872e-12,9.695374568681607e-15,MRO-50009;MRO-20033;MRO-20032,MRO-50009;MRO-20031;MRO-80001,Hydraulic Press,PUN-01,selection,12,normal,normal,approved_on_validation,우선 점검 후보
2024-03-03,AST-2031,A2,0,0.0032175952297659,6.902114929648595e-12,6.781536711038579e-15,MRO-20031;MRO-10046;MRO-80001,MRO-20031;MRO-10046;MRO-80001,Hydraulic Press,CHN-02,selection,12,normal,normal,approved_on_validation,우선 점검 후보
2024-03-03,AST-3008,A2,0,0.003204398594653,6.5143813201077464e-12,6.4412778511635336e-15,MRO-20031;MRO-10045;MRO-10046,MRO-20031;MRO-10045;MRO-10046,Belt Conveyor,CHN-02,selection,12,normal,normal,approved_on_validation,우선 점검 후보
2024-03-03,AST-3019,A2,0,0.0032178825630597,6.526342047914334e-12,6.5297659496790065e-15,MRO-10046;MRO-10047;MRO-20031,MRO-10046;MRO-10047;MRO-20031,Belt Conveyor,CHN-02,selection,12,normal,normal,approved_on_validation,우선 점검 후보
2024-03-03,AST-4055,A2,0,0.0032076605296534,6.142265497222421e-12,6.234778100086006e-15,MRO-10045;MRO-10047;MRO-20031,MRO-10045;MRO-10047;MRO-20031,Screw Compressor,DHR-03,selection,12,normal,normal,approved_on_validation,우선 점검 후보
2024-03-03,AST-4061,A2,0,0.0032243452777333,6.520796910444259e-12,6.558457090669072e-15,MRO-10045;MRO-10047;MRO-20031,MRO-10045;MRO-10047;MRO-20031,Screw Compressor,DHR-03,selection,12,normal,normal,approved_on_validation,우선 점검 후보
2024-03-03,AST-5003,A2,0,0.00396654730631,1.859686424958791e-11,1.8574078744975214e-14,MRO-10046;MRO-10047;MRO-80001,MRO-10046;MRO-10047;MRO-80001,EOT Crane,DHR-03,selection,12,normal,normal,approved_on_validation,우선 점검 후보
2024-03-03,AST-5007,A2,0,0.0032698467295405,6.532371708213761e-12,6.8309745523537375e-15,MRO-70004;MRO-20032;MRO-90012,MRO-10045;MRO-10046;MRO-10047,EOT Crane,PUN-01,selection,12,normal,normal,approved_on_validation,우선 점검 후보
2024-03-04,AST-1041,A2,9,6.870765702857683,0.14296657756366,0.0978300116219418,MRO-50008;MRO-10047;MRO-70004,MRO-10047;MRO-10045;MRO-10046,CNC Lathe,PUN-01,selection,12,risk,risk,approved_on_validation,우선 점검 후보
2024-03-04,AST-1042,A2,5,5.949205731407647,0.0988364849009587,0.0619820280480869,MRO-10045;MRO-20031;MRO-80001,MRO-10045;MRO-20031;MRO-80001,CNC Lathe,PUN-01,selection,12,caution,risk,approved_on_validation,우선 점검 후보
2024-03-04,AST-2017,A2,4,8.124616752110049,0.2301348976845829,0.1646409401749665,MRO-10046;MRO-10047;MRO-20031,MRO-10046;MRO-10047;MRO-20031,Hydraulic Press,PUN-01,selection,12,caution,risk,approved_on_validation,우선 점검 후보
2024-03-04,AST-2031,A2,7,7.063095673770554,0.1588997964686415,0.1078570353945154,MRO-10045;MRO-20031;MRO-80001,MRO-10045;MRO-20031;MRO-80001,Hydraulic Press,CHN-02,selection,12,risk,risk,approved_on_validation,우선 점검 후보
2024-03-04,AST-3008,A2,0,6.350916033745136,0.1197854125905336,0.0771685578772715,MRO-10045;MRO-10047;MRO-20031,MRO-10045;MRO-10047;MRO-20031,Belt Conveyor,CHN-02,selection,12,normal,risk,approved_on_validation,우선 점검 후보
2024-03-04,AST-3019,A2,2,5.661824661863719,0.0860509264067864,0.0526146834752728,MRO-10045;MRO-80001;MRO-10047,MRO-10045;MRO-80001;MRO-10047,Belt Conveyor,CHN-02,selection,12,caution,caution,approved_on_validation,우선 점검 후보
2024-03-04,AST-4055,A2,0,7.177746243741646,0.1679121660831082,0.1132240186556184,MRO-10047;MRO-80001;MRO-10045,MRO-10047;MRO-80001;MRO-10045,Screw Compressor,DHR-03,selection,12,normal,risk,approved_on_validation,우선 점검 후보
2024-03-04,AST-4061,A2,4,6.25203134425437,0.1124857400562285,0.0722057900126798,MRO-60015;MRO-10046;MRO-50009,MRO-10046;MRO-50009;MRO-10047,Screw Compressor,DHR-03,selection,12,caution,risk,approved_on_validation,우선 점검 후보
2024-03-04,AST-5003,A2,10,7.735011424929132,0.1995776805586095,0.1419645342984015,MRO-20031;MRO-50009;MRO-80001,MRO-20031;MRO-50009;MRO-80001,EOT Crane,DHR-03,selection,12,risk,risk,approved_on_validation,우선 점검 후보
2024-03-04,AST-5007,A2,4,5.787340101049975,0.0865736114135589,0.0546103852662675,MRO-40022;MRO-10045;MRO-90012,MRO-10045;MRO-10047;MRO-10046,EOT Crane,PUN-01,selection,12,caution,caution,approved_on_validation,우선 점검 후보
2024-03-05,AST-1041,A2,4,6.195543397658528,0.1068522849021763,0.070162351109401,MRO-10047;MRO-10045;MRO-10046,MRO-10047;MRO-10045;MRO-10046,CNC Lathe,PUN-01,selection,12,caution,risk,approved_on_validation,우선 점검 후보
2024-03-05,AST-1042,A2,8,5.976537088570727,0.1000581864891193,0.0630155764718605,MRO-10046;MRO-10045;MRO-20031,MRO-10046;MRO-10045;MRO-20031,CNC Lathe,PUN-01,selection,12,risk,risk,approved_on_validation,우선 점검 후보
2024-03-05,AST-2017,A2,5,8.143107072834367,0.2313684717495088,0.1667804751320581,MRO-10045;MRO-20031;MRO-50009,MRO-10045;MRO-20031;MRO-50009,Hydraulic Press,PUN-01,selection,12,caution,risk,approved_on_validation,우선 점검 후보
2024-03-05,AST-2031,A2,4,7.290205053121763,0.1734082683437571,0.1192010333079874,MRO-80001;MRO-10046;MRO-20031,MRO-80001;MRO-10046;MRO-20031,Hydraulic Press,CHN-02,selection,12,caution,risk,approved_on_validation,우선 점검 후보
2024-03-05,AST-3008,A2,14,7.235947388344771,0.1700734846353875,0.1154259768849078,MRO-20033;MRO-20031;MRO-10047,MRO-20031;MRO-10047;MRO-10045,Belt Conveyor,CHN-02,selection,12,high_risk,risk,approved_on_validation,우선 점검 후보
2024-03-05,AST-3019,A2,0,5.495678792424925,0.0774397951574897,0.0475993205786462,MRO-10045;MRO-80001;MRO-10047,MRO-10045;MRO-80001;MRO-10047,Belt Conveyor,CHN-02,selection,12,normal,caution,approved_on_validation,우선 점검 후보
2024-03-05,AST-4055,A2,14,8.009607573844098,0.221354713572907,0.1567820634253215,MRO-10047;MRO-80001;MRO-50009,MRO-10047;MRO-80001;MRO-50009,Screw Compressor,DHR-03,selection,12,high_risk,risk,approved_on_validation,우선 점검 후보
2024-03-05,AST-4061,A2,6,6.67967911779694,0.1367702811953924,0.0902935568146522,MRO-10046;MRO-10047;MRO-80001,MRO-10046;MRO-10047;MRO-80001,Screw Compressor,DHR-03,selection,12,risk,risk,approved_on_validation,우선 점검 후보
2024-03-05,AST-5003,A2,4,7.658494293996357,0.197561521202212,0.1381478577211037,MRO-10045;MRO-80001;MRO-50009,MRO-10045;MRO-80001;MRO-50009,EOT Crane,DHR-03,selection,12,caution,risk,approved_on_validation,우선 점검 후보
2024-03-05,AST-5007,A2,2,5.6587512434198315,0.0809937199942982,0.0500217705342653,MRO-40022;MRO-10045;MRO-10047,MRO-10045;MRO-10047;MRO-50009,EOT Crane,PUN-01,selection,12,caution,caution,approved_on_validation,우선 점검 후보
2024-03-06,AST-1041,A2,2,6.3397132290446985,0.1147049548036181,0.076274832370178,MRO-20031;MRO-10047;MRO-10045,MRO-20031;MRO-10047;MRO-10045,CNC Lathe,PUN-01,selection,12,caution,risk,approved_on_validation,우선 점검 후보
2024-03-06,AST-1042,A2,3,5.9284281014636715,0.0971731089283886,0.0604874486883273,MRO-20033;MRO-10045;MRO-10047,MRO-10045;MRO-10047;MRO-80001,CNC Lathe,PUN-01,selection,12,caution,risk,approved_on_validation,우선 점검 후보
2024-03-06,AST-2017,A2,6,8.697180654908397,0.272170930045375,0.1992085078575175,MRO-50009;MRO-80001;MRO-10045,MRO-50009;MRO-80001;MRO-10045,Hydraulic Press,PUN-01,selection,12,risk,risk,approved_on_validation,우선 점검 후보
2024-03-06,AST-2031,A2,3,7.159518739207971,0.1647426430705673,0.112870276538924,MRO-10046;MRO-20031;MRO-10045,MRO-10046;MRO-20031;MRO-10045,Hydraulic Press,CHN-02,selection,12,caution,risk,approved_on_validation,우선 점검 후보
2024-03-06,AST-3008,A2,4,6.2675628751605785,0.1138050585912532,0.0733399658234078,MRO-10047;MRO-50009;MRO-20031,MRO-10047;MRO-50009;MRO-20031,Belt Conveyor,CHN-02,selection,12,caution,risk,approved_on_validation,우선 점검 후보
2024-03-06,AST-3019,A2,1,5.590539702805563,0.0830010529733267,0.0505458620878253,MRO-10045;MRO-10047;MRO-80001,MRO-10045;MRO-10047;MRO-80001,Belt Conveyor,CHN-02,selection,12,caution,caution,approved_on_validation,우선 점검 후보
2024-03-06,AST-4055,A2,20,8.214705700781856,0.2367857835911972,0.1697376185319371,MRO-10046;MRO-10047;MRO-50009,MRO-10046;MRO-10047;MRO-50009,Screw Compressor,DHR-03,selection,12,high_risk,risk,approved_on_validation,우선 점검 후보
2024-03-06,AST-4061,A2,6,6.633656388274782,0.1351593127260747,0.0889230439556009,MRO-50009;MRO-10046;MRO-10047,MRO-50009;MRO-10046;MRO-10047,Screw Compressor,DHR-03,selection,12,risk,risk,approved_on_validation,우선 점검 후보
2024-03-06,AST-5003,A2,2,6.009781432217299,0.1000458138899054,0.0631547515810743,MRO-50009;MRO-10045;MRO-20031,MRO-50009;MRO-10045;MRO-20031,EOT Crane,DHR-03,selection,12,caution,risk,approved_on_validation,우선 점검 후보
2024-03-06,AST-5007,A2,8,4.692959385942217,0.0464134656594816,0.0264016350817079,MRO-20031;MRO-20033;MRO-80002,MRO-20031;MRO-10047;MRO-80001,EOT Crane,PUN-01,selection,12,risk,caution,approved_on_validation,우선 점검 후보
2024-03-07,AST-1041,A2,8,6.355231425381264,0.1192774584335307,0.0767810111440226,MRO-20031;MRO-10047;MRO-10045,MRO-20031;MRO-10047;MRO-10045,CNC Lathe,PUN-01,selection,12,risk,risk,approved_on_validation,우선 점검 후보
2024-03-07,AST-1042,A2,2,6.083913284660931,0.105454309746272,0.0669669129080673,MRO-10045;MRO-80001;MRO-10047,MRO-10045;MRO-80001;MRO-10047,CNC Lathe,PUN-01,selection,12,caution,risk,approved_on_validation,우선 점검 후보
2024-03-07,AST-2017,A2,8,8.722444657987715,0.2734531088615617,0.2010408071765385,MRO-80001;MRO-10045;MRO-20031,MRO-80001;MRO-10045;MRO-20031,Hydraulic Press,PUN-01,selection,12,risk,risk,approved_on_validation,우선 점검 후보
2024-03-07,AST-2031,A2,2,6.362922520813802,0.1196764172657879,0.0774867238740949,MRO-10045;MRO-10046;MRO-20031,MRO-10045;MRO-10046;MRO-20031,Hydraulic Press,CHN-02,selection,12,caution,risk,approved_on_validation,우선 점검 후보
2024-03-07,AST-3008,A2,15,7.886116581774219,0.2026662523421322,0.1487259008915614,MRO-70004;MRO-80002;MRO-30011,MRO-10045;MRO-20031;MRO-80001,Belt Conveyor,CHN-02,selection,12,high_risk,risk,approved_on_validation,우선 점검 후보
2024-03-07,AST-3019,A2,2,5.578443221120249,0.0828240594687581,0.0499965392319713,MRO-10045;MRO-80001;MRO-10047,MRO-10045;MRO-80001;MRO-10047,Belt Conveyor,CHN-02,selection,12,caution,caution,approved_on_validation,우선 점검 후보
2024-03-07,AST-4055,A2,9,8.402719853849355,0.247685918463625,0.1801659721633285,MRO-50009;MRO-20031;MRO-80001,MRO-50009;MRO-20031;MRO-80001,Screw Compressor,DHR-03,selection,12,risk,risk,approved_on_validation,우선 점검 후보
2024-03-07,AST-4061,A2,8,7.1277473774906115,0.164177505421385,0.1108640445497918,MRO-10045;MRO-10046;MRO-80001,MRO-10045;MRO-10046;MRO-80001,Screw Compressor,DHR-03,selection,12,risk,risk,approved_on_validation,우선 점검 후보
2024-03-07,AST-5003,A2,14,8.448643665022844,0.2483754021812228,0.1818876005912713,MRO-50009;MRO-10046;MRO-20031,MRO-50009;MRO-10046;MRO-20031,EOT Crane,DHR-03,selection,12,high_risk,risk,approved_on_validation,우선 점검 후보
2024-03-07,AST-5007,A2,10,5.586836435209185,0.0801457190799594,0.0491819852590983,MRO-40022;MRO-10047;MRO-10045,MRO-10047;MRO-10045;MRO-10046,EOT Crane,PUN-01,selection,12,risk,caution,approved_on_validation,우선 점검 후보
2024-03-08,AST-1041,A2,6,6.443145796912093,0.1237518398494941,0.0801361617769869,MRO-10047;MRO-20031;MRO-10046,MRO-10047;MRO-20031;MRO-10046,CNC Lathe,PUN-01,selection,12,risk,risk,approved_on_validation,우선 점검 후보
2024-03-08,AST-1042,A2,4,6.020570734397792,0.1027359087453302,0.0646083612560138,MRO-10046;MRO-10045;MRO-10047,MRO-10046;MRO-10045;MRO-10047,CNC Lathe,PUN-01,selection,12,caution,risk,approved_on_validation,우선 점검 후보
2024-03-08,AST-2017,A2,12,8.554491020107266,0.2606350483834608,0.1898824640246328,MRO-10047;MRO-50009;MRO-20031,MRO-10047;MRO-50009;MRO-20031,Hydraulic Press,PUN-01,selection,12,high_risk,risk,approved_on_validation,우선 점검 후보
2024-03-08,AST-2031,A2,5,7.228822201567781,0.1693409746584945,0.1163589609352465,MRO-10046;MRO-80001;MRO-10045,MRO-10046;MRO-80001;MRO-10045,Hydraulic Press,CHN-02,selection,12,caution,risk,approved_on_validation,우선 점검 후보
2024-03-08,AST-3008,A2,14,6.783355981624417,0.143364447679559,0.0951012073122879,MRO-10045;MRO-80001;MRO-80002,MRO-10045;MRO-80001;MRO-10047,Belt Conveyor,CHN-02,selection,12,high_risk,risk,approved_on_validation,우선 점검 후보
2024-03-08,AST-3019,A2,5,5.6419347718077795,0.0842898326788678,0.0522509460603312,MRO-10045;MRO-80001;MRO-10047,MRO-10045;MRO-80001;MRO-10047,Belt Conveyor,CHN-02,selection,12,caution,caution,approved_on_validation,우선 점검 후보
2024-03-08,AST-4055,A2,3,8.437656950183117,0.249597011486994,0.1825956374652468,MRO-20033;MRO-10045;MRO-10047,MRO-10045;MRO-10047;MRO-20031,Screw Compressor,DHR-03,selection,12,caution,risk,approved_on_validation,우선 점검 후보
2024-03-08,AST-4061,A2,11,6.87345924431224,0.1474083792464307,0.098509510069139,MRO-50009;MRO-80001;MRO-10045,MRO-50009;MRO-80001;MRO-10045,Screw Compressor,DHR-03,selection,12,risk,risk,approved_on_validation,우선 점검 후보
2024-03-08,AST-5003,A2,8,7.428088316626448,0.1835822014267953,0.1255393833100748,MRO-50009;MRO-10047;MRO-10046,MRO-50009;MRO-10047;MRO-10046,EOT Crane,DHR-03,selection,12,risk,risk,approved_on_validation,우선 점검 후보
2024-03-08,AST-5007,A2,10,5.634584579619742,0.0820008382001568,0.0507967675944513,MRO-10045;MRO-10047;MRO-10046,MRO-10045;MRO-10047;MRO-10046,EOT Crane,PUN-01,selection,12,risk,caution,approved_on_validation,우선 점검 후보
2024-03-09,AST-1041,A2,0,0.0032406252138966,6.579652448697453e-12,6.665361080981967e-15,MRO-10045;MRO-10046;MRO-80001,MRO-10045;MRO-10046;MRO-80001,CNC Lathe,PUN-01,selection,12,normal,normal,approved_on_validation,우선 점검 후보
2024-03-09,AST-1042,A2,0,0.0033172265218284,6.575823956411542e-12,6.919153576789801e-15,MRO-80002;MRO-10045;MRO-10046,MRO-10045;MRO-10046;MRO-10047,CNC Lathe,PUN-01,selection,12,normal,normal,approved_on_validation,우선 점검 후보
2024-03-09,AST-2017,A2,0,0.0032948533878637,7.2714581482253675e-12,7.379060260667567e-15,MRO-10045;MRO-20031;MRO-10046,MRO-10045;MRO-20031;MRO-10046,Hydraulic Press,PUN-01,selection,12,normal,normal,approved_on_validation,우선 점검 후보
2024-03-09,AST-2031,A2,0,0.0032132578709688,6.52166118997289e-12,6.5356477039052985e-15,MRO-10045;MRO-10046;MRO-20031,MRO-10045;MRO-10046;MRO-20031,Hydraulic Press,CHN-02,selection,12,normal,normal,approved_on_validation,우선 점검 후보
2024-03-09,AST-3008,A2,0,0.0031340335655505,5.665249870623062e-12,5.614495240696582e-15,MRO-10047;MRO-50009;MRO-30012,MRO-10047;MRO-50009;MRO-80001,Belt Conveyor,CHN-02,selection,12,normal,normal,approved_on_validation,우선 점검 후보
2024-03-09,AST-3019,A2,0,0.0033088182082523,6.769526118508851e-12,7.238609854139213e-15,MRO-90012;MRO-70005;MRO-90011,MRO-80001;MRO-10045;MRO-10046,Belt Conveyor,CHN-02,selection,12,normal,normal,approved_on_validation,우선 점검 후보
2024-03-09,AST-4055,A2,0,0.003231860419467,6.595489483306412e-12,6.6582125518645155e-15,MRO-10045;MRO-10047;MRO-20031,MRO-10045;MRO-10047;MRO-20031,Screw Compressor,DHR-03,selection,12,normal,normal,approved_on_validation,우선 점검 후보
2024-03-09,AST-4061,A2,0,0.0032846390431456,6.945363833742421e-12,7.11213779664234e-15,MRO-10045;MRO-10047;MRO-60016,MRO-10045;MRO-10047;MRO-10046,Screw Compressor,DHR-03,selection,12,normal,normal,approved_on_validation,우선 점검 후보
2024-03-09,AST-5003,A2,0,0.0034865068366392,8.179305594303213e-12,8.954186592255266e-15,MRO-70004;MRO-30012;MRO-10046,MRO-10046;MRO-10047;MRO-10045,EOT Crane,DHR-03,selection,12,normal,normal,approved_on_validation,우선 점검 후보
2024-03-09,AST-5007,A2,0,0.0032468745608357,6.716572013262133e-12,6.7976679248652226e-15,MRO-10045;MRO-10047;MRO-60016,MRO-10045;MRO-10047;MRO-20031,EOT Crane,PUN-01,selection,12,normal,normal,approved_on_validation,우선 점검 후보
2024-03-10,AST-1041,A2,0,0.002918178166867,4.832811763392633e-12,4.397359818877418e-15,MRO-10045;MRO-10046;MRO-10047,MRO-10045;MRO-10046;MRO-10047,CNC Lathe,PUN-01,selection,12,normal,normal,approved_on_validation,우선 점검 후보
2024-03-10,AST-1042,A2,0,0.0032369108590898,6.5742544746478084e-12,6.654969277461775e-15,MRO-10045;MRO-10046;MRO-10047,MRO-10045;MRO-10046;MRO-10047,CNC Lathe,PUN-01,selection,12,normal,normal,approved_on_validation,우선 점검 후보
2024-03-10,AST-2017,A2,0,0.0033292503493075,7.512692496447507e-12,7.697880882405937e-15,MRO-10045;MRO-20031;MRO-10046,MRO-10045;MRO-20031;MRO-10046,Hydraulic Press,PUN-01,selection,12,normal,normal,approved_on_validation,우선 점검 후보
2024-03-10,AST-2031,A2,0,0.003360448112681,8.200008036690523e-12,8.249967082104312e-15,MRO-10047;MRO-10045;MRO-10046,MRO-10047;MRO-10045;MRO-10046,Hydraulic Press,CHN-02,selection,12,normal,normal,approved_on_validation,우선 점검 후보
2024-03-10,AST-3008,A2,0,0.0031356010945056,5.677567627462791e-12,5.627218410859016e-15,MRO-10047;MRO-50009;MRO-80001,MRO-10047;MRO-50009;MRO-80001,Belt Conveyor,CHN-02,selection,12,normal,normal,approved_on_validation,우선 점검 후보
2024-03-10,AST-3019,A2,0,0.0032219715296408,6.51932958378309e-12,6.5531115853852026e-15,MRO-10045;MRO-10046;MRO-10047,MRO-10045;MRO-10046;MRO-10047,Belt Conveyor,CHN-02,selection,12,normal,normal,approved_on_validation,우선 점검 후보
2024-03-10,AST-4055,A2,0,0.003187677489551,5.992937023393781e-12,6.0580333593364344e-15,MRO-10045;MRO-10047;MRO-20031,MRO-10045;MRO-10047;MRO-20031,Screw Compressor,DHR-03,selection,12,normal,normal,approved_on_validation,우선 점검 후보
2024-03-10,AST-4061,A2,0,0.0032267466468339,6.491416529834736e-12,6.556041037189321e-15,MRO-10046;MRO-20031;MRO-50009,MRO-10046;MRO-20031;MRO-50009,Screw Compressor,DHR-03,selection,12,normal,normal,approved_on_validation,우선 점검 후보
2024-03-10,AST-5003,A2,0,0.0031679940560405,6.145218409469508e-12,6.098585936726241e-15,MRO-50009;MRO-10045;MRO-20031,MRO-50009;MRO-10045;MRO-20031,EOT Crane,DHR-03,selection,12,normal,normal,approved_on_validation,우선 점검 후보
2024-03-10,AST-5007,A2,0,0.0032801573054956,8.603040566593119e-12,8.051938346852599e-15,MRO-10046;MRO-50009;MRO-70004,MRO-10046;MRO-50009;MRO-20031,EOT Crane,PUN-01,selection,12,normal,normal,approved_on_validation,우선 점검 후보
2024-03-11,AST-1041,A2,6,6.422588388719604,0.1228768448570203,0.0793274663188877,MRO-20033;MRO-50009;MRO-10047,MRO-50009;MRO-10047;MRO-20031,CNC Lathe,PUN-01,selection,12,risk,risk,approved_on_validation,우선 점검 후보
2024-03-11,AST-1042,A2,0,6.1249501966722555,0.1072387059119814,0.0679127188082718,MRO-10046;MRO-20031;MRO-50009,MRO-10046;MRO-20031;MRO-50009,CNC Lathe,PUN-01,selection,12,normal,risk,approved_on_validation,우선 점검 후보
2024-03-11,AST-2017,A2,12,8.642377903838565,0.2660222889999096,0.1948186859508415,MRO-80001;MRO-10046;MRO-10047,MRO-80001;MRO-10046;MRO-10047,Hydraulic Press,PUN-01,selection,12,high_risk,risk,approved_on_validation,우선 점검 후보
2024-03-11,AST-2031,A2,4,7.368203289144304,0.1782551163954627,0.1226833699269102,MRO-80001;MRO-10047;MRO-10046,MRO-80001;MRO-10047;MRO-10046,Hydraulic Press,CHN-02,selection,12,caution,risk,approved_on_validation,우선 점검 후보
2024-03-11,AST-3008,A2,13,6.696760242487105,0.138260814586576,0.091145162259336,MRO-20031;MRO-10045;MRO-80001,MRO-20031;MRO-10045;MRO-80001,Belt Conveyor,CHN-02,selection,12,high_risk,risk,approved_on_validation,우선 점검 후보
2024-03-11,AST-3019,A2,6,5.6774370925760165,0.0867443444863145,0.0529831531511916,MRO-80001;MRO-10046;MRO-10045,MRO-80001;MRO-10046;MRO-10045,Belt Conveyor,CHN-02,selection,12,risk,caution,approved_on_validation,우선 점검 후보
2024-03-11,AST-4055,A2,12,7.813154820393004,0.2090204100974882,0.146244125879269,MRO-10046;MRO-10045;MRO-10047,MRO-10046;MRO-10045;MRO-10047,Screw Compressor,DHR-03,selection,12,high_risk,risk,approved_on_validation,우선 점검 후보
2024-03-11,AST-4061,A2,7,6.863366993612922,0.146745349046497,0.0985896055073832,MRO-10045;MRO-10047;MRO-50009,MRO-10045;MRO-10047;MRO-50009,Screw Compressor,DHR-03,selection,12,risk,risk,approved_on_validation,우선 점검 후보
2024-03-11,AST-5003,A2,9,7.6401298667092865,0.1924171358531979,0.1375353688306242,MRO-90012;MRO-10045;MRO-50009,MRO-10045;MRO-50009;MRO-20031,EOT Crane,DHR-03,selection,12,risk,risk,approved_on_validation,우선 점검 후보
2024-03-11,AST-5007,A2,5,5.562934817361524,0.0797151939957363,0.0493770519895418,MRO-50009;MRO-10045;MRO-10047,MRO-50009;MRO-10045;MRO-10047,EOT Crane,PUN-01,selection,12,caution,caution,approved_on_validation,우선 점검 후보
2024-03-12,AST-1041,A2,2,6.318236152038232,0.1171213782406151,0.0753787956844587,MRO-50009;MRO-10046;MRO-10047,MRO-50009;MRO-10046;MRO-10047,CNC Lathe,PUN-01,selection,12,caution,risk,approved_on_validation,우선 점검 후보
2024-03-12,AST-1042,A2,11,6.330438427449984,0.119758806956677,0.0766872672821854,MRO-20031;MRO-50009;MRO-10046,MRO-20031;MRO-50009;MRO-10046,CNC Lathe,PUN-01,selection,12,risk,risk,approved_on_validation,우선 점검 후보
2024-03-12,AST-2017,A2,13,8.789396870154468,0.2734336026808556,0.2074374696216719,MRO-90012;MRO-10045;MRO-80001,MRO-10045;MRO-80001;MRO-10046,Hydraulic Press,PUN-01,selection,12,high_risk,risk,approved_on_validation,우선 점검 후보
2024-03-12,AST-2031,A2,5,7.108072913842459,0.1622450863869913,0.1104054998968981,MRO-10047;MRO-80001;MRO-20031,MRO-10047;MRO-80001;MRO-20031,Hydraulic Press,CHN-02,selection,12,caution,risk,approved_on_validation,우선 점검 후보
2024-03-12,AST-3008,A2,8,6.82794408104462,0.1443138183649109,0.0971913423462738,MRO-20031;MRO-10045;MRO-50009,MRO-20031;MRO-10045;MRO-50009,Belt Conveyor,CHN-02,selection,12,risk,risk,approved_on_validation,우선 점검 후보
2024-03-12,AST-3019,A2,2,5.533766411938412,0.0799952553708542,0.0483684933745172,MRO-50008;MRO-80001;MRO-10045,MRO-80001;MRO-10045;MRO-10047,Belt Conveyor,CHN-02,selection,12,caution,caution,approved_on_validation,우선 점검 후보
2024-03-12,AST-4055,A2,4,7.201442910707442,0.1682037625059365,0.1141921622089096,MRO-50009;MRO-10045;MRO-80001,MRO-50009;MRO-10045;MRO-80001,Screw Compressor,DHR-03,selection,12,caution,risk,approved_on_validation,우선 점검 후보
2024-03-12,AST-4061,A2,9,7.342278103930026,0.1757007687670028,0.1217247993242049,MRO-10046;MRO-10045;MRO-10047,MRO-10046;MRO-10045;MRO-10047,Screw Compressor,DHR-03,selection,12,risk,risk,approved_on_validation,우선 점검 후보
2024-03-12,AST-5003,A2,8,7.668007175368977,0.1973229990528497,0.1383682681622899,MRO-10045;MRO-50009;MRO-10047,MRO-10045;MRO-50009;MRO-10047,EOT Crane,DHR-03,selection,12,risk,risk,approved_on_validation,우선 점검 후보
2024-03-12,AST-5007,A2,4,5.4662445501605035,0.0746795094871226,0.0458027828356856,MRO-10045;MRO-10047;MRO-10046,MRO-10045;MRO-10047;MRO-10046,EOT Crane,PUN-01,selection,12,caution,caution,approved_on_validation,우선 점검 후보
2024-03-13,AST-1041,A2,4,6.460438253156888,0.1258020909590689,0.0813467165744873,MRO-10047;MRO-20031;MRO-10045,MRO-10047;MRO-20031;MRO-10045,CNC Lathe,PUN-01,selection,12,caution,risk,approved_on_validation,우선 점검 후보
2024-03-13,AST-1042,A2,14,6.475345454345888,0.1267856970161714,0.081522815956108,MRO-10047;MRO-50009;MRO-80001,MRO-10047;MRO-50009;MRO-80001,CNC Lathe,PUN-01,selection,12,high_risk,risk,approved_on_validation,우선 점검 후보
2024-03-13,AST-2017,A2,8,8.991069507209142,0.2926878334868348,0.2175952529301799,MRO-80001;MRO-10046;MRO-10045,MRO-80001;MRO-10046;MRO-10045,Hydraulic Press,PUN-01,selection,12,risk,risk,approved_on_validation,우선 점검 후보
2024-03-13,AST-2031,A2,10,7.4032866420388705,0.1823024805947469,0.1253339737978598,MRO-10045;MRO-10047;MRO-80001,MRO-10045;MRO-10047;MRO-80001,Hydraulic Press,CHN-02,selection,12,risk,risk,approved_on_validation,우선 점검 후보
2024-03-13,AST-3008,A2,1,4.641313366397664,0.0455484412992854,0.025858399523442,MRO-10045;MRO-10047;MRO-90012,MRO-10045;MRO-10047;MRO-80001,Belt Conveyor,CHN-02,selection,12,caution,caution,approved_on_validation,우선 점검 후보
2024-03-13,AST-3019,A2,6,5.572758244150534,0.082370134442253,0.0497568466478879,MRO-40022;MRO-80001;MRO-10045,MRO-80001;MRO-10045;MRO-10047,Belt Conveyor,CHN-02,selection,12,risk,caution,approved_on_validation,우선 점검 후보
2024-03-13,AST-4055,A2,12,8.693430522413722,0.2701990443727659,0.1975902712719918,MRO-60015;MRO-10047;MRO-20031,MRO-10047;MRO-20031;MRO-80001,Screw Compressor,DHR-03,selection,12,high_risk,risk,approved_on_validation,우선 점검 후보
2024-03-13,AST-4061,A2,8,6.742653594206115,0.1428495970746432,0.0934318103875333,MRO-80001;MRO-10046;MRO-10045,MRO-80001;MRO-10046;MRO-10045,Screw Compressor,DHR-03,selection,12,risk,risk,approved_on_validation,우선 점검 후보
2024-03-13,AST-5003,A2,14,7.874610700979024,0.2112548754388522,0.1498613646411735,MRO-80001;MRO-10045;MRO-20031,MRO-80001;MRO-10045;MRO-20031,EOT Crane,DHR-03,selection,12,high_risk,risk,approved_on_validation,우선 점검 후보
2024-03-13,AST-5007,A2,13,6.375642692485506,0.1194187054293441,0.0788783346209889,MRO-80001;MRO-20031;MRO-70004,MRO-80001;MRO-20031;MRO-10045,EOT Crane,PUN-01,selection,12,high_risk,risk,approved_on_validation,우선 점검 후보
2024-03-14,AST-1041,A2,0,5.899666480100115,0.096852173672818,0.0601138766681924,MRO-10047;MRO-10046;MRO-50009,MRO-10047;MRO-10046;MRO-50009,CNC Lathe,PUN-01,selection,12,normal,risk,approved_on_validation,우선 점검 후보
2024-03-14,AST-1042,A2,0,6.368316490900768,0.1214864228611676,0.0778064167792819,MRO-10047;MRO-50009;MRO-80001,MRO-10047;MRO-50009;MRO-80001,CNC Lathe,PUN-01,selection,12,normal,risk,approved_on_validation,우선 점검 후보
2024-03-14,AST-2017,A2,7,9.572297065053908,0.3308657785121725,0.2595206287925851,MRO-10047;MRO-10045;MRO-60015,MRO-10047;MRO-10045;MRO-50009,Hydraulic Press,PUN-01,selection,12,risk,risk,approved_on_validation,우선 점검 후보
2024-03-14,AST-2031,A2,5,7.464919440296531,0.1843335594409631,0.1288738559971248,MRO-80001;MRO-50009;MRO-10045,MRO-80001;MRO-50009;MRO-10045,Hydraulic Press,CHN-02,selection,12,caution,risk,approved_on_validation,우선 점검 후보
2024-03-14,AST-3008,A2,13,6.71828706121273,0.1372891977078984,0.0919493398073374,MRO-10045;MRO-10046;MRO-20031,MRO-10045;MRO-10046;MRO-20031,Belt Conveyor,CHN-02,selection,12,high_risk,risk,approved_on_validation,우선 점검 후보
2024-03-14,AST-3019,A2,6,5.604026299371496,0.084173622316654,0.0510266164110323,MRO-10045;MRO-80001;MRO-10047,MRO-10045;MRO-80001;MRO-10047,Belt Conveyor,CHN-02,selection,12,risk,caution,approved_on_validation,우선 점검 후보
2024-03-14,AST-4055,A2,12,8.513767029590863,0.2569671192744713,0.1859119162183831,MRO-40022;MRO-10045;MRO-10047,MRO-10045;MRO-10047;MRO-20031,Screw Compressor,DHR-03,selection,12,high_risk,risk,approved_on_validation,우선 점검 후보
2024-03-14,AST-4061,A2,9,7.350499303461029,0.1786115518316048,0.1225379325769309,MRO-10045;MRO-50009;MRO-10047,MRO-10045;MRO-50009;MRO-10047,Screw Compressor,DHR-03,selection,12,risk,risk,approved_on_validation,우선 점검 후보
2024-03-14,AST-5003,A2,15,8.817091171067451,0.2799423991471036,0.2067396574090076,MRO-10046;MRO-10047;MRO-80001,MRO-10046;MRO-10047;MRO-80001,EOT Crane,DHR-03,selection,12,high_risk,risk,approved_on_validation,우선 점검 후보
2024-03-14,AST-5007,A2,4,5.801678306647215,0.0910142316336168,0.0568539931278047,MRO-50009;MRO-10046;MRO-20031,MRO-50009;MRO-10046;MRO-20031,EOT Crane,PUN-01,selection,12,caution,caution,approved_on_validation,우선 점검 후보
2024-03-15,AST-1041,A2,0,5.694298938644029,0.0852463745428493,0.0525405113361422,MRO-10047;MRO-10046;MRO-50009,MRO-10047;MRO-10046;MRO-50009,CNC Lathe,PUN-01,selection,12,normal,caution,approved_on_validation,우선 점검 후보
2024-03-15,AST-1042,A2,2,6.160019828644682,0.1102373603192672,0.069689601370594,MRO-10047;MRO-50009;MRO-80001,MRO-10047;MRO-50009;MRO-80001,CNC Lathe,PUN-01,selection,12,caution,risk,approved_on_validation,우선 점검 후보
2024-03-15,AST-2017,A2,6,8.463480645922026,0.2550992176849023,0.1850015151556333,MRO-80001;MRO-10046;MRO-50009,MRO-80001;MRO-10046;MRO-50009,Hydraulic Press,PUN-01,selection,12,risk,risk,approved_on_validation,우선 점검 후보
2024-03-15,AST-2031,A2,7,6.992286801013919,0.155229753342181,0.1052944257029289,MRO-80001;MRO-10045;MRO-50009,MRO-80001;MRO-10045;MRO-50009,Hydraulic Press,CHN-02,selection,12,risk,risk,approved_on_validation,우선 점검 후보
2024-03-15,AST-3008,A2,12,6.647237266468042,0.1342994365999209,0.0889065836971167,MRO-10045;MRO-80001;MRO-50009,MRO-10045;MRO-80001;MRO-50009,Belt Conveyor,CHN-02,selection,12,high_risk,risk,approved_on_validation,우선 점검 후보
2024-03-15,AST-3019,A2,4,5.506657550973373,0.0800598001985462,0.0478548084500308,MRO-10046;MRO-10047;MRO-80001,MRO-10046;MRO-10047;MRO-80001,Belt Conveyor,CHN-02,selection,12,caution,caution,approved_on_validation,우선 점검 후보
2024-03-15,AST-4055,A2,14,8.179474418733095,0.2350880848850621,0.1668811706097964,MRO-80001;MRO-10047;MRO-20031,MRO-80001;MRO-10047;MRO-20031,Screw Compressor,DHR-03,selection,12,high_risk,risk,approved_on_validation,우선 점검 후보
2024-03-15,AST-4061,A2,3,6.833250996190181,0.1471695169126963,0.0979967563739039,MRO-80001;MRO-10046;MRO-10045,MRO-80001;MRO-10046;MRO-10045,Screw Compressor,DHR-03,selection,12,caution,risk,approved_on_validation,우선 점검 후보
2024-03-15,AST-5003,A2,6,8.104835690846047,0.2259383536191264,0.1610774877683405,MRO-50008;MRO-10045;MRO-20031,MRO-10045;MRO-20031;MRO-80001,EOT Crane,DHR-03,selection,12,risk,risk,approved_on_validation,우선 점검 후보
2024-03-15,AST-5007,A2,10,6.569187522287709,0.1281097005918641,0.0855674123880481,MRO-80001;MRO-20031;MRO-30011,MRO-80001;MRO-20031;MRO-10045,EOT Crane,PUN-01,selection,12,risk,risk,approved_on_validation,우선 점검 후보
2024-03-16,AST-1041,A2,0,0.002938810867293,4.915975306481147e-12,4.519541618459506e-15,MRO-10045;MRO-10046;MRO-10047,MRO-10045;MRO-10046;MRO-10047,CNC Lathe,PUN-01,selection,12,normal,normal,approved_on_validation,우선 점검 후보
2024-03-16,AST-1042,A2,0,0.0029212619108027,4.854626281687934e-12,4.431451565414714e-15,MRO-10045;MRO-10046;MRO-10047,MRO-10045;MRO-10046;MRO-10047,CNC Lathe,PUN-01,selection,12,normal,normal,approved_on_validation,우선 점검 후보
2024-03-16,AST-2017,A2,0,0.0033038772370058,7.003482983835487e-12,7.235715184547879e-15,MRO-10045;MRO-60015;MRO-90011,MRO-10045;MRO-10047;MRO-10046,Hydraulic Press,PUN-01,selection,12,normal,normal,approved_on_validation,우선 점검 후보
2024-03-16,AST-2031,A2,0,0.003357927786952,8.178916488904586e-12,8.222823571333085e-15,MRO-80001;MRO-10046;MRO-10047,MRO-80001;MRO-10046;MRO-10047,Hydraulic Press,CHN-02,selection,12,normal,normal,approved_on_validation,우선 점검 후보
2024-03-16,AST-3008,A2,0,0.0031738068556804,6.061872870280808e-12,6.040933112039661e-15,MRO-10045;MRO-10046;MRO-50009,MRO-10045;MRO-10046;MRO-50009,Belt Conveyor,CHN-02,selection,12,normal,normal,approved_on_validation,우선 점검 후보
2024-03-16,AST-3019,A2,0,0.0034611021309467,6.5278854041326975e-12,7.862135486257552e-15,MRO-20032;MRO-90011;MRO-40021,MRO-10045;MRO-10047;MRO-20031,Belt Conveyor,CHN-02,selection,12,normal,normal,approved_on_validation,우선 점검 후보
2024-03-16,AST-4055,A2,0,0.0034372722703203,7.906287445195044e-12,8.386324287124654e-15,MRO-60016;MRO-80001;MRO-20031,MRO-80001;MRO-20031;MRO-10046,Screw Compressor,DHR-03,selection,12,normal,normal,approved_on_validation,우선 점검 후보
2024-03-16,AST-4061,A2,0,0.0032378704302598,6.520923642004741e-12,6.625421735250665e-15,MRO-30012;MRO-20032;MRO-10045,MRO-10045;MRO-10046;MRO-10047,Screw Compressor,DHR-03,selection,12,normal,normal,approved_on_validation,우선 점검 후보
2024-03-16,AST-5003,A2,0,0.0035097048314215,1.079291454350538e-11,1.0536066855810254e-14,MRO-50009;MRO-30012;MRO-10046,MRO-50009;MRO-10046;MRO-10047,EOT Crane,DHR-03,selection,12,normal,normal,approved_on_validation,우선 점검 후보
2024-03-16,AST-5007,A2,0,0.0032201939907625,6.539072536649547e-12,6.528855406234673e-15,MRO-10045;MRO-10046;MRO-10047,MRO-10045;MRO-10046;MRO-10047,EOT Crane,PUN-01,selection,12,normal,normal,approved_on_validation,우선 점검 후보
2024-03-17,AST-1041,A2,0,0.002852143052721,4.437699793517027e-12,3.9659902330490195e-15,MRO-10045;MRO-10046;MRO-10047,MRO-10045;MRO-10046;MRO-10047,CNC Lathe,PUN-01,selection,12,normal,normal,approved_on_validation,우선 점검 후보
2024-03-17,AST-1042,A2,0,0.0029261637009977,4.854697422653828e-12,4.443357362914035e-15,MRO-10045;MRO-10046;MRO-10047,MRO-10045;MRO-10046;MRO-10047,CNC Lathe,PUN-01,selection,12,normal,normal,approved_on_validation,우선 점검 후보
2024-03-17,AST-2017,A2,0,0.003251232912538,6.7459602941399515e-12,6.840151302521448e-15,MRO-30012;MRO-20031;MRO-20033,MRO-20031;MRO-10047;MRO-10046,Hydraulic Press,PUN-01,selection,12,normal,normal,approved_on_validation,우선 점검 후보
2024-03-17,AST-2031,A2,0,0.0032576401259668,6.755509201977169e-12,6.873694778342333e-15,MRO-10045;MRO-60015;MRO-90012,MRO-10045;MRO-10046;MRO-10047,Hydraulic Press,CHN-02,selection,12,normal,normal,approved_on_validation,우선 점검 후보
2024-03-17,AST-3008,A2,0,0.0031767537314863,6.068635937658548e-12,6.056201678368792e-15,MRO-10045;MRO-10046;MRO-50009,MRO-10045;MRO-10046;MRO-50009,Belt Conveyor,CHN-02,selection,12,normal,normal,approved_on_validation,우선 점검 후보
2024-03-17,AST-3019,A2,0,0.0033831699431209,6.533256071865562e-12,7.613713654687103e-15,MRO-20032;MRO-90011;MRO-10045,MRO-10045;MRO-10046;MRO-10047,Belt Conveyor,CHN-02,selection,12,normal,normal,approved_on_validation,우선 점검 후보
2024-03-17,AST-4055,A2,0,0.0032209036098172,6.298377020257797e-12,6.3970988922992976e-15,MRO-10046;MRO-20031;MRO-10045,MRO-10046;MRO-20031;MRO-10045,Screw Compressor,DHR-03,selection,12,normal,normal,approved_on_validation,우선 점검 후보
2024-03-17,AST-4061,A2,0,0.0032633839415113,6.738824805648491e-12,6.8759016026975865e-15,MRO-10045;MRO-10046;MRO-10047,MRO-10045;MRO-10046;MRO-10047,Screw Compressor,DHR-03,selection,12,normal,normal,approved_on_validation,우선 점검 후보
2024-03-17,AST-5003,A2,0,0.0032562126256813,6.957962631221599e-12,6.989740998151248e-15,MRO-10046;MRO-10047;MRO-10045,MRO-10046;MRO-10047;MRO-10045,EOT Crane,DHR-03,selection,12,normal,normal,approved_on_validation,우선 점검 후보
2024-03-17,AST-5007,A2,0,0.0032660677942545,6.640740316763219e-12,6.861276215175888e-15,MRO-70004;MRO-10045;MRO-10046,MRO-10045;MRO-10046;MRO-10047,EOT Crane,PUN-01,selection,12,normal,normal,approved_on_validation,우선 점검 후보
2024-03-18,AST-1041,A2,12,7.01427455780939,0.1573313494222009,0.1053132945401361,MRO-10047;MRO-10046;MRO-20031,MRO-10047;MRO-10046;MRO-20031,CNC Lathe,PUN-01,selection,12,high_risk,risk,approved_on_validation,우선 점검 후보
2024-03-18,AST-1042,A2,6,6.925435565151236,0.1469101585742387,0.101968725002917,MRO-70004;MRO-80001;MRO-10045,MRO-80001;MRO-10045;MRO-10046,CNC Lathe,PUN-01,selection,12,risk,risk,approved_on_validation,우선 점검 후보
2024-03-18,AST-2017,A2,5,7.57682579971618,0.1869608145419857,0.134705178051096,MRO-10045;MRO-10047;MRO-80001,MRO-10045;MRO-10047;MRO-80001,Hydraulic Press,PUN-01,selection,12,caution,risk,approved_on_validation,우선 점검 후보
2024-03-18,AST-2031,A2,1,6.803026772127189,0.1462464839307531,0.0966509078686904,MRO-20031;MRO-80001;MRO-10046,MRO-20031;MRO-80001;MRO-10046,Hydraulic Press,CHN-02,selection,12,caution,risk,approved_on_validation,우선 점검 후보
2024-03-18,AST-3008,A2,3,6.212775553739956,0.113538186100121,0.0722249875203903,MRO-20031;MRO-80001;MRO-10045,MRO-20031;MRO-80001;MRO-10045,Belt Conveyor,CHN-02,selection,12,caution,risk,approved_on_validation,우선 점검 후보
2024-03-18,AST-3019,A2,1,5.442520159569331,0.0746248337155489,0.0463390608746327,MRO-10046;MRO-10045;MRO-10047,MRO-10046;MRO-10045;MRO-10047,Belt Conveyor,CHN-02,selection,12,caution,caution,approved_on_validation,우선 점검 후보
2024-03-18,AST-4055,A2,4,6.53815977521189,0.1259445787101449,0.0813998114409406,MRO-10047;MRO-60016;MRO-30011,MRO-10047;MRO-10045;MRO-10046,Screw Compressor,DHR-03,selection,12,caution,risk,approved_on_validation,우선 점검 후보
2024-03-18,AST-4061,A2,6,6.451324506138459,0.1262486365966101,0.0811238968187212,MRO-80001;MRO-10045;MRO-50009,MRO-80001;MRO-10045;MRO-50009,Screw Compressor,DHR-03,selection,12,risk,risk,approved_on_validation,우선 점검 후보
2024-03-18,AST-5003,A2,8,6.596697619330956,0.136361286876525,0.087339734807632,MRO-80001;MRO-50009;MRO-10047,MRO-80001;MRO-50009;MRO-10047,EOT Crane,DHR-03,selection,12,risk,risk,approved_on_validation,우선 점검 후보
2024-03-18,AST-5007,A2,9,6.387851029076039,0.1190058345717743,0.078555748754753,MRO-20031;MRO-80001;MRO-10046,MRO-20031;MRO-80001;MRO-10046,EOT Crane,PUN-01,selection,12,risk,risk,approved_on_validation,우선 점검 후보
2024-03-19,AST-1041,A2,8,7.098395816106002,0.1625841798591208,0.1095568134399179,MRO-10045;MRO-10046;MRO-10047,MRO-10045;MRO-10046;MRO-10047,CNC Lathe,PUN-01,selection,12,risk,risk,approved_on_validation,우선 점검 후보
2024-03-19,AST-1042,A2,6,6.61546534276837,0.135374856134269,0.087905159944108,MRO-10047;MRO-20031;MRO-10046,MRO-10047;MRO-20031;MRO-10046,CNC Lathe,PUN-01,selection,12,risk,risk,approved_on_validation,우선 점검 후보
2024-03-19,AST-2017,A2,6,7.445329079375307,0.1858408245818059,0.1273460069078692,MRO-20031;MRO-10047;MRO-10046,MRO-20031;MRO-10047;MRO-10046,Hydraulic Press,PUN-01,selection,12,risk,risk,approved_on_validation,우선 점검 후보
2024-03-19,AST-2031,A2,5,7.529560814025588,0.188473285852211,0.1311982014255141,MRO-10046;MRO-80001;MRO-10047,MRO-10046;MRO-80001;MRO-10047,Hydraulic Press,CHN-02,selection,12,caution,risk,approved_on_validation,우선 점검 후보
2024-03-19,AST-3008,A2,16,9.1798732912082,0.3125244505302776,0.2255578421101788,MRO-20031;MRO-80001;MRO-10045,MRO-20031;MRO-80001;MRO-10045,Belt Conveyor,CHN-02,selection,12,high_risk,risk,approved_on_validation,우선 점검 후보
2024-03-19,AST-3019,A2,1,5.253987280237042,0.070863246030096,0.0414708443031417,MRO-80001;MRO-10046;MRO-10045,MRO-80001;MRO-10046;MRO-10045,Belt Conveyor,CHN-02,selection,12,caution,caution,approved_on_validation,우선 점검 후보
2024-03-19,AST-4055,A2,3,5.856804245919184,0.088575891077087,0.0555333466815984,MRO-80002;MRO-60016;MRO-90012,MRO-10047;MRO-10045;MRO-10046,Screw Compressor,DHR-03,selection,12,caution,caution,approved_on_validation,우선 점검 후보
2024-03-19,AST-4061,A2,5,6.487416282606618,0.1278167392120156,0.0837347052410046,MRO-10046;MRO-80001;MRO-10045,MRO-10046;MRO-80001;MRO-10045,Screw Compressor,DHR-03,selection,12,caution,risk,approved_on_validation,우선 점검 후보
2024-03-19,AST-5003,A2,11,7.375862067496435,0.1840103752180579,0.1234985504611178,MRO-80001;MRO-20031;MRO-50009,MRO-80001;MRO-20031;MRO-50009,EOT Crane,DHR-03,selection,12,risk,risk,approved_on_validation,우선 점검 후보
2024-03-19,AST-5007,A2,4,6.323456569238724,0.1135139536472013,0.0761521700410848,MRO-20032;MRO-10046;MRO-20031,MRO-10046;MRO-20031;MRO-10045,EOT Crane,PUN-01,selection,12,caution,risk,approved_on_validation,우선 점검 후보
2024-03-20,AST-1041,A2,5,5.759535274918521,0.0901938142274365,0.055034632083627,MRO-40022;MRO-10047;MRO-80001,MRO-10047;MRO-80001;MRO-20031,CNC Lathe,PUN-01,selection,12,caution,caution,approved_on_validation,우선 점검 후보
2024-03-20,AST-1042,A2,10,6.360154150003547,0.1205337123923019,0.077688280317232,MRO-10047;MRO-20031;MRO-80001,MRO-10047;MRO-20031;MRO-80001,CNC Lathe,PUN-01,selection,12,risk,risk,approved_on_validation,우선 점검 후보
2024-03-20,AST-2017,A2,8,7.69780981265078,0.2032820824400788,0.1396352269043805,MRO-20031;MRO-10046;MRO-10045,MRO-20031;MRO-10046;MRO-10045,Hydraulic Press,PUN-01,selection,12,risk,risk,approved_on_validation,우선 점검 후보
2024-03-20,AST-2031,A2,9,7.814797486717918,0.2090329121369959,0.1461563529650868,MRO-10046;MRO-10047;MRO-10045,MRO-10046;MRO-10047;MRO-10045,Hydraulic Press,CHN-02,selection,12,risk,risk,approved_on_validation,우선 점검 후보
2024-03-20,AST-3008,A2,15,8.393056336162607,0.2485562656030442,0.1800504515494781,MRO-20031;MRO-80001;MRO-10046,MRO-20031;MRO-80001;MRO-10046,Belt Conveyor,CHN-02,selection,12,high_risk,risk,approved_on_validation,우선 점검 후보
2024-03-20,AST-3019,A2,2,5.667076355208282,0.0850595220414595,0.0535247732377637,MRO-10046;MRO-80001;MRO-20031,MRO-10046;MRO-80001;MRO-20031,Belt Conveyor,CHN-02,selection,12,caution,caution,approved_on_validation,우선 점검 후보
2024-03-20,AST-4055,A2,11,9.030796762111336,0.2953538343571071,0.2209445908189571,MRO-80001;MRO-20031;MRO-10046,MRO-80001;MRO-20031;MRO-10046,Screw Compressor,DHR-03,selection,12,risk,risk,approved_on_validation,우선 점검 후보
2024-03-20,AST-4061,A2,14,9.52580150053688,0.3353036476667149,0.2550031395016699,MRO-10047;MRO-20031;MRO-10045,MRO-10047;MRO-20031;MRO-10045,Screw Compressor,DHR-03,selection,12,high_risk,risk,approved_on_validation,우선 점검 후보
2024-03-20,AST-5003,A2,9,8.498908180939015,0.2548084149913865,0.1873690071989863,MRO-50009;MRO-80001;MRO-10047,MRO-50009;MRO-80001;MRO-10047,EOT Crane,DHR-03,selection,12,risk,risk,approved_on_validation,우선 점검 후보
2024-03-20,AST-5007,A2,8,6.429172284613467,0.1219206943127504,0.080593563426899,MRO-10046;MRO-10045;MRO-10047,MRO-10046;MRO-10045;MRO-10047,EOT Crane,PUN-01,selection,12,risk,risk,approved_on_validation,우선 점검 후보
2024-03-21,AST-1041,A2,0,5.821019453847427,0.0920762232189293,0.0577564738109477,MRO-80001;MRO-10045;MRO-10046,MRO-80001;MRO-10045;MRO-10046,CNC Lathe,PUN-01,selection,12,normal,caution,approved_on_validation,우선 점검 후보
2024-03-21,AST-1042,A2,9,6.251314644289727,0.1146244106134324,0.0725027800427758,MRO-10046;MRO-10045;MRO-50009,MRO-10046;MRO-10045;MRO-50009,CNC Lathe,PUN-01,selection,12,risk,risk,approved_on_validation,우선 점검 후보
2024-03-21,AST-2017,A2,16,8.914495739526597,0.2875505633464469,0.2130963160226683,MRO-80001;MRO-10045;MRO-10046,MRO-80001;MRO-10045;MRO-10046,Hydraulic Press,PUN-01,selection,12,high_risk,risk,approved_on_validation,우선 점검 후보
2024-03-21,AST-2031,A2,10,7.562690903079657,0.1909716213622958,0.1334363940578704,MRO-80001;MRO-10045;MRO-10046,MRO-80001;MRO-10045;MRO-10046,Hydraulic Press,CHN-02,selection,12,risk,risk,approved_on_validation,우선 점검 후보
2024-03-21,AST-3008,A2,3,6.695785430105109,0.1393562207198569,0.0916498130763653,MRO-20031;MRO-50009;MRO-10046,MRO-20031;MRO-50009;MRO-10046,Belt Conveyor,CHN-02,selection,12,caution,risk,approved_on_validation,우선 점검 후보
2024-03-21,AST-3019,A2,14,5.821516365773664,0.0927042724776045,0.0579808021371938,MRO-10045;MRO-80001;MRO-10047,MRO-10045;MRO-80001;MRO-10047,Belt Conveyor,CHN-02,selection,12,high_risk,caution,approved_on_validation,우선 점검 후보
2024-03-21,AST-4055,A2,2,7.665133894560961,0.1993745497472839,0.1385772447684283,MRO-10046;MRO-80001;MRO-20031,MRO-10046;MRO-80001;MRO-20031,Screw Compressor,DHR-03,selection,12,caution,risk,approved_on_validation,우선 점검 후보
2024-03-21,AST-4061,A2,8,6.84396384542984,0.1471234989132918,0.097635634735117,MRO-20031;MRO-10045;MRO-10047,MRO-20031;MRO-10045;MRO-10047,Screw Compressor,DHR-03,selection,12,risk,risk,approved_on_validation,우선 점검 후보
2024-03-21,AST-5003,A2,14,12.086575180886078,0.5348816239668241,0.4461944978323373,MRO-10047;MRO-50009;MRO-10045,MRO-10047;MRO-50009;MRO-10045,EOT Crane,DHR-03,selection,12,high_risk,high_risk,approved_on_validation,우선 점검 후보
2024-03-21,AST-5007,A2,6,6.260658608231824,0.1145320906645261,0.0743351572955135,MRO-10045;MRO-20031;MRO-10046,MRO-10045;MRO-20031;MRO-10046,EOT Crane,PUN-01,selection,12,risk,risk,approved_on_validation,우선 점검 후보
2024-03-22,AST-1041,A2,1,6.295516280073558,0.1143542501869028,0.0747219083554641,MRO-10045;MRO-10046;MRO-80001,MRO-10045;MRO-10046;MRO-80001,CNC Lathe,PUN-01,selection,12,caution,risk,approved_on_validation,우선 점검 후보
2024-03-22,AST-1042,A2,2,5.8040677205435784,0.0925836145263277,0.0572864016738869,MRO-10047;MRO-10045;MRO-50009,MRO-10047;MRO-10045;MRO-50009,CNC Lathe,PUN-01,selection,12,caution,caution,approved_on_validation,우선 점검 후보
2024-03-22,AST-2017,A2,9,8.704172290583687,0.2706377247740941,0.2017402091422833,MRO-10045;MRO-80001;MRO-10046,MRO-10045;MRO-80001;MRO-10046,Hydraulic Press,PUN-01,selection,12,risk,risk,approved_on_validation,우선 점검 후보
2024-03-22,AST-2031,A2,11,7.949734433779993,0.2169610195846696,0.1549147310610115,MRO-10045;MRO-10046;MRO-80001,MRO-10045;MRO-10046;MRO-80001,Hydraulic Press,CHN-02,selection,12,risk,risk,approved_on_validation,우선 점검 후보
2024-03-22,AST-3008,A2,2,6.670473830885251,0.1366075353080504,0.0900145336810882,MRO-80001;MRO-10046;MRO-50009,MRO-80001;MRO-10046;MRO-50009,Belt Conveyor,CHN-02,selection,12,caution,risk,approved_on_validation,우선 점검 후보
2024-03-22,AST-3019,A2,8,5.586078476096791,0.0832168604453299,0.0506570802049417,MRO-10047;MRO-20031;MRO-10046,MRO-10047;MRO-20031;MRO-10046,Belt Conveyor,CHN-02,selection,12,risk,caution,approved_on_validation,우선 점검 후보
2024-03-22,AST-4055,A2,10,8.2443990968025,0.2388159110536026,0.1704149389061317,MRO-80001;MRO-20031;MRO-10045,MRO-80001;MRO-20031;MRO-10045,Screw Compressor,DHR-03,selection,12,risk,risk,approved_on_validation,우선 점검 후보
2024-03-22,AST-4061,A2,8,6.6896235086609925,0.1380297522186989,0.0906841035041367,MRO-20031;MRO-10046;MRO-80001,MRO-20031;MRO-10046;MRO-80001,Screw Compressor,DHR-03,selection,12,risk,risk,approved_on_validation,우선 점검 후보
2024-03-22,AST-5003,A2,8,7.709042373617765,0.1988248101102879,0.1408017996536304,MRO-10047;MRO-10046;MRO-50009,MRO-10047;MRO-10046;MRO-50009,EOT Crane,DHR-03,selection,12,risk,risk,approved_on_validation,우선 점검 후보
2024-03-22,AST-5007,A2,9,5.776492420002838,0.0885494649614954,0.0555191758991506,MRO-20032;MRO-10047;MRO-10045,MRO-10047;MRO-10045;MRO-50009,EOT Crane,PUN-01,selection,12,risk,caution,approved_on_validation,우선 점검 후보
2024-03-23,AST-1041,A2,0,0.0029384805101376,4.915975303758236e-12,4.517918984078e-15,MRO-10045;MRO-10046;MRO-10047,MRO-10045;MRO-10046;MRO-10047,CNC Lathe,PUN-01,selection,12,normal,normal,approved_on_validation,우선 점검 후보
2024-03-23,AST-1042,A2,0,0.0029475458734941,4.849872210997683e-12,4.4914113022584495e-15,MRO-20033;MRO-10045;MRO-10046,MRO-10045;MRO-10046;MRO-20031,CNC Lathe,PUN-01,selection,12,normal,normal,approved_on_validation,우선 점검 후보
2024-03-23,AST-2017,A2,0,0.0033134318445058,7.078653995273677e-12,7.309740496342608e-15,MRO-10046;MRO-20033;MRO-60016,MRO-10046;MRO-10045;MRO-50009,Hydraulic Press,PUN-01,selection,12,normal,normal,approved_on_validation,우선 점검 후보
2024-03-23,AST-2031,A2,0,0.0032142572152186,6.4924037833369755e-12,6.504727705388443e-15,MRO-10045;MRO-10046;MRO-20031,MRO-10045;MRO-10046;MRO-20031,Hydraulic Press,CHN-02,selection,12,normal,normal,approved_on_validation,우선 점검 후보
2024-03-23,AST-3008,A2,0,0.0031790984571222,6.094954640188351e-12,6.0851414882373635e-15,MRO-10045;MRO-10046;MRO-10047,MRO-10045;MRO-10046;MRO-10047,Belt Conveyor,CHN-02,selection,12,normal,normal,approved_on_validation,우선 점검 후보
2024-03-23,AST-3019,A2,0,0.0033436934509894,7.025827444638993e-12,7.332263241963095e-15,MRO-60015;MRO-60016;MRO-20031,MRO-20031;MRO-10046;MRO-10045,Belt Conveyor,CHN-02,selection,12,normal,normal,approved_on_validation,우선 점검 후보
2024-03-23,AST-4055,A2,0,0.0032172121869735,6.2648456199112e-12,6.3601750331465035e-15,MRO-10045;MRO-10046;MRO-10047,MRO-10045;MRO-10046;MRO-10047,Screw Compressor,DHR-03,selection,12,normal,normal,approved_on_validation,우선 점검 후보
2024-03-23,AST-4061,A2,0,0.0032464530021287,6.625204994356133e-12,6.7300715449506195e-15,MRO-10046;MRO-10047;MRO-50009,MRO-10046;MRO-10047;MRO-50009,Screw Compressor,DHR-03,selection,12,normal,normal,approved_on_validation,우선 점검 후보
2024-03-23,AST-5003,A2,0,0.0033981416933079,8.796151512427185e-12,8.848489304257349e-15,MRO-50009;MRO-10045;MRO-10047,MRO-50009;MRO-10045;MRO-10047,EOT Crane,DHR-03,selection,12,normal,normal,approved_on_validation,우선 점검 후보
2024-03-23,AST-5007,A2,0,0.0032221861152751,6.549675500593933e-12,6.5497473062585606e-15,MRO-10046;MRO-20031;MRO-50009,MRO-10046;MRO-20031;MRO-50009,EOT Crane,PUN-01,selection,12,normal,normal,approved_on_validation,우선 점검 후보
2024-03-24,AST-1041,A2,0,0.002935257718873,4.915975277194948e-12,4.502089413490852e-15,MRO-10045;MRO-10046;MRO-10047,MRO-10045;MRO-10046;MRO-10047,CNC Lathe,PUN-01,selection,12,normal,normal,approved_on_validation,우선 점검 후보
2024-03-24,AST-1042,A2,0,0.0029261637009977,4.854697422653828e-12,4.443357362914035e-15,MRO-10045;MRO-10046;MRO-10047,MRO-10045;MRO-10046;MRO-10047,CNC Lathe,PUN-01,selection,12,normal,normal,approved_on_validation,우선 점검 후보
2024-03-24,AST-2017,A2,0,0.0032829241913389,7.063091594080568e-12,7.195704121472988e-15,MRO-10045;MRO-80001;MRO-90012,MRO-10045;MRO-80001;MRO-10046,Hydraulic Press,PUN-01,selection,12,normal,normal,approved_on_validation,우선 점검 후보
2024-03-24,AST-2031,A2,0,0.0032723622517699,6.755874690388031e-12,6.9118288946404186e-15,MRO-10047;MRO-20033;MRO-40022,MRO-10047;MRO-10045;MRO-10046,Hydraulic Press,CHN-02,selection,12,normal,normal,approved_on_validation,우선 점검 후보
2024-03-24,AST-3008,A2,0,0.0031796814487534,6.094968283487849e-12,6.086454383766687e-15,MRO-10045;MRO-10046;MRO-10047,MRO-10045;MRO-10046;MRO-10047,Belt Conveyor,CHN-02,selection,12,normal,normal,approved_on_validation,우선 점검 후보
2024-03-24,AST-3019,A2,0,0.0032181077213455,6.526330901596892e-12,6.533099125112141e-15,MRO-10045;MRO-10047;MRO-20031,MRO-10045;MRO-10047;MRO-20031,Belt Conveyor,CHN-02,selection,12,normal,normal,approved_on_validation,우선 점검 후보
2024-03-24,AST-4055,A2,0,0.0032509353547195,6.659939591699837e-12,6.771090683002923e-15,MRO-80001;MRO-10045;MRO-10046,MRO-80001;MRO-10045;MRO-10046,Screw Compressor,DHR-03,selection,12,normal,normal,approved_on_validation,우선 점검 후보
2024-03-24,AST-4061,A2,0,0.003178849040195,7.009608659611069e-12,6.630325087087639e-15,MRO-10047;MRO-20031;MRO-70005,MRO-10047;MRO-20031;MRO-50009,Screw Compressor,DHR-03,selection,12,normal,normal,approved_on_validation,우선 점검 후보
2024-03-24,AST-5003,A2,0,0.0035695777757764,1.0172680174678384e-11,1.0538548127208866e-14,MRO-50009;MRO-30012;MRO-40021,MRO-50009;MRO-10045;MRO-10046,EOT Crane,DHR-03,selection,12,normal,normal,approved_on_validation,우선 점검 후보
2024-03-24,AST-5007,A2,0,0.0032960193088535,6.941353921811086e-12,7.120391618307983e-15,MRO-10047;MRO-40021;MRO-60016,MRO-10047;MRO-10045;MRO-10046,EOT Crane,PUN-01,selection,12,normal,normal,approved_on_validation,우선 점검 후보
2024-03-25,AST-1041,A2,16,6.511009507652433,0.1285970467637708,0.0836326746490152,MRO-20031;MRO-50009;MRO-10045,MRO-20031;MRO-50009;MRO-10045,CNC Lathe,PUN-01,selection,12,high_risk,risk,approved_on_validation,우선 점검 후보
2024-03-25,AST-1042,A2,4,6.062469517409344,0.103751226844091,0.0659403224901523,MRO-10045;MRO-50009;MRO-10047,MRO-10045;MRO-50009;MRO-10047,CNC Lathe,PUN-01,selection,12,caution,risk,approved_on_validation,우선 점검 후보
2024-03-25,AST-2017,A2,10,8.443990358986028,0.2514609655641684,0.1825708219061619,MRO-80001;MRO-10046;MRO-10047,MRO-80001;MRO-10046;MRO-10047,Hydraulic Press,PUN-01,selection,12,risk,risk,approved_on_validation,우선 점검 후보
2024-03-25,AST-2031,A2,10,7.28033834250768,0.1721594498199368,0.1183754283977026,MRO-10047;MRO-80001;MRO-10045,MRO-10047;MRO-80001;MRO-10045,Hydraulic Press,CHN-02,selection,12,risk,risk,approved_on_validation,우선 점검 후보
2024-03-25,AST-3008,A2,9,9.081962799436493,0.297729467102735,0.2259751863912935,MRO-20031;MRO-10047;MRO-50009,MRO-20031;MRO-10047;MRO-50009,Belt Conveyor,CHN-02,selection,12,risk,risk,approved_on_validation,우선 점검 후보
2024-03-25,AST-3019,A2,0,6.222727753660957,0.1063034857815764,0.0703634302660502,MRO-70004;MRO-40021;MRO-20031,MRO-20031;MRO-10047;MRO-80001,Belt Conveyor,CHN-02,selection,12,normal,risk,approved_on_validation,우선 점검 후보
2024-03-25,AST-4055,A2,2,7.7267481628438,0.2031108142689026,0.1411718299920067,MRO-80001;MRO-20031;MRO-10045,MRO-80001;MRO-20031;MRO-10045,Screw Compressor,DHR-03,selection,12,caution,risk,approved_on_validation,우선 점검 후보
2024-03-25,AST-4061,A2,8,7.034007621437457,0.158496747352049,0.1064612369874278,MRO-10047;MRO-10046;MRO-10045,MRO-10047;MRO-10046;MRO-10045,Screw Compressor,DHR-03,selection,12,risk,risk,approved_on_validation,우선 점검 후보
2024-03-25,AST-5003,A2,8,7.67290904263954,0.1962097977381548,0.1375156981312714,MRO-20031;MRO-80001;MRO-10046,MRO-20031;MRO-80001;MRO-10046,EOT Crane,DHR-03,selection,12,risk,risk,approved_on_validation,우선 점검 후보
2024-03-25,AST-5007,A2,16,6.060429563545105,0.1020619445774898,0.0648679981637686,MRO-40022;MRO-10045;MRO-10047,MRO-10045;MRO-10047;MRO-50009,EOT Crane,PUN-01,selection,12,high_risk,risk,approved_on_validation,우선 점검 후보
2024-03-26,AST-1041,A2,10,6.138638200332824,0.1060092096506574,0.0690884083683156,MRO-50009;MRO-10045;MRO-20031,MRO-50009;MRO-10045;MRO-20031,CNC Lathe,PUN-01,selection,12,risk,risk,approved_on_validation,우선 점검 후보
2024-03-26,AST-1042,A2,2,5.931338962697413,0.0978234843627788,0.0609448479812488,MRO-10047;MRO-10045;MRO-50009,MRO-10047;MRO-10045;MRO-50009,CNC Lathe,PUN-01,selection,12,caution,risk,approved_on_validation,우선 점검 후보
2024-03-26,AST-2017,A2,0,8.058546334155267,0.2233527344545134,0.1596592071004641,MRO-10045;MRO-10046;MRO-10047,MRO-10045;MRO-10046;MRO-10047,Hydraulic Press,PUN-01,selection,12,normal,risk,approved_on_validation,우선 점검 후보
2024-03-26,AST-2031,A2,6,7.392662090563546,0.1802691648742902,0.124276951921823,MRO-10046;MRO-80001;MRO-10045,MRO-10046;MRO-80001;MRO-10045,Hydraulic Press,CHN-02,selection,12,risk,risk,approved_on_validation,우선 점검 후보
2024-03-26,AST-3008,A2,2,5.586674017629361,0.0812688184260143,0.0490922920171181,MRO-10045;MRO-10046;MRO-20031,MRO-10045;MRO-10046;MRO-20031,Belt Conveyor,CHN-02,selection,12,caution,caution,approved_on_validation,우선 점검 후보
2024-03-26,AST-3019,A2,6,5.5376952388245355,0.0798868695453602,0.0496397112012274,MRO-10047;MRO-20031;MRO-80001,MRO-10047;MRO-20031;MRO-80001,Belt Conveyor,CHN-02,selection,12,risk,caution,approved_on_validation,우선 점검 후보
2024-03-26,AST-4055,A2,0,7.38626176335185,0.1804920461405681,0.1239022568602695,MRO-80001;MRO-20031;MRO-10046,MRO-80001;MRO-20031;MRO-10046,Screw Compressor,DHR-03,selection,12,normal,risk,approved_on_validation,우선 점검 후보
2024-03-26,AST-4061,A2,18,6.924967151792113,0.1515383184147551,0.1014176243954863,MRO-10046;MRO-20031;MRO-10047,MRO-10046;MRO-20031;MRO-10047,Screw Compressor,DHR-03,selection,12,high_risk,risk,approved_on_validation,우선 점검 후보
2024-03-26,AST-5003,A2,8,8.681196901926441,0.2652894342363782,0.198431276282257,MRO-50009;MRO-10045;MRO-10047,MRO-50009;MRO-10045;MRO-10047,EOT Crane,DHR-03,selection,12,risk,risk,approved_on_validation,우선 점검 후보
2024-03-26,AST-5007,A2,0,6.140223798030828,0.1078198353946096,0.0679995966264958,MRO-20031;MRO-10045;MRO-80001,MRO-20031;MRO-10045;MRO-80001,EOT Crane,PUN-01,selection,12,normal,risk,approved_on_validation,우선 점검 후보
2024-03-27,AST-1041,A2,6,6.393413304090283,0.1215382403995238,0.0784696653259068,MRO-10046;MRO-10045;MRO-20031,MRO-10046;MRO-10045;MRO-20031,CNC Lathe,PUN-01,selection,12,risk,risk,approved_on_validation,우선 점검 후보
2024-03-27,AST-1042,A2,10,6.054744482217669,0.1033346019969227,0.0648135889161723,MRO-10045;MRO-10047;MRO-60015,MRO-10045;MRO-10047;MRO-50009,CNC Lathe,PUN-01,selection,12,risk,risk,approved_on_validation,우선 점검 후보
2024-03-27,AST-2017,A2,4,8.433536960386814,0.2513363023115236,0.1824357530824301,MRO-10045;MRO-10046;MRO-20031,MRO-10045;MRO-10046;MRO-20031,Hydraulic Press,PUN-01,selection,12,caution,risk,approved_on_validation,우선 점검 후보
2024-03-27,AST-2031,A2,18,12.815116481683356,0.5842095139982091,0.5024253162003607,MRO-80001;MRO-20031;MRO-10047,MRO-80001;MRO-20031;MRO-10047,Hydraulic Press,CHN-02,selection,12,high_risk,high_risk,approved_on_validation,우선 점검 후보
2024-03-27,AST-3008,A2,5,5.928356379881606,0.0958353165797643,0.0599261939375441,MRO-10047;MRO-40022;MRO-70005,MRO-10047;MRO-10046;MRO-50009,Belt Conveyor,CHN-02,selection,12,caution,risk,approved_on_validation,우선 점검 후보
2024-03-27,AST-3019,A2,1,6.005573189867837,0.1017716664001993,0.064737107132215,MRO-50009;MRO-80001;MRO-10047,MRO-50009;MRO-80001;MRO-10047,Belt Conveyor,CHN-02,selection,12,caution,risk,approved_on_validation,우선 점검 후보
2024-03-27,AST-4055,A2,6,7.752024517364941,0.2044513182741495,0.1436234961742706,MRO-10046;MRO-20031;MRO-80001,MRO-10046;MRO-20031;MRO-80001,Screw Compressor,DHR-03,selection,12,risk,risk,approved_on_validation,우선 점검 후보
2024-03-27,AST-4061,A2,4,6.9632600478517475,0.1548606116121975,0.1034946883819015,MRO-80001;MRO-10046;MRO-50009,MRO-80001;MRO-10046;MRO-50009,Screw Compressor,DHR-03,selection,12,caution,risk,approved_on_validation,우선 점검 후보
2024-03-27,AST-5003,A2,12,9.067469092143932,0.2924644445621426,0.2228435095278335,MRO-50009;MRO-70004;MRO-80001,MRO-50009;MRO-80001;MRO-10046,EOT Crane,DHR-03,selection,12,high_risk,risk,approved_on_validation,우선 점검 후보
2024-03-27,AST-5007,A2,5,6.24865966839835,0.111282158424757,0.0719002512453304,MRO-20031;MRO-10045;MRO-50009,MRO-20031;MRO-10045;MRO-50009,EOT Crane,PUN-01,selection,12,caution,risk,approved_on_validation,우선 점검 후보
2024-03-28,AST-1041,A2,8,6.45979105144156,0.1248247961101454,0.0807146596634209,MRO-50009;MRO-20031;MRO-10045,MRO-50009;MRO-20031;MRO-10045,CNC Lathe,PUN-01,selection,12,risk,risk,approved_on_validation,우선 점검 후보
2024-03-28,AST-1042,A2,3,6.142473623801417,0.1077726543788869,0.0682306392554322,MRO-40022;MRO-10047;MRO-20031,MRO-10047;MRO-20031;MRO-10045,CNC Lathe,PUN-01,selection,12,caution,risk,approved_on_validation,우선 점검 후보
2024-03-28,AST-2017,A2,13,8.493854622927431,0.2569152136355777,0.1869257094254273,MRO-10045;MRO-80001;MRO-10046,MRO-10045;MRO-80001;MRO-10046,Hydraulic Press,PUN-01,selection,12,high_risk,risk,approved_on_validation,우선 점검 후보
2024-03-28,AST-2031,A2,14,7.541132453965926,0.1911593571094872,0.1326321801058138,MRO-10047;MRO-20031;MRO-10046,MRO-10047;MRO-20031;MRO-10046,Hydraulic Press,CHN-02,selection,12,high_risk,risk,approved_on_validation,우선 점검 후보
2024-03-28,AST-3008,A2,4,6.387553802328179,0.1199851713925698,0.0773803307952261,MRO-10047;MRO-10045;MRO-40022,MRO-10047;MRO-10045;MRO-20031,Belt Conveyor,CHN-02,selection,12,caution,risk,approved_on_validation,우선 점검 후보
2024-03-28,AST-3019,A2,6,5.570922473726341,0.081634037244676,0.0503742918012486,MRO-50009;MRO-10047;MRO-20031,MRO-50009;MRO-10047;MRO-20031,Belt Conveyor,CHN-02,selection,12,risk,caution,approved_on_validation,우선 점검 후보
2024-03-28,AST-4055,A2,2,7.4026547260599935,0.1817249662003682,0.1246708011095006,MRO-20031;MRO-10045;MRO-50009,MRO-20031;MRO-10045;MRO-50009,Screw Compressor,DHR-03,selection,12,caution,risk,approved_on_validation,우선 점검 후보
2024-03-28,AST-4061,A2,4,6.898099189581324,0.1501815300474334,0.100054039286367,MRO-80001;MRO-50009;MRO-20031,MRO-80001;MRO-50009;MRO-20031,Screw Compressor,DHR-03,selection,12,caution,risk,approved_on_validation,우선 점검 후보
2024-03-28,AST-5003,A2,2,7.608144255504083,0.1946188723074242,0.1352898604775665,MRO-50009;MRO-80001;MRO-10045,MRO-50009;MRO-80001;MRO-10045,EOT Crane,DHR-03,selection,12,caution,risk,approved_on_validation,우선 점검 후보
2024-03-28,AST-5007,A2,1,6.0403380209143,0.1024465305171424,0.0650908348413039,MRO-10045;MRO-10047;MRO-20031,MRO-10045;MRO-10047;MRO-20031,EOT Crane,PUN-01,selection,12,caution,risk,approved_on_validation,우선 점검 후보
2024-03-29,AST-1041,A2,21,6.926982299414257,0.1490839421318076,0.1017887608591415,MRO-70004;MRO-10047;MRO-10046,MRO-10047;MRO-10046;MRO-20031,CNC Lathe,PUN-01,selection,12,high_risk,risk,approved_on_validation,우선 점검 후보
2024-03-29,AST-1042,A2,8,6.025041612434349,0.1015271156690372,0.0637486409124879,MRO-20031;MRO-10047;MRO-10045,MRO-20031;MRO-10047;MRO-10045,CNC Lathe,PUN-01,selection,12,risk,risk,approved_on_validation,우선 점검 후보
2024-03-29,AST-2017,A2,4,8.612772127779326,0.2642910199207319,0.1937876249927258,MRO-10045;MRO-10047;MRO-80001,MRO-10045;MRO-10047;MRO-80001,Hydraulic Press,PUN-01,selection,12,caution,risk,approved_on_validation,우선 점검 후보
2024-03-29,AST-2031,A2,0,7.151055783381816,0.1660805226321971,0.1125531609117943,MRO-10045;MRO-10047;MRO-20031,MRO-10045;MRO-10047;MRO-20031,Hydraulic Press,CHN-02,selection,12,normal,risk,approved_on_validation,우선 점검 후보
2024-03-29,AST-3008,A2,4,6.89948463076927,0.1496940750003743,0.1005001757915521,MRO-10045;MRO-10047;MRO-80001,MRO-10045;MRO-10047;MRO-80001,Belt Conveyor,CHN-02,selection,12,caution,risk,approved_on_validation,우선 점검 후보
2024-03-29,AST-3019,A2,9,5.8205344443396285,0.0929657690642977,0.0581791597118054,MRO-50009;MRO-10047;MRO-20031,MRO-50009;MRO-10047;MRO-20031,Belt Conveyor,CHN-02,selection,12,risk,caution,approved_on_validation,우선 점검 후보
2024-03-29,AST-4055,A2,6,8.216267917472532,0.2356048403523669,0.1688527066563708,MRO-20031;MRO-60016;MRO-10046,MRO-20031;MRO-10046;MRO-10047,Screw Compressor,DHR-03,selection,12,risk,risk,approved_on_validation,우선 점검 후보
2024-03-29,AST-4061,A2,13,7.082569077624098,0.159717164160649,0.1082351908983383,MRO-40022;MRO-80001;MRO-10046,MRO-80001;MRO-10046;MRO-20031,Screw Compressor,DHR-03,selection,12,high_risk,risk,approved_on_validation,우선 점검 후보
2024-03-29,AST-5003,A2,1,7.593838118532129,0.1930926513121953,0.134592873031762,MRO-50009;MRO-80001;MRO-10045,MRO-50009;MRO-80001;MRO-10045,EOT Crane,DHR-03,selection,12,caution,risk,approved_on_validation,우선 점검 후보
2024-03-29,AST-5007,A2,6,6.068654652822609,0.1044843723453442,0.0657269691965545,MRO-10046;MRO-50009;MRO-10045,MRO-10046;MRO-50009;MRO-10045,EOT Crane,PUN-01,selection,12,risk,risk,approved_on_validation,우선 점검 후보
2024-03-30,AST-1041,A2,0,0.003127932468042,6.873922802649991e-12,6.289125890414665e-15,MRO-10046;MRO-20031;MRO-50009,MRO-10046;MRO-20031;MRO-50009,CNC Lathe,PUN-01,selection,12,normal,normal,approved_on_validation,우선 점검 후보
2024-03-30,AST-1042,A2,0,0.0029233617134358,4.841673417044725e-12,4.427385706140606e-15,MRO-10045;MRO-10046;MRO-10047,MRO-10045;MRO-10046;MRO-10047,CNC Lathe,PUN-01,selection,12,normal,normal,approved_on_validation,우선 점검 후보
2024-03-30,AST-2017,A2,0,0.0034729430957905,8.880366346654092e-12,9.286614017853247e-15,MRO-20031;MRO-60016;MRO-10046,MRO-20031;MRO-10046;MRO-50009,Hydraulic Press,PUN-01,selection,12,normal,normal,approved_on_validation,우선 점검 후보
2024-03-30,AST-2031,A2,0,0.0032203066272502,6.488687343661167e-12,6.534999953348177e-15,MRO-80001;MRO-10046;MRO-20031,MRO-80001;MRO-10046;MRO-20031,Hydraulic Press,CHN-02,selection,12,normal,normal,approved_on_validation,우선 점검 후보
2024-03-30,AST-3008,A2,0,0.0031385423925224,5.9180048066971345e-12,5.830808348494167e-15,MRO-10046;MRO-10047;MRO-20031,MRO-10046;MRO-10047;MRO-20031,Belt Conveyor,CHN-02,selection,12,normal,normal,approved_on_validation,우선 점검 후보
2024-03-30,AST-3019,A2,0,0.0032310835701276,6.482084776501348e-12,6.5577784463243856e-15,MRO-40021;MRO-90012;MRO-10047,MRO-10047;MRO-20031;MRO-10045,Belt Conveyor,CHN-02,selection,12,normal,normal,approved_on_validation,우선 점검 후보
2024-03-30,AST-4055,A2,0,0.0032442397244332,6.5921214382250606e-12,6.6975479281740115e-15,MRO-10045;MRO-10046;MRO-10047,MRO-10045;MRO-10046;MRO-10047,Screw Compressor,DHR-03,selection,12,normal,normal,approved_on_validation,우선 점검 후보
2024-03-30,AST-4061,A2,0,0.0032438754581232,6.609428729686351e-12,6.708393509161135e-15,MRO-10045;MRO-10046;MRO-10047,MRO-10045;MRO-10046;MRO-10047,Screw Compressor,DHR-03,selection,12,normal,normal,approved_on_validation,우선 점검 후보
2024-03-30,AST-5003,A2,0,0.0031502021260049,6.0114975915065505e-12,5.944554606640208e-15,MRO-10045;MRO-10046;MRO-10047,MRO-10045;MRO-10046;MRO-10047,EOT Crane,DHR-03,selection,12,normal,normal,approved_on_validation,우선 점검 후보
2024-03-30,AST-5007,A2,0,0.0032297707401479,6.5566416275720676e-12,6.600256465147342e-15,MRO-20032;MRO-10045;MRO-10047,MRO-10045;MRO-10047;MRO-20031,EOT Crane,PUN-01,selection,12,normal,normal,approved_on_validation,우선 점검 후보
2024-03-31,AST-1041,A2,0,0.0031235049379254,6.833884802236533e-12,6.248032454370986e-15,MRO-10046;MRO-20031;MRO-50009,MRO-10046;MRO-20031;MRO-50009,CNC Lathe,PUN-01,selection,12,normal,normal,approved_on_validation,우선 점검 후보
2024-03-31,AST-1042,A2,0,0.0032363257416044,6.567287954138167e-12,6.647795151792925e-15,MRO-10045;MRO-10046;MRO-10047,MRO-10045;MRO-10046;MRO-10047,CNC Lathe,PUN-01,selection,12,normal,normal,approved_on_validation,우선 점검 후보
2024-03-31,AST-2017,A2,0,0.0032462139420683,6.485985980807441e-12,6.618605497076085e-15,MRO-50008;MRO-80002;MRO-10046,MRO-10046;MRO-10047;MRO-20031,Hydraulic Press,PUN-01,selection,12,normal,normal,approved_on_validation,우선 점검 후보
2024-03-31,AST-2031,A2,0,0.0032342862969683,6.639811349265157e-12,6.693957932572049e-15,MRO-80001;MRO-10045;MRO-10046,MRO-80001;MRO-10045;MRO-10046,Hydraulic Press,CHN-02,selection,12,normal,normal,approved_on_validation,우선 점검 후보
2024-03-31,AST-3008,A2,0,0.0032241216243308,6.6013874010295665e-12,6.627287628094185e-15,MRO-10046;MRO-10047;MRO-20031,MRO-10046;MRO-10047;MRO-20031,Belt Conveyor,CHN-02,selection,12,normal,normal,approved_on_validation,우선 점검 후보
2024-03-31,AST-3019,A2,0,0.0032166236484373,6.505417669631139e-12,6.511766024560974e-15,MRO-10045;MRO-10046;MRO-50009,MRO-10045;MRO-10046;MRO-50009,Belt Conveyor,CHN-02,selection,12,normal,normal,approved_on_validation,우선 점검 후보
2024-03-31,AST-4055,A2,0,0.0032382470656282,6.5194587071568634e-12,6.622717331241254e-15,MRO-10045;MRO-10046;MRO-10047,MRO-10045;MRO-10046;MRO-10047,Screw Compressor,DHR-03,selection,12,normal,normal,approved_on_validation,우선 점검 후보
2024-03-31,AST-4061,A2,0,0.003243085981311,6.627156331551565e-12,6.718363948959267e-15,MRO-10045;MRO-10046;MRO-10047,MRO-10045;MRO-10046;MRO-10047,Screw Compressor,DHR-03,selection,12,normal,normal,approved_on_validation,우선 점검 후보
2024-03-31,AST-5003,A2,0,0.0033061764675359,7.213993951807443e-12,7.370630756223183e-15,MRO-50009;MRO-30012;MRO-90011,MRO-50009;MRO-10045;MRO-10046,EOT Crane,DHR-03,selection,12,normal,normal,approved_on_validation,우선 점검 후보
2024-03-31,AST-5007,A2,0,0.0029481109148756,5.025205713407387e-12,4.601660448756925e-15,MRO-10046;MRO-20033;MRO-10045,MRO-10046;MRO-10045;MRO-10047,EOT Crane,PUN-01,selection,12,normal,normal,approved_on_validation,우선 점검 후보
2024-04-01,AST-1041,A2,1,6.366038385485744,0.1204000472155637,0.0778148040170445,MRO-10047;MRO-10045;MRO-10046,MRO-10047;MRO-10045;MRO-10046,CNC Lathe,PUN-01,calibration,12,caution,risk,approved_on_validation,우선 점검 후보
2024-04-01,AST-1042,A2,8,5.831608494386585,0.0924950256267898,0.0578532891025233,MRO-10047;MRO-20031;MRO-10045,MRO-10047;MRO-20031;MRO-10045,CNC Lathe,PUN-01,calibration,12,risk,caution,approved_on_validation,우선 점검 후보
2024-04-01,AST-2017,A2,5,8.666920874237753,0.2672589263210051,0.1975520279224932,MRO-80001;MRO-10046;MRO-20031,MRO-80001;MRO-10046;MRO-20031,Hydraulic Press,PUN-01,calibration,12,caution,risk,approved_on_validation,우선 점검 후보
2024-04-01,AST-2031,A2,8,7.311154282431554,0.1753906385255284,0.120653970468066,MRO-10046;MRO-10045;MRO-10047,MRO-10046;MRO-10045;MRO-10047,Hydraulic Press,CHN-02,calibration,12,risk,risk,approved_on_validation,우선 점검 후보
2024-04-01,AST-3008,A2,20,6.039415937230602,0.1031508329908411,0.0650099813947775,MRO-10045;MRO-10047;MRO-10046,MRO-10045;MRO-10047;MRO-10046,Belt Conveyor,CHN-02,calibration,12,high_risk,risk,approved_on_validation,우선 점검 후보
2024-04-01,AST-3019,A2,9,7.1401099971442115,0.1548751676362109,0.1077436131799526,MRO-80002;MRO-70004;MRO-40022,MRO-10046;MRO-20031;MRO-50009,Belt Conveyor,CHN-02,calibration,12,risk,risk,approved_on_validation,우선 점검 후보
2024-04-01,AST-4055,A2,2,7.887882161464102,0.214104214343749,0.1494427576037089,MRO-20031;MRO-50009;MRO-10047,MRO-20031;MRO-50009;MRO-10047,Screw Compressor,DHR-03,calibration,12,caution,risk,approved_on_validation,우선 점검 후보
2024-04-01,AST-4061,A2,6,6.55310492474239,0.130804991072493,0.0854187280409503,MRO-50009;MRO-10046;MRO-20031,MRO-50009;MRO-10046;MRO-20031,Screw Compressor,DHR-03,calibration,12,risk,risk,approved_on_validation,우선 점검 후보
2024-04-01,AST-5003,A2,5,7.005243043990639,0.1538222439935258,0.1042328843802534,MRO-80001;MRO-10045;MRO-10047,MRO-80001;MRO-10045;MRO-10047,EOT Crane,DHR-03,calibration,12,caution,risk,approved_on_validation,우선 점검 후보
2024-04-01,AST-5007,A2,5,5.377417381198944,0.0719807242860274,0.0437695584576621,MRO-10046;MRO-10045;MRO-10047,MRO-10046;MRO-10045;MRO-10047,EOT Crane,PUN-01,calibration,12,caution,caution,approved_on_validation,우선 점검 후보
2024-04-02,AST-1041,A2,2,6.209807581062883,0.1133063900489662,0.0720957218574422,MRO-10046;MRO-10047;MRO-10045,MRO-10046;MRO-10047;MRO-10045,CNC Lathe,PUN-01,calibration,12,caution,risk,approved_on_validation,우선 점검 후보
2024-04-02,AST-1042,A2,14,6.155829638822799,0.1097437737358039,0.0700826383711884,MRO-10045;MRO-50009;MRO-10047,MRO-10045;MRO-50009;MRO-10047,CNC Lathe,PUN-01,calibration,12,high_risk,risk,approved_on_validation,우선 점검 후보
2024-04-02,AST-2017,A2,15,7.880092521186143,0.2125841868012293,0.1505924998306463,MRO-80001;MRO-10047;MRO-10045,MRO-80001;MRO-10047;MRO-10045,Hydraulic Press,PUN-01,calibration,12,high_risk,risk,approved_on_validation,우선 점검 후보
2024-04-02,AST-2031,A2,6,7.1242589167941714,0.1637821066794226,0.1117748788383591,MRO-80001;MRO-10045;MRO-10047,MRO-80001;MRO-10045;MRO-10047,Hydraulic Press,CHN-02,calibration,12,risk,risk,approved_on_validation,우선 점검 후보
2024-04-02,AST-3008,A2,8,6.423511161696972,0.1244100551773513,0.0809584471124058,MRO-10046;MRO-10047;MRO-10045,MRO-10046;MRO-10047;MRO-10045,Belt Conveyor,CHN-02,calibration,12,risk,risk,approved_on_validation,우선 점검 후보
2024-04-02,AST-3019,A2,10,5.471550238729723,0.0776636194559279,0.0478172025917902,MRO-10045;MRO-10047;MRO-20031,MRO-10045;MRO-10047;MRO-20031,Belt Conveyor,CHN-02,calibration,12,risk,caution,approved_on_validation,우선 점검 후보
2024-04-02,AST-4055,A2,6,7.286926417018118,0.1730428071889384,0.118689313648832,MRO-80001;MRO-20031;MRO-10046,MRO-80001;MRO-20031;MRO-10046,Screw Compressor,DHR-03,calibration,12,risk,risk,approved_on_validation,우선 점검 후보
2024-04-02,AST-4061,A2,10,6.112322813076356,0.106479304027679,0.0675168129453793,MRO-40022;MRO-80001;MRO-10046,MRO-80001;MRO-10046;MRO-20031,Screw Compressor,DHR-03,calibration,12,risk,risk,approved_on_validation,우선 점검 후보
2024-04-02,AST-5003,A2,7,6.277438965153725,0.1086638542475508,0.0714135850846637,MRO-90011;MRO-60015;MRO-50008,MRO-50009;MRO-20031;MRO-10046,EOT Crane,DHR-03,calibration,12,risk,risk,approved_on_validation,우선 점검 후보
2024-04-02,AST-5007,A2,0,6.362418183611538,0.1210799670698469,0.077786416130709,MRO-10045;MRO-10047;MRO-50009,MRO-10045;MRO-10047;MRO-50009,EOT Crane,PUN-01,calibration,12,normal,risk,approved_on_validation,우선 점검 후보
2024-04-03,AST-1041,A2,8,6.460154815433101,0.12496163811789,0.080831633433674,MRO-10045;MRO-10047;MRO-10046,MRO-10045;MRO-10047;MRO-10046,CNC Lathe,PUN-01,calibration,12,risk,risk,approved_on_validation,우선 점검 후보
2024-04-03,AST-1042,A2,8,6.068208863979296,0.1054663188106834,0.0662205446385932,MRO-10047;MRO-10045;MRO-80001,MRO-10047;MRO-10045;MRO-80001,CNC Lathe,PUN-01,calibration,12,risk,risk,approved_on_validation,우선 점검 후보
2024-04-03,AST-2017,A2,13,8.423115519556985,0.2498849445347247,0.1817678026396348,MRO-80001;MRO-10046;MRO-20031,MRO-80001;MRO-10046;MRO-20031,Hydraulic Press,PUN-01,calibration,12,high_risk,risk,approved_on_validation,우선 점검 후보
2024-04-03,AST-2031,A2,4,7.281428732158474,0.1727174715648957,0.1181117021805218,MRO-10046;MRO-10045;MRO-10047,MRO-10046;MRO-10045;MRO-10047,Hydraulic Press,CHN-02,calibration,12,caution,risk,approved_on_validation,우선 점검 후보
2024-04-03,AST-3008,A2,10,6.648288275894091,0.1369186174110787,0.0899611529075058,MRO-10046;MRO-10047;MRO-50009,MRO-10046;MRO-10047;MRO-50009,Belt Conveyor,CHN-02,calibration,12,risk,risk,approved_on_validation,우선 점검 후보
2024-04-03,AST-3019,A2,6,5.490800612405814,0.0791166873624753,0.0479121423160762,MRO-10047;MRO-10045;MRO-80001,MRO-10047;MRO-10045;MRO-80001,Belt Conveyor,CHN-02,calibration,12,risk,caution,approved_on_validation,우선 점검 후보
2024-04-03,AST-4055,A2,16,8.040593112262721,0.2243579900895635,0.1589028075043822,MRO-20031;MRO-80001;MRO-10045,MRO-20031;MRO-80001;MRO-10045,Screw Compressor,DHR-03,calibration,12,high_risk,risk,approved_on_validation,우선 점검 후보
2024-04-03,AST-4061,A2,4,6.786803265124513,0.1404579679068835,0.0957031488645067,MRO-10046;MRO-10047;MRO-50009,MRO-10046;MRO-10047;MRO-50009,Screw Compressor,DHR-03,calibration,12,caution,risk,approved_on_validation,우선 점검 후보
2024-04-03,AST-5003,A2,6,8.092893869995716,0.2282758980995042,0.163283207675316,MRO-20031;MRO-80001;MRO-50009,MRO-20031;MRO-80001;MRO-50009,EOT Crane,DHR-03,calibration,12,risk,risk,approved_on_validation,우선 점검 후보
2024-04-03,AST-5007,A2,6,5.970412077570417,0.0996802037589825,0.0620438392353663,MRO-20031;MRO-10046;MRO-10045,MRO-20031;MRO-10046;MRO-10045,EOT Crane,PUN-01,calibration,12,risk,risk,approved_on_validation,우선 점검 후보
2024-04-04,AST-1041,A2,4,5.976675068691822,0.098985277403418,0.0625246753796143,MRO-10047;MRO-40021;MRO-60016,MRO-10047;MRO-80001;MRO-10046,CNC Lathe,PUN-01,calibration,12,caution,risk,approved_on_validation,우선 점검 후보
2024-04-04,AST-1042,A2,0,6.131648858771165,0.1079000358784711,0.0689249503646039,MRO-10045;MRO-10047;MRO-80001,MRO-10045;MRO-10047;MRO-80001,CNC Lathe,PUN-01,calibration,12,normal,risk,approved_on_validation,우선 점검 후보
2024-04-04,AST-2017,A2,5,8.519568671668006,0.2577613546784731,0.1883714548522694,MRO-10046;MRO-20031;MRO-50009,MRO-10046;MRO-20031;MRO-50009,Hydraulic Press,PUN-01,calibration,12,caution,risk,approved_on_validation,우선 점검 후보
2024-04-04,AST-2031,A2,8,8.262467314877684,0.2391899504270812,0.1728874112101948,MRO-80001;MRO-10045;MRO-10047,MRO-80001;MRO-10045;MRO-10047,Hydraulic Press,CHN-02,calibration,12,risk,risk,approved_on_validation,우선 점검 후보
2024-04-04,AST-3008,A2,9,6.51987605303809,0.1300887352922388,0.0844033312123481,MRO-10045;MRO-10046;MRO-10047,MRO-10045;MRO-10046;MRO-10047,Belt Conveyor,CHN-02,calibration,12,risk,risk,approved_on_validation,우선 점검 후보
2024-04-04,AST-3019,A2,1,5.9536370591797825,0.0983500891546601,0.0619560339007719,MRO-40022;MRO-10045;MRO-80001,MRO-10045;MRO-80001;MRO-10047,Belt Conveyor,CHN-02,calibration,12,caution,risk,approved_on_validation,우선 점검 후보
2024-04-04,AST-4055,A2,4,8.76596950409715,0.277090055152102,0.2023037780200121,MRO-20031;MRO-10045;MRO-10047,MRO-20031;MRO-10045;MRO-10047,Screw Compressor,DHR-03,calibration,12,caution,risk,approved_on_validation,우선 점검 후보
2024-04-04,AST-4061,A2,4,6.481332935938211,0.1283307198038109,0.083333932005903,MRO-10046;MRO-10047;MRO-50009,MRO-10046;MRO-10047;MRO-50009,Screw Compressor,DHR-03,calibration,12,caution,risk,approved_on_validation,우선 점검 후보
2024-04-04,AST-5003,A2,7,7.543907785296444,0.1889766510778054,0.1319620378232228,MRO-50009;MRO-20031;MRO-80001,MRO-50009;MRO-20031;MRO-80001,EOT Crane,DHR-03,calibration,12,risk,risk,approved_on_validation,우선 점검 후보
2024-04-04,AST-5007,A2,6,5.275434333154117,0.0681492350344938,0.0408596180606152,MRO-10045;MRO-10046;MRO-80001,MRO-10045;MRO-10046;MRO-80001,EOT Crane,PUN-01,calibration,12,risk,caution,approved_on_validation,우선 점검 후보
2024-04-05,AST-1041,A2,6,5.973022823630706,0.1013923619351542,0.0630863639506167,MRO-10047;MRO-10045;MRO-80001,MRO-10047;MRO-10045;MRO-80001,CNC Lathe,PUN-01,calibration,12,risk,risk,approved_on_validation,우선 점검 후보
2024-04-05,AST-1042,A2,1,5.890500894554756,0.0963958919976142,0.0599823231999224,MRO-10047;MRO-80001;MRO-10045,MRO-10047;MRO-80001;MRO-10045,CNC Lathe,PUN-01,calibration,12,caution,risk,approved_on_validation,우선 점검 후보
2024-04-05,AST-2017,A2,9,8.319258036509341,0.2432817163413512,0.1756946379619677,MRO-80001;MRO-20031;MRO-10046,MRO-80001;MRO-20031;MRO-10046,Hydraulic Press,PUN-01,calibration,12,risk,risk,approved_on_validation,우선 점검 후보
2024-04-05,AST-2031,A2,17,7.356065033933727,0.1768358943791401,0.1229404758438024,MRO-10047;MRO-10045;MRO-50009,MRO-10047;MRO-10045;MRO-50009,Hydraulic Press,CHN-02,calibration,12,high_risk,risk,approved_on_validation,우선 점검 후보
2024-04-05,AST-3008,A2,9,7.5454346944050945,0.1941946428861461,0.1333902973461352,MRO-10045;MRO-80001;MRO-10046,MRO-10045;MRO-80001;MRO-10046,Belt Conveyor,CHN-02,calibration,12,risk,risk,approved_on_validation,우선 점검 후보
2024-04-05,AST-3019,A2,7,5.360801967934049,0.0740740532911234,0.0441835657149797,MRO-10045;MRO-80001;MRO-10047,MRO-10045;MRO-80001;MRO-10047,Belt Conveyor,CHN-02,calibration,12,risk,caution,approved_on_validation,우선 점검 후보
2024-04-05,AST-4055,A2,7,7.751186198438083,0.2055432760452586,0.1438733726318952,MRO-10047;MRO-10045;MRO-20031,MRO-10047;MRO-10045;MRO-20031,Screw Compressor,DHR-03,calibration,12,risk,risk,approved_on_validation,우선 점검 후보
2024-04-05,AST-4061,A2,4,6.336154953941575,0.1190929549311724,0.0768917971825392,MRO-10046;MRO-10047;MRO-50009,MRO-10046;MRO-10047;MRO-50009,Screw Compressor,DHR-03,calibration,12,caution,risk,approved_on_validation,우선 점검 후보
2024-04-05,AST-5003,A2,8,7.075197073986163,0.1572624235656689,0.107395038693271,MRO-80001;MRO-10045;MRO-20031,MRO-80001;MRO-10045;MRO-20031,EOT Crane,DHR-03,calibration,12,risk,risk,approved_on_validation,우선 점검 후보
2024-04-05,AST-5007,A2,7,5.181195889637556,0.0651484346479584,0.038432065860474,MRO-10047;MRO-20031;MRO-10046,MRO-10047;MRO-20031;MRO-10046,EOT Crane,PUN-01,calibration,12,risk,caution,approved_on_validation,우선 점검 후보
2024-04-06,AST-1041,A2,0,0.0031460617264781,6.990642417130973e-12,6.431492674959322e-15,MRO-10046;MRO-10047;MRO-20031,MRO-10046;MRO-10047;MRO-20031,CNC Lathe,PUN-01,calibration,12,normal,normal,approved_on_validation,우선 점검 후보
2024-04-06,AST-1042,A2,0,0.0032375371066123,6.574265953562741e-12,6.657167034503116e-15,MRO-10045;MRO-10046;MRO-10047,MRO-10045;MRO-10046;MRO-10047,CNC Lathe,PUN-01,calibration,12,normal,normal,approved_on_validation,우선 점검 후보
2024-04-06,AST-2017,A2,0,0.0033185139933676,7.334344313639019e-12,7.540882176212093e-15,MRO-50009;MRO-90011;MRO-80001,MRO-50009;MRO-80001;MRO-10047,Hydraulic Press,PUN-01,calibration,12,normal,normal,approved_on_validation,우선 점검 후보
2024-04-06,AST-2031,A2,0,0.0032227244335754,6.5244562486503515e-12,6.568496724165731e-15,MRO-10045;MRO-80001;MRO-10046,MRO-10045;MRO-80001;MRO-10046,Hydraulic Press,CHN-02,calibration,12,normal,normal,approved_on_validation,우선 점검 후보
2024-04-06,AST-3008,A2,0,0.0032091127891971,6.488384559114728e-12,6.4332798188639104e-15,MRO-10045;MRO-10046;MRO-10047,MRO-10045;MRO-10046;MRO-10047,Belt Conveyor,CHN-02,calibration,12,normal,normal,approved_on_validation,우선 점검 후보
2024-04-06,AST-3019,A2,0,0.0032127507039166,6.535028616434781e-12,6.543553034466611e-15,MRO-50009;MRO-10045;MRO-10046,MRO-50009;MRO-10045;MRO-10046,Belt Conveyor,CHN-02,calibration,12,normal,normal,approved_on_validation,우선 점검 후보
2024-04-06,AST-4055,A2,0,0.0032353036655566,6.636741894913904e-12,6.7005865599226665e-15,MRO-10045;MRO-10046;MRO-10047,MRO-10045;MRO-10046;MRO-10047,Screw Compressor,DHR-03,calibration,12,normal,normal,approved_on_validation,우선 점검 후보
2024-04-06,AST-4061,A2,0,0.0032258858969606,6.506024161065513e-12,6.566237199550872e-15,MRO-10045;MRO-10047;MRO-20031,MRO-10045;MRO-10047;MRO-20031,Screw Compressor,DHR-03,calibration,12,normal,normal,approved_on_validation,우선 점검 후보
2024-04-06,AST-5003,A2,0,0.0037015410850597,1.1240455953805748e-11,1.2059633876448344e-14,MRO-30012;MRO-50009;MRO-80001,MRO-50009;MRO-80001;MRO-30012,EOT Crane,DHR-03,calibration,12,normal,normal,approved_on_validation,우선 점검 후보
2024-04-06,AST-5007,A2,0,0.0033095110769187,7.1904320711870985e-12,7.347481990503918e-15,MRO-10046;MRO-40022;MRO-20031,MRO-10046;MRO-20031;MRO-10045,EOT Crane,PUN-01,calibration,12,normal,normal,approved_on_validation,우선 점검 후보
2024-04-07,AST-1041,A2,0,0.0031375620670714,5.725184228442988e-12,5.725050329367761e-15,MRO-70004;MRO-10047;MRO-20031,MRO-10047;MRO-20031;MRO-50009,CNC Lathe,PUN-01,calibration,12,normal,normal,approved_on_validation,우선 점검 후보
2024-04-07,AST-1042,A2,0,0.003237351104801,6.5742659513057095e-12,6.655945364534754e-15,MRO-10045;MRO-10046;MRO-10047,MRO-10045;MRO-10046;MRO-10047,CNC Lathe,PUN-01,calibration,12,normal,normal,approved_on_validation,우선 점검 후보
2024-04-07,AST-2017,A2,0,0.0032476335126197,6.758034828630708e-12,6.811035688675053e-15,MRO-80001;MRO-10047;MRO-10045,MRO-80001;MRO-10047;MRO-10045,Hydraulic Press,PUN-01,calibration,12,normal,normal,approved_on_validation,우선 점검 후보
2024-04-07,AST-2031,A2,0,0.003243066809222,6.781946021934403e-12,6.827192247750144e-15,MRO-10045;MRO-80001;MRO-10046,MRO-10045;MRO-80001;MRO-10046,Hydraulic Press,CHN-02,calibration,12,normal,normal,approved_on_validation,우선 점검 후보
2024-04-07,AST-3008,A2,0,0.0033158377497059,7.559323198545441e-12,7.648091829505249e-15,MRO-10045;MRO-10046;MRO-10047,MRO-10045;MRO-10046;MRO-10047,Belt Conveyor,CHN-02,calibration,12,normal,normal,approved_on_validation,우선 점검 후보
2024-04-07,AST-3019,A2,0,0.0032240234157005,6.519318222123064e-12,6.5683837530059795e-15,MRO-70005;MRO-10045;MRO-10046,MRO-10045;MRO-10046;MRO-10047,Belt Conveyor,CHN-02,calibration,12,normal,normal,approved_on_validation,우선 점검 후보
2024-04-07,AST-4055,A2,0,0.0033572697873175,6.908086382173901e-12,7.312186946164547e-15,MRO-60016;MRO-20031;MRO-10045,MRO-20031;MRO-10045;MRO-10046,Screw Compressor,DHR-03,calibration,12,normal,normal,approved_on_validation,우선 점검 후보
2024-04-07,AST-4061,A2,0,0.0032397461182959,6.5514060282938994e-12,6.651494948820075e-15,MRO-10045;MRO-10047;MRO-20031,MRO-10045;MRO-10047;MRO-20031,Screw Compressor,DHR-03,calibration,12,normal,normal,approved_on_validation,우선 점검 후보
2024-04-07,AST-5003,A2,0,0.0031692528304466,6.265154281383522e-12,6.188810310634755e-15,MRO-10045;MRO-10046;MRO-10047,MRO-10045;MRO-10046;MRO-10047,EOT Crane,DHR-03,calibration,12,normal,normal,approved_on_validation,우선 점검 후보
2024-04-07,AST-5007,A2,0,0.0032663057278788,6.805166363552325e-12,6.925844357118511e-15,MRO-20031;MRO-40021;MRO-70005,MRO-20031;MRO-10045;MRO-10046,EOT Crane,PUN-01,calibration,12,normal,normal,approved_on_validation,우선 점검 후보
2024-04-08,AST-1041,A2,10,6.206874471426366,0.1123964082529897,0.0719511708647376,MRO-10045;MRO-10047;MRO-10046,MRO-10045;MRO-10047;MRO-10046,CNC Lathe,PUN-01,calibration,12,risk,risk,approved_on_validation,우선 점검 후보
2024-04-08,AST-1042,A2,9,5.875494463303746,0.0963338571968552,0.0595139153395796,MRO-10047;MRO-80001;MRO-10045,MRO-10047;MRO-80001;MRO-10045,CNC Lathe,PUN-01,calibration,12,risk,risk,approved_on_validation,우선 점검 후보
2024-04-08,AST-2017,A2,10,8.505913005380341,0.253190401211848,0.1883722158222239,MRO-80001;MRO-90012;MRO-50009,MRO-80001;MRO-50009;MRO-10047,Hydraulic Press,PUN-01,calibration,12,risk,risk,approved_on_validation,우선 점검 후보
2024-04-08,AST-2031,A2,2,7.23042235073911,0.1701800334431359,0.1163968434388132,MRO-80001;MRO-10047;MRO-10045,MRO-80001;MRO-10047;MRO-10045,Hydraulic Press,CHN-02,calibration,12,caution,risk,approved_on_validation,우선 점검 후보
2024-04-08,AST-3008,A2,2,6.320501814985343,0.1183540011306418,0.0765300255891397,MRO-50009;MRO-80001;MRO-10046,MRO-50009;MRO-80001;MRO-10046,Belt Conveyor,CHN-02,calibration,12,caution,risk,approved_on_validation,우선 점검 후보
2024-04-08,AST-3019,A2,4,6.27174423677595,0.1105647500063042,0.0721695075258018,MRO-50009;MRO-40021;MRO-10046,MRO-50009;MRO-10046;MRO-10045,Belt Conveyor,CHN-02,calibration,12,caution,risk,approved_on_validation,우선 점검 후보
2024-04-08,AST-4055,A2,8,7.384502460482812,0.1804555993258755,0.1238226655289474,MRO-80001;MRO-10046;MRO-20031,MRO-80001;MRO-10046;MRO-20031,Screw Compressor,DHR-03,calibration,12,risk,risk,approved_on_validation,우선 점검 후보
2024-04-08,AST-4061,A2,4,6.756881109543475,0.1403880826212164,0.0948622054268586,MRO-10045;MRO-10047;MRO-50009,MRO-10045;MRO-10047;MRO-50009,Screw Compressor,DHR-03,calibration,12,caution,risk,approved_on_validation,우선 점검 후보
2024-04-08,AST-5003,A2,9,8.16921153195456,0.2300837631419436,0.1665210706234611,MRO-10045;MRO-80001;MRO-10047,MRO-10045;MRO-80001;MRO-10047,EOT Crane,DHR-03,calibration,12,risk,risk,approved_on_validation,우선 점검 후보
2024-04-08,AST-5007,A2,10,6.140870732651203,0.1049012904350038,0.0677564559903195,MRO-50009;MRO-80001;MRO-60015,MRO-50009;MRO-80001;MRO-10045,EOT Crane,PUN-01,calibration,12,risk,risk,approved_on_validation,우선 점검 후보
2024-04-09,AST-1041,A2,0,5.79617303138521,0.0896553317298196,0.0564022544346671,MRO-50009;MRO-10047;MRO-70004,MRO-50009;MRO-10047;MRO-20031,CNC Lathe,PUN-01,calibration,12,normal,caution,approved_on_validation,우선 점검 후보
2024-04-09,AST-1042,A2,1,5.987836683580549,0.1011780022364521,0.0636137927814997,MRO-10045;MRO-10047;MRO-80001,MRO-10045;MRO-10047;MRO-80001,CNC Lathe,PUN-01,calibration,12,caution,risk,approved_on_validation,우선 점검 후보
2024-04-09,AST-2017,A2,12,8.304667634269078,0.24260248949583,0.1753971834332934,MRO-80001;MRO-10045;MRO-10047,MRO-80001;MRO-10045;MRO-10047,Hydraulic Press,PUN-01,calibration,12,high_risk,risk,approved_on_validation,우선 점검 후보
2024-04-09,AST-2031,A2,11,7.339905840941331,0.1771816613231658,0.1219868267800098,MRO-80001;MRO-10045;MRO-10047,MRO-80001;MRO-10045;MRO-10047,Hydraulic Press,CHN-02,calibration,12,risk,risk,approved_on_validation,우선 점검 후보
2024-04-09,AST-3008,A2,10,5.86891747591547,0.0941276095558724,0.0593190727298363,MRO-10045;MRO-50009;MRO-80001,MRO-10045;MRO-50009;MRO-80001,Belt Conveyor,CHN-02,calibration,12,risk,caution,approved_on_validation,우선 점검 후보
2024-04-09,AST-3019,A2,1,5.432530478480129,0.0761036835306775,0.0458816818067142,MRO-20031;MRO-50009;MRO-10045,MRO-20031;MRO-50009;MRO-10045,Belt Conveyor,CHN-02,calibration,12,caution,caution,approved_on_validation,우선 점검 후보
2024-04-09,AST-4055,A2,12,7.805293310238385,0.2084727652846288,0.1461428907404833,MRO-20031;MRO-50009;MRO-10045,MRO-20031;MRO-50009;MRO-10045,Screw Compressor,DHR-03,calibration,12,high_risk,risk,approved_on_validation,우선 점검 후보
2024-04-09,AST-4061,A2,8,6.708535038653859,0.1397256761354494,0.0921367334999028,MRO-10045;MRO-10047;MRO-50009,MRO-10045;MRO-10047;MRO-50009,Screw Compressor,DHR-03,calibration,12,risk,risk,approved_on_validation,우선 점검 후보
2024-04-09,AST-5003,A2,10,7.512705764696422,0.1852202157079791,0.1291706408099732,MRO-10045;MRO-80001;MRO-20031,MRO-10045;MRO-80001;MRO-20031,EOT Crane,DHR-03,calibration,12,risk,risk,approved_on_validation,우선 점검 후보
2024-04-09,AST-5007,A2,8,5.671266336488218,0.0829887448735863,0.0524787040994246,MRO-10045;MRO-50009;MRO-20031,MRO-10045;MRO-50009;MRO-20031,EOT Crane,PUN-01,calibration,12,risk,caution,approved_on_validation,우선 점검 후보
2024-04-10,AST-1041,A2,2,6.235338263944791,0.1133322324583805,0.0724543655445814,MRO-50009;MRO-10045;MRO-10047,MRO-50009;MRO-10045;MRO-10047,CNC Lathe,PUN-01,calibration,12,caution,risk,approved_on_validation,우선 점검 후보
2024-04-10,AST-1042,A2,1,5.770540509723443,0.0912637860699365,0.0556394808560086,MRO-10047;MRO-10045;MRO-30011,MRO-10047;MRO-10045;MRO-20031,CNC Lathe,PUN-01,calibration,12,caution,caution,approved_on_validation,우선 점검 후보
2024-04-10,AST-2017,A2,8,8.212752890344898,0.23654024962778,0.1695070860544152,MRO-80001;MRO-10047;MRO-10045,MRO-80001;MRO-10047;MRO-10045,Hydraulic Press,PUN-01,calibration,12,risk,risk,approved_on_validation,우선 점검 후보
2024-04-10,AST-2031,A2,2,7.249610515499663,0.1705518134846554,0.1168801574684955,MRO-10047;MRO-50009;MRO-20031,MRO-10047;MRO-50009;MRO-20031,Hydraulic Press,CHN-02,calibration,12,caution,risk,approved_on_validation,우선 점검 후보
2024-04-10,AST-3008,A2,12,6.216773592322614,0.1112760356290235,0.071912853792244,MRO-10047;MRO-50009;MRO-10046,MRO-10047;MRO-50009;MRO-10046,Belt Conveyor,CHN-02,calibration,12,high_risk,risk,approved_on_validation,우선 점검 후보
2024-04-10,AST-3019,A2,4,5.407472508171951,0.074815233758227,0.0456909258234435,MRO-50009;MRO-10045;MRO-80001,MRO-50009;MRO-10045;MRO-80001,Belt Conveyor,CHN-02,calibration,12,caution,caution,approved_on_validation,우선 점검 후보
2024-04-10,AST-4055,A2,12,8.395675848093543,0.2471242491608966,0.1787721375797803,MRO-30011;MRO-20031;MRO-10047,MRO-20031;MRO-10047;MRO-50009,Screw Compressor,DHR-03,calibration,12,high_risk,risk,approved_on_validation,우선 점검 후보
2024-04-10,AST-4061,A2,10,6.6967625232669,0.138362539701012,0.0910798362432516,MRO-10047;MRO-50009;MRO-80001,MRO-10047;MRO-50009;MRO-80001,Screw Compressor,DHR-03,calibration,12,risk,risk,approved_on_validation,우선 점검 후보
2024-04-10,AST-5003,A2,14,7.915422960680592,0.2133247393648991,0.1516938694152836,MRO-80001;MRO-10045;MRO-50009,MRO-80001;MRO-10045;MRO-50009,EOT Crane,DHR-03,calibration,12,high_risk,risk,approved_on_validation,우선 점검 후보
2024-04-10,AST-5007,A2,5,5.629291701242535,0.0832307188413551,0.051401401377853,MRO-10045;MRO-50009;MRO-10046,MRO-10045;MRO-50009;MRO-10046,EOT Crane,PUN-01,calibration,12,caution,caution,approved_on_validation,우선 점검 후보
2024-04-11,AST-1041,A2,8,6.233993397281381,0.1132162085421397,0.0722811830729309,MRO-50009;MRO-10045;MRO-10047,MRO-50009;MRO-10045;MRO-10047,CNC Lathe,PUN-01,calibration,12,risk,risk,approved_on_validation,우선 점검 후보
2024-04-11,AST-1042,A2,0,5.927482314287255,0.0988217582570583,0.0615072570029871,MRO-10047;MRO-10045;MRO-20031,MRO-10047;MRO-10045;MRO-20031,CNC Lathe,PUN-01,calibration,12,normal,risk,approved_on_validation,우선 점검 후보
2024-04-11,AST-2017,A2,2,8.431882842666255,0.2493885560895026,0.1834873759997092,MRO-80001;MRO-10045;MRO-20031,MRO-80001;MRO-10045;MRO-20031,Hydraulic Press,PUN-01,calibration,12,caution,risk,approved_on_validation,우선 점검 후보
2024-04-11,AST-2031,A2,10,6.711450583031881,0.1391403911019599,0.093038874284455,MRO-10047;MRO-50009;MRO-80001,MRO-10047;MRO-50009;MRO-80001,Hydraulic Press,CHN-02,calibration,12,risk,risk,approved_on_validation,우선 점검 후보
2024-04-11,AST-3008,A2,1,6.429471562659919,0.1247592344093092,0.0804667405165942,MRO-10046;MRO-10047;MRO-10045,MRO-10046;MRO-10047;MRO-10045,Belt Conveyor,CHN-02,calibration,12,caution,risk,approved_on_validation,우선 점검 후보
2024-04-11,AST-3019,A2,2,5.460984822077109,0.0772227576764044,0.0464741109921951,MRO-10045;MRO-10046;MRO-50009,MRO-10045;MRO-10046;MRO-50009,Belt Conveyor,CHN-02,calibration,12,caution,caution,approved_on_validation,우선 점검 후보
2024-04-11,AST-4055,A2,4,7.574843581738093,0.1899923942099199,0.1327480297459275,MRO-30011;MRO-10046;MRO-20031,MRO-10046;MRO-20031;MRO-50009,Screw Compressor,DHR-03,calibration,12,caution,risk,approved_on_validation,우선 점검 후보
2024-04-11,AST-4061,A2,9,6.3945798684267645,0.1224140995734881,0.0791990128057367,MRO-50009;MRO-10047;MRO-20031,MRO-50009;MRO-10047;MRO-20031,Screw Compressor,DHR-03,calibration,12,risk,risk,approved_on_validation,우선 점검 후보
2024-04-11,AST-5003,A2,14,8.062785130246892,0.2262430123048041,0.1618920392005937,MRO-80001;MRO-10045;MRO-10047,MRO-80001;MRO-10045;MRO-10047,EOT Crane,DHR-03,calibration,12,high_risk,risk,approved_on_validation,우선 점검 후보
2024-04-11,AST-5007,A2,6,5.893366374025902,0.0955543830001896,0.060022247218574,MRO-10046;MRO-10047;MRO-20031,MRO-10046;MRO-10047;MRO-20031,EOT Crane,PUN-01,calibration,12,risk,risk,approved_on_validation,우선 점검 후보
2024-04-12,AST-1041,A2,11,5.710156596139189,0.0889992353580619,0.0544824811048171,MRO-50009;MRO-20031;MRO-10045,MRO-50009;MRO-20031;MRO-10045,CNC Lathe,PUN-01,calibration,12,risk,caution,approved_on_validation,우선 점검 후보
2024-04-12,AST-1042,A2,6,5.820069623972417,0.09445417540945,0.0579393195112658,MRO-10045;MRO-10047;MRO-20031,MRO-10045;MRO-10047;MRO-20031,CNC Lathe,PUN-01,calibration,12,risk,risk,approved_on_validation,우선 점검 후보
2024-04-12,AST-2017,A2,14,8.194726467496736,0.2339776318008143,0.1701955123673945,MRO-80001;MRO-20031;MRO-10046,MRO-80001;MRO-20031;MRO-10046,Hydraulic Press,PUN-01,calibration,12,high_risk,risk,approved_on_validation,우선 점검 후보
2024-04-12,AST-2031,A2,4,7.310588219276951,0.175453981060735,0.1203229859446034,MRO-10047;MRO-50009;MRO-10046,MRO-10047;MRO-50009;MRO-10046,Hydraulic Press,CHN-02,calibration,12,caution,risk,approved_on_validation,우선 점검 후보
2024-04-12,AST-3008,A2,6,6.519263786224563,0.1271521302206432,0.0842008496990828,MRO-20033;MRO-10046;MRO-10047,MRO-10046;MRO-10047;MRO-80001,Belt Conveyor,CHN-02,calibration,12,risk,risk,approved_on_validation,우선 점검 후보
2024-04-12,AST-3019,A2,8,5.452998838282828,0.0776502034496582,0.0465495371634072,MRO-10045;MRO-10046;MRO-50009,MRO-10045;MRO-10046;MRO-50009,Belt Conveyor,CHN-02,calibration,12,risk,caution,approved_on_validation,우선 점검 후보
2024-04-12,AST-4055,A2,15,8.611765559573682,0.2650611225448764,0.1931796803480198,MRO-10047;MRO-50009;MRO-20031,MRO-10047;MRO-50009;MRO-20031,Screw Compressor,DHR-03,calibration,12,high_risk,risk,approved_on_validation,우선 점검 후보
2024-04-12,AST-4061,A2,10,6.411360298523392,0.1253636486571485,0.0801681710437371,MRO-80001;MRO-10045;MRO-50009,MRO-80001;MRO-10045;MRO-50009,Screw Compressor,DHR-03,calibration,12,risk,risk,approved_on_validation,우선 점검 후보
2024-04-12,AST-5003,A2,6,7.444269207029317,0.1801505312008753,0.1262006490247186,MRO-10045;MRO-80001;MRO-50009,MRO-10045;MRO-80001;MRO-50009,EOT Crane,DHR-03,calibration,12,risk,risk,approved_on_validation,우선 점검 후보
2024-04-12,AST-5007,A2,9,5.378624088153818,0.0722120827288139,0.0435785525304448,MRO-10046;MRO-50009;MRO-10045,MRO-10046;MRO-50009;MRO-10045,EOT Crane,PUN-01,calibration,12,risk,caution,approved_on_validation,우선 점검 후보
2024-04-13,AST-1041,A2,0,0.0032310846996552,6.509577835439542e-12,6.5864006181146025e-15,MRO-10045;MRO-10046;MRO-80001,MRO-10045;MRO-10046;MRO-80001,CNC Lathe,PUN-01,calibration,12,normal,normal,approved_on_validation,우선 점검 후보
2024-04-13,AST-1042,A2,0,0.0032310026513044,6.57616827748763e-12,6.637060736573651e-15,MRO-10046;MRO-10045;MRO-10047,MRO-10046;MRO-10045;MRO-10047,CNC Lathe,PUN-01,calibration,12,normal,normal,approved_on_validation,우선 점검 후보
2024-04-13,AST-2017,A2,0,0.0033544832812622,6.906601011646534e-12,7.308025706958958e-15,MRO-60015;MRO-20031;MRO-20033,MRO-20031;MRO-50009;MRO-10045,Hydraulic Press,PUN-01,calibration,12,normal,normal,approved_on_validation,우선 점검 후보
2024-04-13,AST-2031,A2,0,0.0032392101048535,7.151132765549253e-12,7.025589345358644e-15,MRO-80001;MRO-10047;MRO-30012,MRO-80001;MRO-10047;MRO-10045,Hydraulic Press,CHN-02,calibration,12,normal,normal,approved_on_validation,우선 점검 후보
2024-04-13,AST-3008,A2,0,0.003157363825283,5.918047668965342e-12,5.9350863605082535e-15,MRO-70004;MRO-10045;MRO-10046,MRO-10045;MRO-10046;MRO-10047,Belt Conveyor,CHN-02,calibration,12,normal,normal,approved_on_validation,우선 점검 후보
2024-04-13,AST-3019,A2,0,0.0031898128386591,6.200441482850243e-12,6.197211862659352e-15,MRO-10045;MRO-10046;MRO-50009,MRO-10045;MRO-10046;MRO-50009,Belt Conveyor,CHN-02,calibration,12,normal,normal,approved_on_validation,우선 점검 후보
2024-04-13,AST-4055,A2,0,0.0032427935102099,6.639305945871957e-12,6.732047099780329e-15,MRO-10046;MRO-80001;MRO-30011,MRO-10046;MRO-80001;MRO-10045,Screw Compressor,DHR-03,calibration,12,normal,normal,approved_on_validation,우선 점검 후보
2024-04-13,AST-4061,A2,0,0.0034137121207271,8.56548509169983e-12,8.766425701882981e-15,MRO-50009;MRO-10046;MRO-30011,MRO-50009;MRO-10046;MRO-10047,Screw Compressor,DHR-03,calibration,12,normal,normal,approved_on_validation,우선 점검 후보
2024-04-13,AST-5003,A2,0,0.0033185072979797,7.27798714254732e-12,7.446421098047891e-15,MRO-50009;MRO-10045;MRO-20033,MRO-50009;MRO-10045;MRO-10046,EOT Crane,DHR-03,calibration,12,normal,normal,approved_on_validation,우선 점검 후보
2024-04-13,AST-5007,A2,0,0.0032961839789108,6.8877415867928385e-12,7.20527985128299e-15,MRO-70004;MRO-10047;MRO-50009,MRO-10047;MRO-50009;MRO-10045,EOT Crane,PUN-01,calibration,12,normal,normal,approved_on_validation,우선 점검 후보
2024-04-14,AST-1041,A2,0,0.0029173642147235,4.811017453166114e-12,4.384082001394425e-15,MRO-10045;MRO-10046;MRO-50009,MRO-10045;MRO-10046;MRO-50009,CNC Lathe,PUN-01,calibration,12,normal,normal,approved_on_validation,우선 점검 후보
2024-04-14,AST-1042,A2,0,0.0032366178541352,6.567293688524341e-12,6.648755009221296e-15,MRO-10045;MRO-10047;MRO-20031,MRO-10045;MRO-10047;MRO-20031,CNC Lathe,PUN-01,calibration,12,normal,normal,approved_on_validation,우선 점검 후보
2024-04-14,AST-2017,A2,0,0.0035737202524549,6.809248861946725e-12,7.984548273181704e-15,MRO-20033;MRO-40022;MRO-50008,MRO-20031;MRO-50009;MRO-10045,Hydraulic Press,PUN-01,calibration,12,normal,normal,approved_on_validation,우선 점검 후보
2024-04-14,AST-2031,A2,0,0.0032474382459788,6.795846818131228e-12,6.853953290131885e-15,MRO-10047;MRO-10045;MRO-10046,MRO-10047;MRO-10045;MRO-10046,Hydraulic Press,CHN-02,calibration,12,normal,normal,approved_on_validation,우선 점검 후보
2024-04-14,AST-3008,A2,0,0.003229654092087,6.495608755624899e-12,6.598488454780123e-15,MRO-70004;MRO-10045;MRO-10046,MRO-10045;MRO-10046;MRO-10047,Belt Conveyor,CHN-02,calibration,12,normal,normal,approved_on_validation,우선 점검 후보
2024-04-14,AST-3019,A2,0,0.0032353744413635,6.5993242756893196e-12,6.6623956690457445e-15,MRO-10045;MRO-10046;MRO-50009,MRO-10045;MRO-10046;MRO-50009,Belt Conveyor,CHN-02,calibration,12,normal,normal,approved_on_validation,우선 점검 후보
2024-04-14,AST-4055,A2,0,0.003339244071925,6.8305167036400075e-12,7.18920885795852e-15,MRO-60016;MRO-20031;MRO-10046,MRO-20031;MRO-10046;MRO-80001,Screw Compressor,DHR-03,calibration,12,normal,normal,approved_on_validation,우선 점검 후보
2024-04-14,AST-4061,A2,0,0.0033521936424465,8.014311383716768e-12,8.094313136969682e-15,MRO-50009;MRO-10045;MRO-10047,MRO-50009;MRO-10045;MRO-10047,Screw Compressor,DHR-03,calibration,12,normal,normal,approved_on_validation,우선 점검 후보
2024-04-14,AST-5003,A2,0,0.0034096774522906,8.780825458783919e-12,8.697321926829566e-15,MRO-80001;MRO-40021;MRO-50009,MRO-80001;MRO-50009;MRO-10045,EOT Crane,DHR-03,calibration,12,normal,normal,approved_on_validation,우선 점검 후보
2024-04-14,AST-5007,A2,0,0.0032985415718576,7.32352114247999e-12,7.425523051137963e-15,MRO-10047;MRO-50009;MRO-20032,MRO-10047;MRO-50009;MRO-10045,EOT Crane,PUN-01,calibration,12,normal,normal,approved_on_validation,우선 점검 후보
2024-04-15,AST-1041,A2,8,6.426770793340513,0.1237799307277309,0.0802342012057985,MRO-10047;MRO-50009;MRO-20031,MRO-10047;MRO-50009;MRO-20031,CNC Lathe,PUN-01,calibration,12,risk,risk,approved_on_validation,우선 점검 후보
2024-04-15,AST-1042,A2,9,10.069286129331136,0.3765101467494424,0.2940560009347029,MRO-10046;MRO-20031;MRO-50009,MRO-10046;MRO-20031;MRO-50009,CNC Lathe,PUN-01,calibration,12,risk,risk,approved_on_validation,우선 점검 후보
2024-04-15,AST-2017,A2,17,7.976304229687173,0.2188008187850791,0.1559723797268099,MRO-20031;MRO-10045;MRO-10047,MRO-20031;MRO-10045;MRO-10047,Hydraulic Press,PUN-01,calibration,12,high_risk,risk,approved_on_validation,우선 점검 후보
2024-04-15,AST-2031,A2,9,7.068747502577084,0.1601622034415047,0.1085191549704346,MRO-10047;MRO-50009;MRO-10045,MRO-10047;MRO-50009;MRO-10045,Hydraulic Press,CHN-02,calibration,12,risk,risk,approved_on_validation,우선 점검 후보
2024-04-15,AST-3008,A2,6,6.686382679524961,0.1320587305009599,0.0892954755314075,MRO-30012;MRO-70005;MRO-10046,MRO-10046;MRO-10047;MRO-10045,Belt Conveyor,CHN-02,calibration,12,risk,risk,approved_on_validation,우선 점검 후보
2024-04-15,AST-3019,A2,1,5.413194915234761,0.0744666753365713,0.0459044346530813,MRO-10047;MRO-20031;MRO-10045,MRO-10047;MRO-20031;MRO-10045,Belt Conveyor,CHN-02,calibration,12,caution,caution,approved_on_validation,우선 점검 후보
2024-04-15,AST-4055,A2,4,7.853003098806403,0.208959965220598,0.1486907959605074,MRO-10045;MRO-20031;MRO-10047,MRO-10045;MRO-20031;MRO-10047,Screw Compressor,DHR-03,calibration,12,caution,risk,approved_on_validation,우선 점검 후보
2024-04-15,AST-4061,A2,8,6.268380574137801,0.1149814134525152,0.0739476795451869,MRO-80001;MRO-20031;MRO-10045,MRO-80001;MRO-20031;MRO-10045,Screw Compressor,DHR-03,calibration,12,risk,risk,approved_on_validation,우선 점검 후보
2024-04-15,AST-5003,A2,17,7.614616803583235,0.1916220227887087,0.1341915146304079,MRO-50009;MRO-10045;MRO-10047,MRO-50009;MRO-10045;MRO-10047,EOT Crane,DHR-03,calibration,12,high_risk,risk,approved_on_validation,우선 점검 후보
2024-04-15,AST-5007,A2,6,5.75798192170493,0.0877612931878414,0.0554764980297634,MRO-20032;MRO-10047;MRO-10045,MRO-10047;MRO-10045;MRO-50009,EOT Crane,PUN-01,calibration,12,risk,caution,approved_on_validation,우선 점검 후보
2024-04-16,AST-1041,A2,1,5.868752377431952,0.0942328664203311,0.0590020000715148,MRO-50009;MRO-10047;MRO-20031,MRO-50009;MRO-10047;MRO-20031,CNC Lathe,PUN-01,calibration,12,caution,risk,approved_on_validation,우선 점검 후보
2024-04-16,AST-1042,A2,8,6.096606312787794,0.1069416221523537,0.0679731432776401,MRO-50009;MRO-10047;MRO-10046,MRO-50009;MRO-10047;MRO-10046,CNC Lathe,PUN-01,calibration,12,risk,risk,approved_on_validation,우선 점검 후보
2024-04-16,AST-2017,A2,5,8.240959137234903,0.238105815266009,0.1711771778410692,MRO-80001;MRO-10045;MRO-20031,MRO-80001;MRO-10045;MRO-20031,Hydraulic Press,PUN-01,calibration,12,caution,risk,approved_on_validation,우선 점검 후보
2024-04-16,AST-2031,A2,3,7.248515376176554,0.1698456473402257,0.1171010641323034,MRO-80001;MRO-10047;MRO-50009,MRO-80001;MRO-10047;MRO-50009,Hydraulic Press,CHN-02,calibration,12,caution,risk,approved_on_validation,우선 점검 후보
2024-04-16,AST-3008,A2,2,6.481461948335796,0.1256336753634007,0.0818138094166894,MRO-10046;MRO-80001;MRO-30012,MRO-10046;MRO-80001;MRO-10047,Belt Conveyor,CHN-02,calibration,12,caution,risk,approved_on_validation,우선 점검 후보
2024-04-16,AST-3019,A2,0,5.516967738199991,0.0795977204072078,0.0485169632740067,MRO-10047;MRO-20031;MRO-10045,MRO-10047;MRO-20031;MRO-10045,Belt Conveyor,CHN-02,calibration,12,normal,caution,approved_on_validation,우선 점검 후보
2024-04-16,AST-4055,A2,0,8.124653705201926,0.2285798410323457,0.1625100059684359,MRO-30011;MRO-10046;MRO-10045,MRO-10046;MRO-10045;MRO-10047,Screw Compressor,DHR-03,calibration,12,normal,risk,approved_on_validation,우선 점검 후보
2024-04-16,AST-4061,A2,8,5.963850361580784,0.0994117931718868,0.0622943345416222,MRO-10045;MRO-10046;MRO-80001,MRO-10045;MRO-10046;MRO-80001,Screw Compressor,DHR-03,calibration,12,risk,risk,approved_on_validation,우선 점검 후보
2024-04-16,AST-5003,A2,12,8.71558978565647,0.2712523643307598,0.2008094798546529,MRO-10045;MRO-10046;MRO-80001,MRO-10045;MRO-10046;MRO-80001,EOT Crane,DHR-03,calibration,12,high_risk,risk,approved_on_validation,우선 점검 후보
2024-04-16,AST-5007,A2,8,6.014026131611338,0.1027397620057767,0.0642565255715101,MRO-50009;MRO-10047;MRO-10045,MRO-50009;MRO-10047;MRO-10045,EOT Crane,PUN-01,calibration,12,risk,risk,approved_on_validation,우선 점검 후보
2024-04-17,AST-1041,A2,4,6.536891948269044,0.129178940459938,0.0846027355099125,MRO-10045;MRO-50009;MRO-10047,MRO-10045;MRO-50009;MRO-10047,CNC Lathe,PUN-01,calibration,12,caution,risk,approved_on_validation,우선 점검 후보
2024-04-17,AST-1042,A2,2,5.996395948293266,0.1019948923522996,0.0638031940968524,MRO-10045;MRO-10047;MRO-10046,MRO-10045;MRO-10047;MRO-10046,CNC Lathe,PUN-01,calibration,12,caution,risk,approved_on_validation,우선 점검 후보
2024-04-17,AST-2017,A2,15,8.578717662536715,0.2622237647625948,0.1916026404439435,MRO-80001;MRO-10045;MRO-20031,MRO-80001;MRO-10045;MRO-20031,Hydraulic Press,PUN-01,calibration,12,high_risk,risk,approved_on_validation,우선 점검 후보
2024-04-17,AST-2031,A2,11,7.0284283955012725,0.1578423040664988,0.1064743616517763,MRO-10046;MRO-10045;MRO-50009,MRO-10046;MRO-10045;MRO-50009,Hydraulic Press,CHN-02,calibration,12,risk,risk,approved_on_validation,우선 점검 후보
2024-04-17,AST-3008,A2,9,5.983528605638328,0.1011961170773518,0.0637472954013881,MRO-10046;MRO-10047;MRO-50009,MRO-10046;MRO-10047;MRO-50009,Belt Conveyor,CHN-02,calibration,12,risk,risk,approved_on_validation,우선 점검 후보
2024-04-17,AST-3019,A2,1,5.417247410244998,0.0763328701198647,0.0457439980430803,MRO-10047;MRO-20031;MRO-10045,MRO-10047;MRO-20031;MRO-10045,Belt Conveyor,CHN-02,calibration,12,caution,caution,approved_on_validation,우선 점검 후보
2024-04-17,AST-4055,A2,17,8.503166526910166,0.2572415403318352,0.185967697648999,MRO-80001;MRO-10047;MRO-10046,MRO-80001;MRO-10047;MRO-10046,Screw Compressor,DHR-03,calibration,12,high_risk,risk,approved_on_validation,우선 점검 후보
2024-04-17,AST-4061,A2,4,6.4771904796749,0.1261415852489282,0.082165228536115,MRO-50009;MRO-10046;MRO-10045,MRO-50009;MRO-10046;MRO-10045,Screw Compressor,DHR-03,calibration,12,caution,risk,approved_on_validation,우선 점검 후보
2024-04-17,AST-5003,A2,10,8.079654193667654,0.2270547067153366,0.1615986121321743,MRO-10046;MRO-10045;MRO-10047,MRO-10046;MRO-10045;MRO-10047,EOT Crane,DHR-03,calibration,12,risk,risk,approved_on_validation,우선 점검 후보
2024-04-17,AST-5007,A2,6,6.110601414019471,0.1068915887321621,0.0682034322200495,MRO-50009;MRO-10047;MRO-80001,MRO-50009;MRO-10047;MRO-80001,EOT Crane,PUN-01,calibration,12,risk,risk,approved_on_validation,우선 점검 후보
2024-04-18,AST-1041,A2,12,6.274132382506757,0.1150381473890613,0.0741569662075171,MRO-50009;MRO-80001;MRO-10047,MRO-50009;MRO-80001;MRO-10047,CNC Lathe,PUN-01,calibration,12,high_risk,risk,approved_on_validation,우선 점검 후보
2024-04-18,AST-1042,A2,12,6.324579931270941,0.1170090950507305,0.0758717895959423,MRO-10045;MRO-10047;MRO-10046,MRO-10045;MRO-10047;MRO-10046,CNC Lathe,PUN-01,calibration,12,high_risk,risk,approved_on_validation,우선 점검 후보
2024-04-18,AST-2017,A2,9,9.204655414483378,0.3084611468390812,0.2339929115221954,MRO-80001;MRO-10045;MRO-50009,MRO-80001;MRO-10045;MRO-50009,Hydraulic Press,PUN-01,calibration,12,risk,risk,approved_on_validation,우선 점검 후보
2024-04-18,AST-2031,A2,4,7.390867197659882,0.1808237978134584,0.1245368699243555,MRO-80001;MRO-20031;MRO-10047,MRO-80001;MRO-20031;MRO-10047,Hydraulic Press,CHN-02,calibration,12,caution,risk,approved_on_validation,우선 점검 후보
2024-04-18,AST-3008,A2,2,6.244494871607695,0.1135690413392346,0.0730380228124654,MRO-80001;MRO-10047;MRO-10046,MRO-80001;MRO-10047;MRO-10046,Belt Conveyor,CHN-02,calibration,12,caution,risk,approved_on_validation,우선 점검 후보
2024-04-18,AST-3019,A2,4,5.2931291661970405,0.0711762135397368,0.0422749124209753,MRO-10047;MRO-20031;MRO-10045,MRO-10047;MRO-20031;MRO-10045,Belt Conveyor,CHN-02,calibration,12,caution,caution,approved_on_validation,우선 점검 후보
2024-04-18,AST-4055,A2,6,9.05932532334023,0.2982144501052101,0.2213045869416008,MRO-10046;MRO-10047;MRO-50009,MRO-10046;MRO-10047;MRO-50009,Screw Compressor,DHR-03,calibration,12,risk,risk,approved_on_validation,우선 점검 후보
2024-04-18,AST-4061,A2,8,6.225565218718495,0.112273576650178,0.0717609781747084,MRO-10045;MRO-10046;MRO-20031,MRO-10045;MRO-10046;MRO-20031,Screw Compressor,DHR-03,calibration,12,risk,risk,approved_on_validation,우선 점검 후보
2024-04-18,AST-5003,A2,2,8.348554412205814,0.2452251818095913,0.1777357460100059,MRO-20031;MRO-80001;MRO-10046,MRO-20031;MRO-80001;MRO-10046,EOT Crane,DHR-03,calibration,12,caution,risk,approved_on_validation,우선 점검 후보
2024-04-18,AST-5007,A2,6,5.288212734884635,0.0676893461334026,0.0408338646546351,MRO-10047;MRO-80001;MRO-10045,MRO-10047;MRO-80001;MRO-10045,EOT Crane,PUN-01,calibration,12,risk,caution,approved_on_validation,우선 점검 후보
2024-04-19,AST-1041,A2,3,6.414194934231747,0.1205558976685457,0.0800496616508403,MRO-10045;MRO-10046;MRO-50009,MRO-10045;MRO-10046;MRO-50009,CNC Lathe,PUN-01,calibration,12,caution,risk,approved_on_validation,우선 점검 후보
2024-04-19,AST-1042,A2,14,5.969619986189814,0.1004928991548723,0.0627116394497015,MRO-10047;MRO-80001;MRO-10045,MRO-10047;MRO-80001;MRO-10045,CNC Lathe,PUN-01,calibration,12,high_risk,risk,approved_on_validation,우선 점검 후보
2024-04-19,AST-2017,A2,6,8.667161509579852,0.2678250747186708,0.1970752034624053,MRO-50009;MRO-80001;MRO-20031,MRO-50009;MRO-80001;MRO-20031,Hydraulic Press,PUN-01,calibration,12,risk,risk,approved_on_validation,우선 점검 후보
2024-04-19,AST-2031,A2,8,7.348554730613135,0.1771269802894922,0.1224487359564743,MRO-80001;MRO-20031;MRO-10047,MRO-80001;MRO-20031;MRO-10047,Hydraulic Press,CHN-02,calibration,12,risk,risk,approved_on_validation,우선 점검 후보
2024-04-19,AST-3008,A2,0,6.277267435878929,0.1169939759123024,0.0748980464596845,MRO-10047;MRO-50009;MRO-10046,MRO-10047;MRO-50009;MRO-10046,Belt Conveyor,CHN-02,calibration,12,normal,risk,approved_on_validation,우선 점검 후보
2024-04-19,AST-3019,A2,10,5.5152146395488995,0.0780793005327203,0.0481178827146596,MRO-80001;MRO-20031;MRO-10045,MRO-80001;MRO-20031;MRO-10045,Belt Conveyor,CHN-02,calibration,12,risk,caution,approved_on_validation,우선 점검 후보
2024-04-19,AST-4055,A2,4,8.077848026299241,0.2240222250970467,0.162355769561872,MRO-10046;MRO-80001;MRO-10047,MRO-10046;MRO-80001;MRO-10047,Screw Compressor,DHR-03,calibration,12,caution,risk,approved_on_validation,우선 점검 후보
2024-04-19,AST-4061,A2,3,6.339434744067268,0.1190645053565479,0.0765268429669376,MRO-50009;MRO-10045;MRO-10046,MRO-50009;MRO-10045;MRO-10046,Screw Compressor,DHR-03,calibration,12,caution,risk,approved_on_validation,우선 점검 후보
2024-04-19,AST-5003,A2,11,7.933778551594472,0.2142175443990899,0.152443566582521,MRO-10047;MRO-20031;MRO-80001,MRO-10047;MRO-20031;MRO-80001,EOT Crane,DHR-03,calibration,12,risk,risk,approved_on_validation,우선 점검 후보
2024-04-19,AST-5007,A2,5,6.239974195997246,0.1141593071884912,0.0723984852364269,MRO-40022;MRO-10045;MRO-10046,MRO-10045;MRO-10046;MRO-20031,EOT Crane,PUN-01,calibration,12,caution,risk,approved_on_validation,우선 점검 후보
2024-04-20,AST-1041,A2,0,0.0032303131721453,6.515096566878944e-12,6.588056593744775e-15,MRO-10047;MRO-20031;MRO-50009,MRO-10047;MRO-20031;MRO-50009,CNC Lathe,PUN-01,calibration,12,normal,normal,approved_on_validation,우선 점검 후보
2024-04-20,AST-1042,A2,0,0.0030736450483718,4.851057288078404e-12,4.797197354738112e-15,MRO-40022;MRO-10045;MRO-10046,MRO-40022;MRO-10045;MRO-10046,CNC Lathe,PUN-01,calibration,12,normal,normal,approved_on_validation,우선 점검 후보
2024-04-20,AST-2017,A2,0,0.0034120323103653,6.758976331291374e-12,7.484967982559663e-15,MRO-30012;MRO-80002;MRO-90012,MRO-10047;MRO-20031;MRO-50009,Hydraulic Press,PUN-01,calibration,12,normal,normal,approved_on_validation,우선 점검 후보
2024-04-20,AST-2031,A2,0,0.0032689653289956,7.061784530253365e-12,7.127010307688594e-15,MRO-20031;MRO-10047;MRO-80001,MRO-20031;MRO-10047;MRO-80001,Hydraulic Press,CHN-02,calibration,12,normal,normal,approved_on_validation,우선 점검 후보
2024-04-20,AST-3008,A2,0,0.0032389724666342,6.615717340470927e-12,6.6954029243263516e-15,MRO-10045;MRO-10046;MRO-10047,MRO-10045;MRO-10046;MRO-10047,Belt Conveyor,CHN-02,calibration,12,normal,normal,approved_on_validation,우선 점검 후보
2024-04-20,AST-3019,A2,0,0.0032322300216581,6.475314775451052e-12,6.540314686866175e-15,MRO-40021;MRO-20031;MRO-50009,MRO-20031;MRO-50009;MRO-10045,Belt Conveyor,CHN-02,calibration,12,normal,normal,approved_on_validation,우선 점검 후보
2024-04-20,AST-4055,A2,0,0.0032383525945236,6.640419537778278e-12,6.714665435170369e-15,MRO-10045;MRO-10046;MRO-10047,MRO-10045;MRO-10046;MRO-10047,Screw Compressor,DHR-03,calibration,12,normal,normal,approved_on_validation,우선 점검 후보
2024-04-20,AST-4061,A2,0,0.0035866103450166,1.1490136208758012e-11,1.1913613772605927e-14,MRO-10045;MRO-10047;MRO-80001,MRO-10045;MRO-10047;MRO-80001,Screw Compressor,DHR-03,calibration,12,normal,normal,approved_on_validation,우선 점검 후보
2024-04-20,AST-5003,A2,0,0.0036601594047389,9.678917819950992e-12,1.094189869778412e-14,MRO-10045;MRO-80001;MRO-90012,MRO-10045;MRO-80001;MRO-10047,EOT Crane,DHR-03,calibration,12,normal,normal,approved_on_validation,우선 점검 후보
2024-04-20,AST-5007,A2,0,0.0029646005330463,5.143095537267161e-12,4.7356748770051785e-15,MRO-80001;MRO-80002;MRO-10046,MRO-80001;MRO-10046;MRO-10045,EOT Crane,PUN-01,calibration,12,normal,normal,approved_on_validation,우선 점검 후보
2024-04-21,AST-1041,A2,0,0.0029380110468612,4.915967460432568e-12,4.51692192089082e-15,MRO-10045;MRO-10046;MRO-10047,MRO-10045;MRO-10046;MRO-10047,CNC Lathe,PUN-01,calibration,12,normal,normal,approved_on_validation,우선 점검 후보
2024-04-21,AST-1042,A2,0,0.0030310128462421,4.840817785125855e-12,4.686697192215657e-15,MRO-40022;MRO-10047;MRO-20031,MRO-10047;MRO-20031;MRO-80001,CNC Lathe,PUN-01,calibration,12,normal,normal,approved_on_validation,우선 점검 후보
2024-04-21,AST-2017,A2,0,0.003296750398144,6.577178608532463e-12,6.85311725887226e-15,MRO-40021;MRO-20033;MRO-30011,MRO-10047;MRO-50009;MRO-80001,Hydraulic Press,PUN-01,calibration,12,normal,normal,approved_on_validation,우선 점검 후보
2024-04-21,AST-2031,A2,0,0.0032240171562521,6.517991697406916e-12,6.569047211906072e-15,MRO-10045;MRO-10046;MRO-20031,MRO-10045;MRO-10046;MRO-20031,Hydraulic Press,CHN-02,calibration,12,normal,normal,approved_on_validation,우선 점검 후보
2024-04-21,AST-3008,A2,0,0.0032082992959969,6.509504796257184e-12,6.4644202426624026e-15,MRO-10045;MRO-10046;MRO-10047,MRO-10045;MRO-10046;MRO-10047,Belt Conveyor,CHN-02,calibration,12,normal,normal,approved_on_validation,우선 점검 후보
2024-04-21,AST-3019,A2,0,0.003295543960243,6.519420035659773e-12,7.033311638045954e-15,MRO-20032;MRO-10045;MRO-10046,MRO-10045;MRO-10046;MRO-10047,Belt Conveyor,CHN-02,calibration,12,normal,normal,approved_on_validation,우선 점검 후보
2024-04-21,AST-4055,A2,0,0.003248308308141,6.654788334402799e-12,6.758480847998275e-15,MRO-10045;MRO-10046;MRO-10047,MRO-10045;MRO-10046;MRO-10047,Screw Compressor,DHR-03,calibration,12,normal,normal,approved_on_validation,우선 점검 후보
2024-04-21,AST-4061,A2,0,0.0032403714964194,6.5514305452259986e-12,6.65151352218586e-15,MRO-10045;MRO-10046;MRO-10047,MRO-10045;MRO-10046;MRO-10047,Screw Compressor,DHR-03,calibration,12,normal,normal,approved_on_validation,우선 점검 후보
2024-04-21,AST-5003,A2,0,0.0032836374912679,6.7871898338732446e-12,6.972966651246576e-15,MRO-10046;MRO-30012;MRO-40021,MRO-10046;MRO-10045;MRO-10047,EOT Crane,DHR-03,calibration,12,normal,normal,approved_on_validation,우선 점검 후보
2024-04-21,AST-5007,A2,0,0.0032311733176407,6.5672993548688405e-12,6.612076172410314e-15,MRO-10045;MRO-10047;MRO-20031,MRO-10045;MRO-10047;MRO-20031,EOT Crane,PUN-01,calibration,12,normal,normal,approved_on_validation,우선 점검 후보
2024-04-22,AST-1041,A2,3,6.213923441922154,0.1121207578894675,0.0717719668391363,MRO-10045;MRO-50009;MRO-10046,MRO-10045;MRO-50009;MRO-10046,CNC Lathe,PUN-01,calibration,12,caution,risk,approved_on_validation,우선 점검 후보
2024-04-22,AST-1042,A2,3,6.004871648730508,0.1020969163416735,0.0644386375793449,MRO-10045;MRO-10046;MRO-50009,MRO-10045;MRO-10046;MRO-50009,CNC Lathe,PUN-01,calibration,12,caution,risk,approved_on_validation,우선 점검 후보
2024-04-22,AST-2017,A2,8,7.178446564564401,0.1641489139596234,0.1128115759334522,MRO-80001;MRO-10045;MRO-10047,MRO-80001;MRO-10045;MRO-10047,Hydraulic Press,PUN-01,calibration,12,risk,risk,approved_on_validation,우선 점검 후보
2024-04-22,AST-2031,A2,8,7.056406799876114,0.1591303820336753,0.1077790967889765,MRO-20031;MRO-10046;MRO-50009,MRO-20031;MRO-10046;MRO-50009,Hydraulic Press,CHN-02,calibration,12,risk,risk,approved_on_validation,우선 점검 후보
2024-04-22,AST-3008,A2,7,6.5923928818083795,0.1300201789539001,0.0878740008618242,MRO-70004;MRO-10045;MRO-10046,MRO-10045;MRO-10046;MRO-10047,Belt Conveyor,CHN-02,calibration,12,risk,risk,approved_on_validation,우선 점검 후보
2024-04-22,AST-3019,A2,15,5.443635166870086,0.0779239309956159,0.046515334365154,MRO-20031;MRO-50009;MRO-10047,MRO-20031;MRO-50009;MRO-10047,Belt Conveyor,CHN-02,calibration,12,high_risk,caution,approved_on_validation,우선 점검 후보
2024-04-22,AST-4055,A2,8,7.844193650067786,0.2099209175723212,0.1478235852855353,MRO-10046;MRO-10047;MRO-80001,MRO-10046;MRO-10047;MRO-80001,Screw Compressor,DHR-03,calibration,12,risk,risk,approved_on_validation,우선 점검 후보
2024-04-22,AST-4061,A2,6,6.593458438049751,0.1308766056397943,0.0876741520814246,MRO-20031;MRO-80001;MRO-10045,MRO-20031;MRO-80001;MRO-10045,Screw Compressor,DHR-03,calibration,12,risk,risk,approved_on_validation,우선 점검 후보
2024-04-22,AST-5003,A2,6,7.577917232327724,0.1907601687376085,0.1326329785897323,MRO-10046;MRO-10047;MRO-20031,MRO-10046;MRO-10047;MRO-20031,EOT Crane,DHR-03,calibration,12,risk,risk,approved_on_validation,우선 점검 후보
2024-04-22,AST-5007,A2,1,5.794170932306266,0.0915334485976265,0.0568238029536585,MRO-10046;MRO-50009;MRO-80001,MRO-10046;MRO-50009;MRO-80001,EOT Crane,PUN-01,calibration,12,caution,caution,approved_on_validation,우선 점검 후보
2024-04-23,AST-1041,A2,6,6.259856635727857,0.1118284520146191,0.0736974916132876,MRO-10045;MRO-10046;MRO-80001,MRO-10045;MRO-10046;MRO-80001,CNC Lathe,PUN-01,calibration,12,risk,risk,approved_on_validation,우선 점검 후보
2024-04-23,AST-1042,A2,2,5.887140513130027,0.0948918865298884,0.0597174623003015,MRO-10047;MRO-80001;MRO-10045,MRO-10047;MRO-80001;MRO-10045,CNC Lathe,PUN-01,calibration,12,caution,risk,approved_on_validation,우선 점검 후보
2024-04-23,AST-2017,A2,8,8.193950641528055,0.2338467062870553,0.1681799866281527,MRO-10047;MRO-10045;MRO-80001,MRO-10047;MRO-10045;MRO-80001,Hydraulic Press,PUN-01,calibration,12,risk,risk,approved_on_validation,우선 점검 후보
2024-04-23,AST-2031,A2,0,6.818523959635317,0.1452345038333713,0.0973439695888467,MRO-80001;MRO-10046;MRO-20031,MRO-80001;MRO-10046;MRO-20031,Hydraulic Press,CHN-02,calibration,12,normal,risk,approved_on_validation,우선 점검 후보
2024-04-23,AST-3008,A2,7,6.366596089151483,0.120786646867267,0.0782405226921583,MRO-10045;MRO-80001;MRO-10047,MRO-10045;MRO-80001;MRO-10047,Belt Conveyor,CHN-02,calibration,12,risk,risk,approved_on_validation,우선 점검 후보
2024-04-23,AST-3019,A2,10,6.847900821262387,0.1435913302647706,0.0963939417404932,MRO-80001;MRO-50008;MRO-20031,MRO-80001;MRO-20031;MRO-50009,Belt Conveyor,CHN-02,calibration,12,risk,risk,approved_on_validation,우선 점검 후보
2024-04-23,AST-4055,A2,8,7.334375361093464,0.1775441544444329,0.1211052423360363,MRO-10046;MRO-80001;MRO-50009,MRO-10046;MRO-80001;MRO-50009,Screw Compressor,DHR-03,calibration,12,risk,risk,approved_on_validation,우선 점검 후보
2024-04-23,AST-4061,A2,7,6.76030831399628,0.1390279468741106,0.0942769698909763,MRO-20031;MRO-10046;MRO-10045,MRO-20031;MRO-10046;MRO-10045,Screw Compressor,DHR-03,calibration,12,risk,risk,approved_on_validation,우선 점검 후보
2024-04-23,AST-5003,A2,11,7.500569399483153,0.1860443062288664,0.1294687942812183,MRO-10046;MRO-50009;MRO-10047,MRO-10046;MRO-50009;MRO-10047,EOT Crane,DHR-03,calibration,12,risk,risk,approved_on_validation,우선 점검 후보
2024-04-23,AST-5007,A2,4,5.80820789252293,0.0919646981460921,0.0570759553358969,MRO-10046;MRO-80001;MRO-20031,MRO-10046;MRO-80001;MRO-20031,EOT Crane,PUN-01,calibration,12,caution,caution,approved_on_validation,우선 점검 후보
2024-04-24,AST-1041,A2,15,6.127883839204428,0.1050745509793796,0.0688209385714312,MRO-70004;MRO-50009;MRO-10045,MRO-50009;MRO-10045;MRO-80001,CNC Lathe,PUN-01,calibration,12,high_risk,risk,approved_on_validation,우선 점검 후보
2024-04-24,AST-1042,A2,1,5.881292445552508,0.0963530370291588,0.0598675185709368,MRO-10045;MRO-10046;MRO-50009,MRO-10045;MRO-10046;MRO-50009,CNC Lathe,PUN-01,calibration,12,caution,risk,approved_on_validation,우선 점검 후보
2024-04-24,AST-2017,A2,7,8.028091488930299,0.2229675183105478,0.1585206626196191,MRO-80001;MRO-50009;MRO-10045,MRO-80001;MRO-50009;MRO-10045,Hydraulic Press,PUN-01,calibration,12,risk,risk,approved_on_validation,우선 점검 후보
2024-04-24,AST-2031,A2,8,7.424349761396368,0.1828274489960567,0.1262948225843234,MRO-80001;MRO-10047;MRO-10046,MRO-80001;MRO-10047;MRO-10046,Hydraulic Press,CHN-02,calibration,12,risk,risk,approved_on_validation,우선 점검 후보
2024-04-24,AST-3008,A2,8,6.508602050189058,0.1275125096402913,0.0834069108189677,MRO-10045;MRO-80001;MRO-30011,MRO-10045;MRO-80001;MRO-20031,Belt Conveyor,CHN-02,calibration,12,risk,risk,approved_on_validation,우선 점검 후보
2024-04-24,AST-3019,A2,7,5.498018499943652,0.080127457262217,0.048042609299809,MRO-10045;MRO-10047;MRO-20031,MRO-10045;MRO-10047;MRO-20031,Belt Conveyor,CHN-02,calibration,12,risk,caution,approved_on_validation,우선 점검 후보
2024-04-24,AST-4055,A2,6,9.041560744315897,0.2953714227369572,0.2185949178036942,MRO-60015;MRO-10047;MRO-80001,MRO-10047;MRO-80001;MRO-10046,Screw Compressor,DHR-03,calibration,12,risk,risk,approved_on_validation,우선 점검 후보
2024-04-24,AST-4061,A2,6,6.26596562843988,0.1137331604541289,0.073392210945199,MRO-40022;MRO-60016;MRO-10046,MRO-10046;MRO-80001;MRO-20031,Screw Compressor,DHR-03,calibration,12,risk,risk,approved_on_validation,우선 점검 후보
2024-04-24,AST-5003,A2,10,7.8756401514594145,0.2120224617302242,0.1496075993936071,MRO-10045;MRO-50009;MRO-10046,MRO-10045;MRO-50009;MRO-10046,EOT Crane,DHR-03,calibration,12,risk,risk,approved_on_validation,우선 점검 후보
2024-04-24,AST-5007,A2,14,6.696195854372958,0.1354268863200135,0.0893451949694423,MRO-20031;MRO-40022;MRO-10045,MRO-20031;MRO-10045;MRO-10046,EOT Crane,PUN-01,calibration,12,high_risk,risk,approved_on_validation,우선 점검 후보
2024-04-25,AST-1041,A2,4,6.311392855877995,0.1175038715417347,0.0754544721338034,MRO-10046;MRO-50009;MRO-10045,MRO-10046;MRO-50009;MRO-10045,CNC Lathe,PUN-01,calibration,12,caution,risk,approved_on_validation,우선 점검 후보
2024-04-25,AST-1042,A2,3,5.714890900095068,0.0883486180151101,0.0540885545715201,MRO-10045;MRO-10046;MRO-10047,MRO-10045;MRO-10046;MRO-10047,CNC Lathe,PUN-01,calibration,12,caution,caution,approved_on_validation,우선 점검 후보
2024-04-25,AST-2017,A2,10,7.876328405764504,0.213239545144811,0.1506171132663333,MRO-10045;MRO-50009;MRO-10047,MRO-10045;MRO-50009;MRO-10047,Hydraulic Press,PUN-01,calibration,12,risk,risk,approved_on_validation,우선 점검 후보
2024-04-25,AST-2031,A2,4,7.150361434130154,0.16523779157186,0.112673359698785,MRO-10046;MRO-20031;MRO-50009,MRO-10046;MRO-20031;MRO-50009,Hydraulic Press,CHN-02,calibration,12,caution,risk,approved_on_validation,우선 점검 후보
2024-04-25,AST-3008,A2,10,6.065782189368281,0.1051829377079396,0.0663317996539237,MRO-10045;MRO-80001;MRO-10047,MRO-10045;MRO-80001;MRO-10047,Belt Conveyor,CHN-02,calibration,12,risk,risk,approved_on_validation,우선 점검 후보
2024-04-25,AST-3019,A2,6,5.492149347804407,0.0784307489122064,0.0481206927306792,MRO-10047;MRO-20031;MRO-80001,MRO-10047;MRO-20031;MRO-80001,Belt Conveyor,CHN-02,calibration,12,risk,caution,approved_on_validation,우선 점검 후보
2024-04-25,AST-4055,A2,2,7.598654580582643,0.1939556209357448,0.1339084862998479,MRO-10046;MRO-10047;MRO-50009,MRO-10046;MRO-10047;MRO-50009,Screw Compressor,DHR-03,calibration,12,caution,risk,approved_on_validation,우선 점검 후보
2024-04-25,AST-4061,A2,5,6.5136641178737,0.1286355743353942,0.0839175916401564,MRO-10046;MRO-80001;MRO-20031,MRO-10046;MRO-80001;MRO-20031,Screw Compressor,DHR-03,calibration,12,caution,risk,approved_on_validation,우선 점검 후보
2024-04-25,AST-5003,A2,4,8.218504874861745,0.2356318849206578,0.1695508510517786,MRO-50009;MRO-10047;MRO-10046,MRO-50009;MRO-10047;MRO-10046,EOT Crane,DHR-03,calibration,12,caution,risk,approved_on_validation,우선 점검 후보
2024-04-25,AST-5007,A2,14,5.898445168835316,0.0969583738848069,0.0610991621072454,MRO-10046;MRO-10045;MRO-50009,MRO-10046;MRO-10045;MRO-50009,EOT Crane,PUN-01,calibration,12,high_risk,risk,approved_on_validation,우선 점검 후보
2024-04-26,AST-1041,A2,6,5.734843931573642,0.0873340188794956,0.0540351673742802,MRO-50009;MRO-10046;MRO-10045,MRO-50009;MRO-10046;MRO-10045,CNC Lathe,PUN-01,calibration,12,risk,caution,approved_on_validation,우선 점검 후보
2024-04-26,AST-1042,A2,4,5.963932002607561,0.0989214167570112,0.0619778732399503,MRO-10047;MRO-40021;MRO-10045,MRO-10047;MRO-10045;MRO-10046,CNC Lathe,PUN-01,calibration,12,caution,risk,approved_on_validation,우선 점검 후보
2024-04-26,AST-2017,A2,8,9.433303126763873,0.3202230351184807,0.2488030515534164,MRO-90012;MRO-10046;MRO-10047,MRO-10046;MRO-10047;MRO-50009,Hydraulic Press,PUN-01,calibration,12,risk,risk,approved_on_validation,우선 점검 후보
2024-04-26,AST-2031,A2,10,7.70989311625949,0.1993711663509356,0.141104208041541,MRO-10045;MRO-10046;MRO-20031,MRO-10045;MRO-10046;MRO-20031,Hydraulic Press,CHN-02,calibration,12,risk,risk,approved_on_validation,우선 점검 후보
2024-04-26,AST-3008,A2,6,6.355551031505975,0.1202324038215609,0.0773182069773424,MRO-80001;MRO-10046;MRO-10047,MRO-80001;MRO-10046;MRO-10047,Belt Conveyor,CHN-02,calibration,12,risk,risk,approved_on_validation,우선 점검 후보
2024-04-26,AST-3019,A2,4,5.698030443581082,0.0875166307234003,0.0540970313743603,MRO-10045;MRO-10047;MRO-20031,MRO-10045;MRO-10047;MRO-20031,Belt Conveyor,CHN-02,calibration,12,caution,caution,approved_on_validation,우선 점검 후보
2024-04-26,AST-4055,A2,8,8.591168057863687,0.2594892663045536,0.191221324361156,MRO-30011;MRO-60016;MRO-10046,MRO-10046;MRO-80001;MRO-20031,Screw Compressor,DHR-03,calibration,12,risk,risk,approved_on_validation,우선 점검 후보
2024-04-26,AST-4061,A2,9,6.566168758507297,0.131684417419496,0.0856172465246871,MRO-80001;MRO-10046;MRO-10047,MRO-80001;MRO-10046;MRO-10047,Screw Compressor,DHR-03,calibration,12,risk,risk,approved_on_validation,우선 점검 후보
2024-04-26,AST-5003,A2,4,10.301271510325876,0.3913957340308041,0.3092411759851954,MRO-10047;MRO-50009;MRO-10046,MRO-10047;MRO-50009;MRO-10046,EOT Crane,DHR-03,calibration,12,caution,risk,approved_on_validation,우선 점검 후보
2024-04-26,AST-5007,A2,0,5.41145404875895,0.0702069809646958,0.0431673283055216,MRO-40022;MRO-10045;MRO-20032,MRO-10045;MRO-80001;MRO-20031,EOT Crane,PUN-01,calibration,12,normal,caution,approved_on_validation,우선 점검 후보
2024-04-27,AST-1041,A2,0,0.0032329356612975,6.55659303687808e-12,6.629109857189031e-15,MRO-10045;MRO-10046;MRO-10047,MRO-10045;MRO-10046;MRO-10047,CNC Lathe,PUN-01,calibration,12,normal,normal,approved_on_validation,우선 점검 후보
2024-04-27,AST-1042,A2,0,0.0032340331115134,6.576293453776919e-12,6.636076075968879e-15,MRO-10045;MRO-10046;MRO-10047,MRO-10045;MRO-10046;MRO-10047,CNC Lathe,PUN-01,calibration,12,normal,normal,approved_on_validation,우선 점검 후보
2024-04-27,AST-2017,A2,0,0.00326836720777,7.078530359229732e-12,7.139908079852003e-15,MRO-10045;MRO-20031;MRO-10046,MRO-10045;MRO-20031;MRO-10046,Hydraulic Press,PUN-01,calibration,12,normal,normal,approved_on_validation,우선 점검 후보
2024-04-27,AST-2031,A2,0,0.00322371853709,6.523162613501532e-12,6.571957705688881e-15,MRO-80001;MRO-10046;MRO-10047,MRO-80001;MRO-10046;MRO-10047,Hydraulic Press,CHN-02,calibration,12,normal,normal,approved_on_validation,우선 점검 후보
2024-04-27,AST-3008,A2,0,0.0031025127832672,5.5092589903453096e-12,5.42391035234901e-15,MRO-10047;MRO-50009;MRO-20033,MRO-10047;MRO-50009;MRO-10046,Belt Conveyor,CHN-02,calibration,12,normal,normal,approved_on_validation,우선 점검 후보
2024-04-27,AST-3019,A2,0,0.0032216841924799,6.533231096412857e-12,6.563535522626054e-15,MRO-10045;MRO-10046;MRO-10047,MRO-10045;MRO-10046;MRO-10047,Belt Conveyor,CHN-02,calibration,12,normal,normal,approved_on_validation,우선 점검 후보
2024-04-27,AST-4055,A2,0,0.0033565632983662,6.905354909802629e-12,7.308348656868688e-15,MRO-60016;MRO-20031;MRO-10046,MRO-20031;MRO-10046;MRO-10047,Screw Compressor,DHR-03,calibration,12,normal,normal,approved_on_validation,우선 점검 후보
2024-04-27,AST-4061,A2,0,0.0032644854599898,6.887721942717723e-12,6.990418455638893e-15,MRO-10046;MRO-10047;MRO-70005,MRO-10046;MRO-10047;MRO-10045,Screw Compressor,DHR-03,calibration,12,normal,normal,approved_on_validation,우선 점검 후보
2024-04-27,AST-5003,A2,0,0.003281682930578,6.55747675621781e-12,6.782952075835097e-15,MRO-20033;MRO-50008;MRO-90012,MRO-10045;MRO-10046;MRO-10047,EOT Crane,DHR-03,calibration,12,normal,normal,approved_on_validation,우선 점검 후보
2024-04-27,AST-5007,A2,0,0.0033450567289305,7.723451253817494e-12,7.900367437213183e-15,MRO-10045;MRO-10046;MRO-80001,MRO-10045;MRO-10046;MRO-80001,EOT Crane,PUN-01,calibration,12,normal,normal,approved_on_validation,우선 점검 후보
2024-04-28,AST-1041,A2,0,0.0028551311663605,4.363439852495037e-12,3.943578905800939e-15,MRO-70004;MRO-50008;MRO-60015,MRO-10045;MRO-10046;MRO-10047,CNC Lathe,PUN-01,calibration,12,normal,normal,approved_on_validation,우선 점검 후보
2024-04-28,AST-1042,A2,0,0.003236909966666,6.567299424430794e-12,6.649714867763061e-15,MRO-10046;MRO-10047;MRO-20031,MRO-10046;MRO-10047;MRO-20031,CNC Lathe,PUN-01,calibration,12,normal,normal,approved_on_validation,우선 점검 후보
2024-04-28,AST-2017,A2,0,0.0032540067205252,6.7643937978479735e-12,6.855770271444442e-15,MRO-10045;MRO-20031;MRO-10046,MRO-10045;MRO-20031;MRO-10046,Hydraulic Press,PUN-01,calibration,12,normal,normal,approved_on_validation,우선 점검 후보
2024-04-28,AST-2031,A2,0,0.0032713113267705,6.9771604363859105e-12,7.0715970299042115e-15,MRO-10045;MRO-80001;MRO-40022,MRO-10045;MRO-80001;MRO-10046,Hydraulic Press,CHN-02,calibration,12,normal,normal,approved_on_validation,우선 점검 후보
2024-04-28,AST-3008,A2,0,0.0031785788764815,6.08179064545593e-12,6.073507418195633e-15,MRO-10046;MRO-10047;MRO-50009,MRO-10046;MRO-10047;MRO-50009,Belt Conveyor,CHN-02,calibration,12,normal,normal,approved_on_validation,우선 점검 후보
2024-04-28,AST-3019,A2,0,0.0032141816365257,6.533253795157758e-12,6.510745775427939e-15,MRO-10045;MRO-10046;MRO-10047,MRO-10045;MRO-10046;MRO-10047,Belt Conveyor,CHN-02,calibration,12,normal,normal,approved_on_validation,우선 점검 후보
2024-04-28,AST-4055,A2,0,0.0033690001229016,7.509864915793538e-12,7.756546230293784e-15,MRO-60016;MRO-10046;MRO-80001,MRO-10046;MRO-80001;MRO-10045,Screw Compressor,DHR-03,calibration,12,normal,normal,approved_on_validation,우선 점검 후보
2024-04-28,AST-4061,A2,0,0.0032455764494605,6.5973707256118376e-12,6.704011174486333e-15,MRO-10045;MRO-20031;MRO-50009,MRO-10045;MRO-20031;MRO-50009,Screw Compressor,DHR-03,calibration,12,normal,normal,approved_on_validation,우선 점검 후보
2024-04-28,AST-5003,A2,0,0.0032672626393427,6.556941213277682e-12,6.776763678854133e-15,MRO-20033;MRO-20032;MRO-70005,MRO-10045;MRO-10046;MRO-10047,EOT Crane,DHR-03,calibration,12,normal,normal,approved_on_validation,우선 점검 후보
2024-04-28,AST-5007,A2,0,0.0032317527121193,6.574265883372227e-12,6.619174818262783e-15,MRO-10045;MRO-10046;MRO-10047,MRO-10045;MRO-10046;MRO-10047,EOT Crane,PUN-01,calibration,12,normal,normal,approved_on_validation,우선 점검 후보
2024-04-29,AST-1041,A2,14,6.740249935032633,0.1378580841599873,0.0926627559517847,MRO-10047;MRO-20031;MRO-50009,MRO-10047;MRO-20031;MRO-50009,CNC Lathe,PUN-01,calibration,12,high_risk,risk,approved_on_validation,우선 점검 후보
2024-04-29,AST-1042,A2,10,6.415814462403858,0.1194238831275951,0.0786601794118319,MRO-10047;MRO-10045;MRO-40022,MRO-10047;MRO-10045;MRO-10046,CNC Lathe,PUN-01,calibration,12,risk,risk,approved_on_validation,우선 점검 후보
2024-04-29,AST-2017,A2,4,8.269502786096709,0.2386809334577791,0.1733964583249884,MRO-10046;MRO-10047;MRO-20031,MRO-10046;MRO-10047;MRO-20031,Hydraulic Press,PUN-01,calibration,12,caution,risk,approved_on_validation,우선 점검 후보
2024-04-29,AST-2031,A2,5,6.922413526092208,0.1518785968570754,0.1019077555583057,MRO-10045;MRO-80001;MRO-50009,MRO-10045;MRO-80001;MRO-50009,Hydraulic Press,CHN-02,calibration,12,caution,risk,approved_on_validation,우선 점검 후보
2024-04-29,AST-3008,A2,12,6.416477580825033,0.1233665737474598,0.0802602157052344,MRO-20031;MRO-10046;MRO-80001,MRO-20031;MRO-10046;MRO-80001,Belt Conveyor,CHN-02,calibration,12,high_risk,risk,approved_on_validation,우선 점검 후보
2024-04-29,AST-3019,A2,4,5.558221311144148,0.0812963866163025,0.0497545335588365,MRO-10047;MRO-10045;MRO-20031,MRO-10047;MRO-10045;MRO-20031,Belt Conveyor,CHN-02,calibration,12,caution,caution,approved_on_validation,우선 점검 후보
2024-04-29,AST-4055,A2,6,8.226600933643219,0.2331772361048119,0.169943803229307,MRO-30011;MRO-10045;MRO-20031,MRO-10045;MRO-20031;MRO-10047,Screw Compressor,DHR-03,calibration,12,risk,risk,approved_on_validation,우선 점검 후보
2024-04-29,AST-4061,A2,8,7.017326340891231,0.1549915639545292,0.1062538582367512,MRO-50009;MRO-80001;MRO-10046,MRO-50009;MRO-80001;MRO-10046,Screw Compressor,DHR-03,calibration,12,risk,risk,approved_on_validation,우선 점검 후보
2024-04-29,AST-5003,A2,7,7.359655130944644,0.1759534233153314,0.1219199812029141,MRO-10047;MRO-50009;MRO-10045,MRO-10047;MRO-50009;MRO-10045,EOT Crane,DHR-03,calibration,12,risk,risk,approved_on_validation,우선 점검 후보
2024-04-29,AST-5007,A2,1,5.310244541595032,0.0696297322125092,0.0419158272126587,MRO-10045;MRO-10046;MRO-80001,MRO-10045;MRO-10046;MRO-80001,EOT Crane,PUN-01,calibration,12,caution,caution,approved_on_validation,우선 점검 후보
2024-04-30,AST-1041,A2,0,5.889347093401059,0.0944249744786872,0.0603116990035696,MRO-50009;MRO-70004;MRO-10047,MRO-50009;MRO-10047;MRO-20031,CNC Lathe,PUN-01,calibration,12,normal,caution,approved_on_validation,우선 점검 후보
2024-04-30,AST-1042,A2,0,5.922733424871297,0.0976623981582636,0.0614033890611022,MRO-10046;MRO-10047;MRO-80001,MRO-10046;MRO-10047;MRO-80001,CNC Lathe,PUN-01,calibration,12,normal,risk,approved_on_validation,우선 점검 후보
2024-04-30,AST-2017,A2,11,9.407613207264037,0.3221217094816163,0.2486051889246578,MRO-10045;MRO-10046;MRO-10047,MRO-10045;MRO-10046;MRO-10047,Hydraulic Press,PUN-01,calibration,12,risk,risk,approved_on_validation,우선 점검 후보
2024-04-30,AST-2031,A2,12,7.134431489150706,0.1627362124542858,0.112562478058571,MRO-80001;MRO-10045;MRO-50009,MRO-80001;MRO-10045;MRO-50009,Hydraulic Press,CHN-02,calibration,12,high_risk,risk,approved_on_validation,우선 점검 후보
2024-04-30,AST-3008,A2,8,6.4822795311789845,0.1270619934958539,0.083219231554608,MRO-10047;MRO-50009;MRO-20031,MRO-10047;MRO-50009;MRO-20031,Belt Conveyor,CHN-02,calibration,12,risk,risk,approved_on_validation,우선 점검 후보
2024-04-30,AST-3019,A2,2,5.376358568494954,0.0731193282594025,0.0444874916161252,MRO-10045;MRO-10047;MRO-20031,MRO-10045;MRO-10047;MRO-20031,Belt Conveyor,CHN-02,calibration,12,caution,caution,approved_on_validation,우선 점검 후보
2024-04-30,AST-4055,A2,11,7.474910468684707,0.1851366287753695,0.1278906666289969,MRO-30011;MRO-10046;MRO-10045,MRO-10046;MRO-10045;MRO-20031,Screw Compressor,DHR-03,calibration,12,risk,risk,approved_on_validation,우선 점검 후보
2024-04-30,AST-4061,A2,10,6.4074819920285,0.1224739935716467,0.079591433601315,MRO-10047;MRO-10046;MRO-50009,MRO-10047;MRO-10046;MRO-50009,Screw Compressor,DHR-03,calibration,12,risk,risk,approved_on_validation,우선 점검 후보
2024-04-30,AST-5003,A2,4,7.600256792807808,0.1920517507918697,0.1353723517161207,MRO-10047;MRO-50009;MRO-10045,MRO-10047;MRO-50009;MRO-10045,EOT Crane,DHR-03,calibration,12,caution,risk,approved_on_validation,우선 점검 후보
2024-04-30,AST-5007,A2,10,5.482103007382541,0.0774184525837273,0.0467503807446854,MRO-10045;MRO-10046;MRO-40022,MRO-10045;MRO-10046;MRO-80001,EOT Crane,PUN-01,calibration,12,risk,caution,approved_on_validation,우선 점검 후보
2024-05-01,AST-1041,A2,13,6.086420147669,0.1045087429185935,0.0675364272530933,MRO-50009;MRO-20031;MRO-10045,MRO-50009;MRO-20031;MRO-10045,CNC Lathe,PUN-01,calibration,12,high_risk,risk,approved_on_validation,우선 점검 후보
2024-05-01,AST-1042,A2,4,6.126175317372917,0.1059757423825246,0.0682548272075483,MRO-10045;MRO-50009;MRO-10046,MRO-10045;MRO-50009;MRO-10046,CNC Lathe,PUN-01,calibration,12,caution,risk,approved_on_validation,우선 점검 후보
2024-05-01,AST-2017,A2,19,7.85918895075351,0.2079851184385946,0.1470668612525341,MRO-10045;MRO-80001;MRO-60015,MRO-10045;MRO-80001;MRO-20031,Hydraulic Press,PUN-01,calibration,12,high_risk,risk,approved_on_validation,우선 점검 후보
2024-05-01,AST-2031,A2,7,7.29508233752041,0.1745272415677476,0.1197560319260937,MRO-80001;MRO-10045;MRO-20031,MRO-80001;MRO-10045;MRO-20031,Hydraulic Press,CHN-02,calibration,12,risk,risk,approved_on_validation,우선 점검 후보
2024-05-01,AST-3008,A2,0,6.479761796837227,0.126391862019151,0.0822816109878414,MRO-50009;MRO-10047;MRO-80001,MRO-50009;MRO-10047;MRO-80001,Belt Conveyor,CHN-02,calibration,12,normal,risk,approved_on_validation,우선 점검 후보
2024-05-01,AST-3019,A2,2,5.673321819664158,0.0860606199570194,0.0529137255459279,MRO-10047;MRO-10045;MRO-20031,MRO-10047;MRO-10045;MRO-20031,Belt Conveyor,CHN-02,calibration,12,caution,caution,approved_on_validation,우선 점검 후보
2024-05-01,AST-4055,A2,14,8.99323118889721,0.293890109322923,0.2168548101477474,MRO-20031;MRO-10045;MRO-10047,MRO-20031;MRO-10045;MRO-10047,Screw Compressor,DHR-03,calibration,12,high_risk,risk,approved_on_validation,우선 점검 후보
2024-05-01,AST-4061,A2,6,6.47152088436107,0.1259606635390204,0.0820928898606856,MRO-10047;MRO-10046;MRO-50009,MRO-10047;MRO-10046;MRO-50009,Screw Compressor,DHR-03,calibration,12,risk,risk,approved_on_validation,우선 점검 후보
2024-05-01,AST-5003,A2,8,6.760778275323578,0.1396696300316628,0.0935003993143673,MRO-10047;MRO-10045;MRO-10046,MRO-10047;MRO-10045;MRO-10046,EOT Crane,DHR-03,calibration,12,risk,risk,approved_on_validation,우선 점검 후보
2024-05-01,AST-5007,A2,4,5.601938365949462,0.0806191843593828,0.0497382560416123,MRO-40022;MRO-10046;MRO-50009,MRO-10046;MRO-50009;MRO-10045,EOT Crane,PUN-01,calibration,12,caution,caution,approved_on_validation,우선 점검 후보
2024-05-02,AST-1041,A2,16,5.899831672620149,0.0951764106195489,0.059789488452829,MRO-10045;MRO-10046;MRO-10047,MRO-10045;MRO-10046;MRO-10047,CNC Lathe,PUN-01,calibration,12,high_risk,risk,approved_on_validation,우선 점검 후보
2024-05-02,AST-1042,A2,4,5.831057467234232,0.0930948109905101,0.0577535027905319,MRO-10045;MRO-50009;MRO-10046,MRO-10045;MRO-50009;MRO-10046,CNC Lathe,PUN-01,calibration,12,caution,risk,approved_on_validation,우선 점검 후보
2024-05-02,AST-2017,A2,11,8.461733700938428,0.2529665510816344,0.1832891033847461,MRO-80001;MRO-20031;MRO-40022,MRO-80001;MRO-20031;MRO-10046,Hydraulic Press,PUN-01,calibration,12,risk,risk,approved_on_validation,우선 점검 후보
2024-05-02,AST-2031,A2,1,7.170585486589843,0.1645320740768534,0.1140807901732452,MRO-10045;MRO-80001;MRO-20031,MRO-10045;MRO-80001;MRO-20031,Hydraulic Press,CHN-02,calibration,12,caution,risk,approved_on_validation,우선 점검 후보
2024-05-02,AST-3008,A2,4,6.543197518821221,0.1299143527215227,0.085356381124018,MRO-10045;MRO-10047;MRO-50009,MRO-10045;MRO-10047;MRO-50009,Belt Conveyor,CHN-02,calibration,12,caution,risk,approved_on_validation,우선 점검 후보
2024-05-02,AST-3019,A2,2,5.4518159363385506,0.077021582445982,0.0463796738521532,MRO-10047;MRO-10045;MRO-20031,MRO-10047;MRO-10045;MRO-20031,Belt Conveyor,CHN-02,calibration,12,caution,caution,approved_on_validation,우선 점검 후보
2024-05-02,AST-4055,A2,10,7.597692993028402,0.1957640619536194,0.1344997465085755,MRO-10046;MRO-20031;MRO-80001,MRO-10046;MRO-20031;MRO-80001,Screw Compressor,DHR-03,calibration,12,risk,risk,approved_on_validation,우선 점검 후보
2024-05-02,AST-4061,A2,15,6.489106188885295,0.1285186086487652,0.0834919454508155,MRO-80001;MRO-10047;MRO-10046,MRO-80001;MRO-10047;MRO-10046,Screw Compressor,DHR-03,calibration,12,high_risk,risk,approved_on_validation,우선 점검 후보
2024-05-02,AST-5003,A2,2,7.997392083761059,0.2189380445490462,0.1574340671133806,MRO-10045;MRO-10047;MRO-50009,MRO-10045;MRO-10047;MRO-50009,EOT Crane,DHR-03,calibration,12,caution,risk,approved_on_validation,우선 점검 후보
2024-05-02,AST-5007,A2,4,5.783326198634855,0.0910797145125054,0.056187438721858,MRO-10046;MRO-50009;MRO-10045,MRO-10046;MRO-50009;MRO-10045,EOT Crane,PUN-01,calibration,12,caution,caution,approved_on_validation,우선 점검 후보
2024-05-03,AST-1041,A2,4,5.758088372731988,0.0900360191241691,0.0556741082168366,MRO-10047;MRO-10045;MRO-20031,MRO-10047;MRO-10045;MRO-20031,CNC Lathe,PUN-01,calibration,12,caution,caution,approved_on_validation,우선 점검 후보
2024-05-03,AST-1042,A2,9,5.894418748770178,0.0949275191112568,0.0600581401012727,MRO-10045;MRO-50009;MRO-10046,MRO-10045;MRO-50009;MRO-10046,CNC Lathe,PUN-01,calibration,12,risk,risk,approved_on_validation,우선 점검 후보
2024-05-03,AST-2017,A2,10,8.466381038969207,0.2541393102990593,0.1856296070852012,MRO-80001;MRO-10046;MRO-10047,MRO-80001;MRO-10046;MRO-10047,Hydraulic Press,PUN-01,calibration,12,risk,risk,approved_on_validation,우선 점검 후보
2024-05-03,AST-2031,A2,9,7.853908334051083,0.2084530187108155,0.1494462706420791,MRO-20031;MRO-10046;MRO-10045,MRO-20031;MRO-10046;MRO-10045,Hydraulic Press,CHN-02,calibration,12,risk,risk,approved_on_validation,우선 점검 후보
2024-05-03,AST-3008,A2,3,6.519844815322978,0.1286141220238543,0.0848658560972571,MRO-10045;MRO-80001;MRO-10047,MRO-10045;MRO-80001;MRO-10047,Belt Conveyor,CHN-02,calibration,12,caution,risk,approved_on_validation,우선 점검 후보
2024-05-03,AST-3019,A2,7,5.387942416049589,0.073940819221908,0.0446690818736725,MRO-10045;MRO-10047;MRO-20031,MRO-10045;MRO-10047;MRO-20031,Belt Conveyor,CHN-02,calibration,12,risk,caution,approved_on_validation,우선 점검 후보
2024-05-03,AST-4055,A2,5,8.980218955743387,0.2930412398097825,0.2158882559777954,MRO-20031;MRO-10045;MRO-10047,MRO-20031;MRO-10045;MRO-10047,Screw Compressor,DHR-03,calibration,12,caution,risk,approved_on_validation,우선 점검 후보
2024-05-03,AST-4061,A2,6,6.564906452209149,0.1314529975895209,0.086024807951593,MRO-10047;MRO-10045;MRO-50009,MRO-10047;MRO-10045;MRO-50009,Screw Compressor,DHR-03,calibration,12,risk,risk,approved_on_validation,우선 점검 후보
2024-05-03,AST-5003,A2,6,9.9015891105638,0.3616095552651223,0.28174824831969,MRO-20031;MRO-10047;MRO-80001,MRO-20031;MRO-10047;MRO-80001,EOT Crane,DHR-03,calibration,12,risk,risk,approved_on_validation,우선 점검 후보
2024-05-03,AST-5007,A2,1,5.890088085093681,0.0950883793435016,0.0598610026092309,MRO-40022;MRO-10046;MRO-50009,MRO-10046;MRO-50009;MRO-10045,EOT Crane,PUN-01,calibration,12,caution,risk,approved_on_validation,우선 점검 후보
2024-05-04,AST-1041,A2,0,0.0032166669391744,6.365743956610478e-12,6.421855119376689e-15,MRO-10046;MRO-80001;MRO-20033,MRO-10046;MRO-80001;MRO-10045,CNC Lathe,PUN-01,calibration,12,normal,normal,approved_on_validation,우선 점검 후보
2024-05-04,AST-1042,A2,0,0.0032335846499084,6.53907269674735e-12,6.616335455738087e-15,MRO-10046;MRO-20031;MRO-50009,MRO-10046;MRO-20031;MRO-50009,CNC Lathe,PUN-01,calibration,12,normal,normal,approved_on_validation,우선 점검 후보
2024-05-04,AST-2017,A2,0,0.0034854951561798,8.087028047486949e-12,8.835565127326688e-15,MRO-60015;MRO-90012;MRO-80001,MRO-80001;MRO-50009;MRO-10046,Hydraulic Press,PUN-01,calibration,12,normal,normal,approved_on_validation,우선 점검 후보
2024-05-04,AST-2031,A2,0,0.0032225076799814,6.5218405915568624e-12,6.5658449389161305e-15,MRO-10045;MRO-10046;MRO-20031,MRO-10045;MRO-10046;MRO-20031,Hydraulic Press,CHN-02,calibration,12,normal,normal,approved_on_validation,우선 점검 후보
2024-05-04,AST-3008,A2,0,0.003207993028278,6.509479203992471e-12,6.466720627984761e-15,MRO-10045;MRO-10046;MRO-10047,MRO-10045;MRO-10046;MRO-10047,Belt Conveyor,CHN-02,calibration,12,normal,normal,approved_on_validation,우선 점검 후보
2024-05-04,AST-3019,A2,0,0.0032227426228993,6.515739514489411e-12,6.560743959771014e-15,MRO-10045;MRO-10046;MRO-10047,MRO-10045;MRO-10046;MRO-10047,Belt Conveyor,CHN-02,calibration,12,normal,normal,approved_on_validation,우선 점검 후보
2024-05-04,AST-4055,A2,0,0.003245992061224,6.608696038268331e-12,6.7146775652893985e-15,MRO-10046;MRO-10047;MRO-50009,MRO-10046;MRO-10047;MRO-50009,Screw Compressor,DHR-03,calibration,12,normal,normal,approved_on_validation,우선 점검 후보
2024-05-04,AST-4061,A2,0,0.0032408577170614,6.5972775539861815e-12,6.688434833910183e-15,MRO-10046;MRO-20031;MRO-50009,MRO-10046;MRO-20031;MRO-50009,Screw Compressor,DHR-03,calibration,12,normal,normal,approved_on_validation,우선 점검 후보
2024-05-04,AST-5003,A2,0,0.0032616732833359,6.5389378981936266e-12,6.804878335960483e-15,MRO-70004;MRO-10045;MRO-10046,MRO-10045;MRO-10046;MRO-20031,EOT Crane,DHR-03,calibration,12,normal,normal,approved_on_validation,우선 점검 후보
2024-05-04,AST-5007,A2,0,0.0033489150543644,8.400473654063047e-12,8.34292104710479e-15,MRO-50009;MRO-10046;MRO-90011,MRO-50009;MRO-10046;MRO-10045,EOT Crane,PUN-01,calibration,12,normal,normal,approved_on_validation,우선 점검 후보
2024-05-05,AST-1041,A2,0,0.0032314187479636,6.5003905621458236e-12,6.581719658461527e-15,MRO-10046;MRO-10047;MRO-20031,MRO-10046;MRO-10047;MRO-20031,CNC Lathe,PUN-01,calibration,12,normal,normal,approved_on_validation,우선 점검 후보
2024-05-05,AST-1042,A2,0,0.0032361792165278,6.560338799498397e-12,6.641590497695783e-15,MRO-10046;MRO-20031;MRO-50009,MRO-10046;MRO-20031;MRO-50009,CNC Lathe,PUN-01,calibration,12,normal,normal,approved_on_validation,우선 점검 후보
2024-05-05,AST-2017,A2,0,0.0034995093928544,9.482525660534584e-12,9.827564491797146e-15,MRO-50009;MRO-80001;MRO-60015,MRO-50009;MRO-80001;MRO-10046,Hydraulic Press,PUN-01,calibration,12,normal,normal,approved_on_validation,우선 점검 후보
2024-05-05,AST-2031,A2,0,0.0033390691504336,8.199523109627953e-12,8.162515166050453e-15,MRO-10047;MRO-10045;MRO-10046,MRO-10047;MRO-10045;MRO-10046,Hydraulic Press,CHN-02,calibration,12,normal,normal,approved_on_validation,우선 점검 후보
2024-05-05,AST-3008,A2,0,0.0032303829669618,6.615717236840322e-12,6.6386307242033856e-15,MRO-10045;MRO-10046;MRO-10047,MRO-10045;MRO-10046;MRO-10047,Belt Conveyor,CHN-02,calibration,12,normal,normal,approved_on_validation,우선 점검 후보
2024-05-05,AST-3019,A2,0,0.0032713880099245,6.526337053555768e-12,6.879577174669879e-15,MRO-70005;MRO-90011;MRO-70004,MRO-10045;MRO-10046;MRO-10047,Belt Conveyor,CHN-02,calibration,12,normal,normal,approved_on_validation,우선 점검 후보
2024-05-05,AST-4055,A2,0,0.0032493253686257,6.640643078279961e-12,6.750148974625016e-15,MRO-10045;MRO-10046;MRO-10047,MRO-10045;MRO-10046;MRO-10047,Screw Compressor,DHR-03,calibration,12,normal,normal,approved_on_validation,우선 점검 후보
2024-05-05,AST-4061,A2,0,0.0032474529697721,6.657173266815035e-12,6.757588324741122e-15,MRO-10045;MRO-10046;MRO-10047,MRO-10045;MRO-10046;MRO-10047,Screw Compressor,DHR-03,calibration,12,normal,normal,approved_on_validation,우선 점검 후보
2024-05-05,AST-5003,A2,0,0.0032637473554914,6.7867970514459675e-12,6.9035279789056156e-15,MRO-10047;MRO-30011;MRO-10045,MRO-10047;MRO-10045;MRO-10046,EOT Crane,DHR-03,calibration,12,normal,normal,approved_on_validation,우선 점검 후보
2024-05-05,AST-5007,A2,0,0.0032277143170619,6.529849142493062e-12,6.571668005441692e-15,MRO-10045;MRO-10046;MRO-10047,MRO-10045;MRO-10046;MRO-10047,EOT Crane,PUN-01,calibration,12,normal,normal,approved_on_validation,우선 점검 후보
2024-05-06,AST-1041,A2,11,10.538555438258362,0.4160013191394199,0.3281772532960714,MRO-80001;MRO-50009;MRO-10047,MRO-80001;MRO-50009;MRO-10047,CNC Lathe,PUN-01,calibration,12,risk,risk,approved_on_validation,우선 점검 후보
2024-05-06,AST-1042,A2,12,5.893441214429572,0.0957557393743644,0.0600892829116828,MRO-10045;MRO-10047;MRO-50009,MRO-10045;MRO-10047;MRO-50009,CNC Lathe,PUN-01,calibration,12,high_risk,risk,approved_on_validation,우선 점검 후보
2024-05-06,AST-2017,A2,7,8.42963242427617,0.2523204250707924,0.1829938266244435,MRO-80001;MRO-10045;MRO-50009,MRO-80001;MRO-10045;MRO-50009,Hydraulic Press,PUN-01,calibration,12,risk,risk,approved_on_validation,우선 점검 후보
2024-05-06,AST-2031,A2,4,7.578132457608657,0.1917506771327459,0.1337483754770856,MRO-10047;MRO-50009;MRO-10046,MRO-10047;MRO-50009;MRO-10046,Hydraulic Press,CHN-02,calibration,12,caution,risk,approved_on_validation,우선 점검 후보
2024-05-06,AST-3008,A2,6,6.211807239506567,0.1111674031772965,0.0715478554840934,MRO-10047;MRO-50009;MRO-10046,MRO-10047;MRO-50009;MRO-10046,Belt Conveyor,CHN-02,calibration,12,risk,risk,approved_on_validation,우선 점검 후보
2024-05-06,AST-3019,A2,5,5.653711744324072,0.0845002432375687,0.0523156346966115,MRO-50009;MRO-10045;MRO-10047,MRO-50009;MRO-10045;MRO-10047,Belt Conveyor,CHN-02,calibration,12,caution,caution,approved_on_validation,우선 점검 후보
2024-05-06,AST-4055,A2,8,7.999299353725815,0.2217725134588863,0.1558610648299271,MRO-20031;MRO-80001;MRO-10045,MRO-20031;MRO-80001;MRO-10045,Screw Compressor,DHR-03,calibration,12,risk,risk,approved_on_validation,우선 점검 후보
2024-05-06,AST-4061,A2,3,6.313469495827918,0.1181436215691915,0.0756049481122975,MRO-20031;MRO-10045;MRO-10047,MRO-20031;MRO-10045;MRO-10047,Screw Compressor,DHR-03,calibration,12,caution,risk,approved_on_validation,우선 점검 후보
2024-05-06,AST-5003,A2,5,10.178442802968732,0.382727157698883,0.3002630840167829,MRO-10047;MRO-80001;MRO-20031,MRO-10047;MRO-80001;MRO-20031,EOT Crane,DHR-03,calibration,12,caution,risk,approved_on_validation,우선 점검 후보
2024-05-06,AST-5007,A2,10,5.800998886126463,0.091465680730264,0.0569803937805346,MRO-10046;MRO-50009;MRO-10045,MRO-10046;MRO-50009;MRO-10045,EOT Crane,PUN-01,calibration,12,risk,caution,approved_on_validation,우선 점검 후보
2024-05-07,AST-1041,A2,3,6.061965941121379,0.1028401117824298,0.0663173635407635,MRO-50009;MRO-20031;MRO-50008,MRO-50009;MRO-20031;MRO-10045,CNC Lathe,PUN-01,calibration,12,caution,risk,approved_on_validation,우선 점검 후보
2024-05-07,AST-1042,A2,1,6.4610142364923195,0.1250172879691619,0.0818880413014654,MRO-10047;MRO-20031;MRO-10045,MRO-10047;MRO-20031;MRO-10045,CNC Lathe,PUN-01,calibration,12,caution,risk,approved_on_validation,우선 점검 후보
2024-05-07,AST-2017,A2,3,8.570926894158816,0.2617037159730366,0.1906540404408349,MRO-80001;MRO-10045;MRO-10046,MRO-80001;MRO-10045;MRO-10046,Hydraulic Press,PUN-01,calibration,12,caution,risk,approved_on_validation,우선 점검 후보
2024-05-07,AST-2031,A2,9,7.101805393032021,0.1596690193618934,0.1105826613088183,MRO-10047;MRO-10045;MRO-20031,MRO-10047;MRO-10045;MRO-20031,Hydraulic Press,CHN-02,calibration,12,risk,risk,approved_on_validation,우선 점검 후보
2024-05-07,AST-3008,A2,6,6.729188189318368,0.1416587806602588,0.0935696740727738,MRO-10045;MRO-80001;MRO-10046,MRO-10045;MRO-80001;MRO-10046,Belt Conveyor,CHN-02,calibration,12,risk,risk,approved_on_validation,우선 점검 후보
2024-05-07,AST-3019,A2,5,5.545391491226072,0.080833144479784,0.0491488105045762,MRO-50009;MRO-10045;MRO-10047,MRO-50009;MRO-10045;MRO-10047,Belt Conveyor,CHN-02,calibration,12,caution,caution,approved_on_validation,우선 점검 후보
2024-05-07,AST-4055,A2,7,7.544831693518116,0.1906064644186474,0.1317095363094133,MRO-50009;MRO-20031;MRO-80001,MRO-50009;MRO-20031;MRO-80001,Screw Compressor,DHR-03,calibration,12,risk,risk,approved_on_validation,우선 점검 후보
2024-05-07,AST-4061,A2,7,6.451624056438305,0.1249450780898013,0.0815209227432628,MRO-10045;MRO-10047;MRO-10046,MRO-10045;MRO-10047;MRO-10046,Screw Compressor,DHR-03,calibration,12,risk,risk,approved_on_validation,우선 점검 후보
2024-05-07,AST-5003,A2,19,8.673440367846192,0.2655353689627041,0.1979204150972527,MRO-10045;MRO-10046;MRO-80001,MRO-10045;MRO-10046;MRO-80001,EOT Crane,DHR-03,calibration,12,high_risk,risk,approved_on_validation,우선 점검 후보
2024-05-07,AST-5007,A2,11,4.852995302060648,0.0522972800503293,0.0302600764543691,MRO-10046;MRO-10045;MRO-10047,MRO-10046;MRO-10045;MRO-10047,EOT Crane,PUN-01,calibration,12,risk,caution,approved_on_validation,우선 점검 후보
2024-05-08,AST-1041,A2,7,6.193006466583625,0.1108127140020715,0.0708775368135942,MRO-10046;MRO-10045;MRO-10047,MRO-10046;MRO-10045;MRO-10047,CNC Lathe,PUN-01,calibration,12,risk,risk,approved_on_validation,우선 점검 후보
2024-05-08,AST-1042,A2,8,6.3399253565568925,0.1178319818271268,0.0758847788694338,MRO-60015;MRO-20031;MRO-10047,MRO-20031;MRO-10047;MRO-80001,CNC Lathe,PUN-01,calibration,12,risk,risk,approved_on_validation,우선 점검 후보
2024-05-08,AST-2017,A2,4,8.597024932497177,0.2636695499032771,0.1931472994417595,MRO-20031;MRO-80001;MRO-50009,MRO-20031;MRO-80001;MRO-50009,Hydraulic Press,PUN-01,calibration,12,caution,risk,approved_on_validation,우선 점검 후보
2024-05-08,AST-2031,A2,10,7.481574832153298,0.1865042292944271,0.1289956263839916,MRO-10047;MRO-10046;MRO-80001,MRO-10047;MRO-10046;MRO-80001,Hydraulic Press,CHN-02,calibration,12,risk,risk,approved_on_validation,우선 점검 후보
2024-05-08,AST-3008,A2,7,6.093977931619426,0.106181566238075,0.06709333916591,MRO-10045;MRO-20031;MRO-30011,MRO-10045;MRO-20031;MRO-80001,Belt Conveyor,CHN-02,calibration,12,risk,risk,approved_on_validation,우선 점검 후보
2024-05-08,AST-3019,A2,2,5.334056899225844,0.0709137626841096,0.0430561742375002,MRO-10046;MRO-10045;MRO-80001,MRO-10046;MRO-10045;MRO-80001,Belt Conveyor,CHN-02,calibration,12,caution,caution,approved_on_validation,우선 점검 후보
2024-05-08,AST-4055,A2,6,7.559880888520358,0.1925898085136113,0.1322806094995268,MRO-20031;MRO-10047;MRO-10046,MRO-20031;MRO-10047;MRO-10046,Screw Compressor,DHR-03,calibration,12,risk,risk,approved_on_validation,우선 점검 후보
2024-05-08,AST-4061,A2,19,8.075055659817961,0.2162412550485973,0.1558708919132078,MRO-40022;MRO-40021;MRO-60015,MRO-10045;MRO-10047;MRO-10046,Screw Compressor,DHR-03,calibration,12,high_risk,risk,approved_on_validation,우선 점검 후보
2024-05-08,AST-5003,A2,11,7.984806385960311,0.2198911240803231,0.1567629183446582,MRO-10046;MRO-50009;MRO-80001,MRO-10046;MRO-50009;MRO-80001,EOT Crane,DHR-03,calibration,12,risk,risk,approved_on_validation,우선 점검 후보
2024-05-08,AST-5007,A2,5,5.892231027869723,0.0960299033381496,0.0601225020321706,MRO-50009;MRO-10046;MRO-10045,MRO-50009;MRO-10046;MRO-10045,EOT Crane,PUN-01,calibration,12,caution,risk,approved_on_validation,우선 점검 후보
2024-05-09,AST-1041,A2,6,6.334458505861269,0.1187979950272434,0.0765775428285282,MRO-10046;MRO-10047;MRO-50009,MRO-10046;MRO-10047;MRO-50009,CNC Lathe,PUN-01,calibration,12,risk,risk,approved_on_validation,우선 점검 후보
2024-05-09,AST-1042,A2,4,6.68198359611493,0.1374816193814041,0.0905563681701974,MRO-60015;MRO-80001;MRO-20031,MRO-80001;MRO-20031;MRO-10047,CNC Lathe,PUN-01,calibration,12,caution,risk,approved_on_validation,우선 점검 후보
2024-05-09,AST-2017,A2,8,8.480336070607166,0.2553530020167383,0.1859397982662414,MRO-80001;MRO-10047;MRO-10046,MRO-80001;MRO-10047;MRO-10046,Hydraulic Press,PUN-01,calibration,12,risk,risk,approved_on_validation,우선 점검 후보
2024-05-09,AST-2031,A2,7,7.330788176324181,0.1764331004111541,0.1213579643095822,MRO-10046;MRO-10047;MRO-80001,MRO-10046;MRO-10047;MRO-80001,Hydraulic Press,CHN-02,calibration,12,risk,risk,approved_on_validation,우선 점검 후보
2024-05-09,AST-3008,A2,4,6.231457873043245,0.1133302497120181,0.07213261685766,MRO-10045;MRO-20031;MRO-50009,MRO-10045;MRO-20031;MRO-50009,Belt Conveyor,CHN-02,calibration,12,caution,risk,approved_on_validation,우선 점검 후보
2024-05-09,AST-3019,A2,0,5.462336808831019,0.0773800772704013,0.0467663028121869,MRO-50009;MRO-20031;MRO-10045,MRO-50009;MRO-20031;MRO-10045,Belt Conveyor,CHN-02,calibration,12,normal,caution,approved_on_validation,우선 점검 후보
2024-05-09,AST-4055,A2,4,8.25063005141901,0.2391275985234928,0.1713360606357663,MRO-80001;MRO-50009;MRO-10046,MRO-80001;MRO-50009;MRO-10046,Screw Compressor,DHR-03,calibration,12,caution,risk,approved_on_validation,우선 점검 후보
2024-05-09,AST-4061,A2,8,6.092828593572534,0.1066531090455816,0.0671598500552338,MRO-10046;MRO-80001;MRO-10045,MRO-10046;MRO-80001;MRO-10045,Screw Compressor,DHR-03,calibration,12,risk,risk,approved_on_validation,우선 점검 후보
2024-05-09,AST-5003,A2,14,8.228589693742013,0.2339571235865985,0.1702201662820681,MRO-10046;MRO-50009;MRO-80001,MRO-10046;MRO-50009;MRO-80001,EOT Crane,DHR-03,calibration,12,high_risk,risk,approved_on_validation,우선 점검 후보
2024-05-09,AST-5007,A2,0,5.466108045957601,0.0751970784499169,0.045997358869093,MRO-10046;MRO-50009;MRO-80001,MRO-10046;MRO-50009;MRO-80001,EOT Crane,PUN-01,calibration,12,normal,caution,approved_on_validation,우선 점검 후보
2024-05-10,AST-1041,A2,9,6.4673966915221515,0.1245069399958232,0.080662356738377,MRO-10046;MRO-10047;MRO-50009,MRO-10046;MRO-10047;MRO-50009,CNC Lathe,PUN-01,calibration,12,risk,risk,approved_on_validation,우선 점검 후보
2024-05-10,AST-1042,A2,0,6.087390971175257,0.1043619590045683,0.0662591469179829,MRO-60015;MRO-80001;MRO-10047,MRO-80001;MRO-10047;MRO-20031,CNC Lathe,PUN-01,calibration,12,normal,risk,approved_on_validation,우선 점검 후보
2024-05-10,AST-2017,A2,11,8.004071866322866,0.2213316128799587,0.1579846130706062,MRO-80001;MRO-10047;MRO-50009,MRO-80001;MRO-10047;MRO-50009,Hydraulic Press,PUN-01,calibration,12,risk,risk,approved_on_validation,우선 점검 후보
2024-05-10,AST-2031,A2,2,7.357029921832704,0.1783389924634169,0.1231067612493322,MRO-80001;MRO-20031;MRO-10046,MRO-80001;MRO-20031;MRO-10046,Hydraulic Press,CHN-02,calibration,12,caution,risk,approved_on_validation,우선 점검 후보
2024-05-10,AST-3008,A2,2,6.5028655801470485,0.123729626964656,0.0835958256253686,MRO-10045;MRO-50009;MRO-70004,MRO-10045;MRO-50009;MRO-20031,Belt Conveyor,CHN-02,calibration,12,caution,risk,approved_on_validation,우선 점검 후보
2024-05-10,AST-3019,A2,3,5.3653760245091915,0.0741851937811501,0.0441682075915716,MRO-20031;MRO-50009;MRO-10047,MRO-20031;MRO-50009;MRO-10047,Belt Conveyor,CHN-02,calibration,12,caution,caution,approved_on_validation,우선 점검 후보
2024-05-10,AST-4055,A2,6,8.539775252170774,0.2604409748954283,0.1886035483540923,MRO-20031;MRO-10046;MRO-50009,MRO-20031;MRO-10046;MRO-50009,Screw Compressor,DHR-03,calibration,12,risk,risk,approved_on_validation,우선 점검 후보
2024-05-10,AST-4061,A2,8,6.830505351147702,0.1464533075268272,0.0968402007894275,MRO-80001;MRO-10047;MRO-10045,MRO-80001;MRO-10047;MRO-10045,Screw Compressor,DHR-03,calibration,12,risk,risk,approved_on_validation,우선 점검 후보
2024-05-10,AST-5003,A2,8,6.978057077770898,0.1521946316434418,0.1018209402974517,MRO-20033;MRO-50008;MRO-10046,MRO-10046;MRO-50009;MRO-20031,EOT Crane,DHR-03,calibration,12,risk,risk,approved_on_validation,우선 점검 후보
2024-05-10,AST-5007,A2,4,5.883395000200503,0.0959988275494399,0.0599239239166272,MRO-80001;MRO-10046;MRO-10045,MRO-80001;MRO-10046;MRO-10045,EOT Crane,PUN-01,calibration,12,caution,risk,approved_on_validation,우선 점검 후보
2024-05-11,AST-1041,A2,0,0.0032970859640953,7.92031156781099e-12,7.572241334607187e-15,MRO-50008;MRO-20031;MRO-50009,MRO-20031;MRO-50009;MRO-10045,CNC Lathe,PUN-01,calibration,12,normal,normal,approved_on_validation,우선 점검 후보
2024-05-11,AST-1042,A2,0,0.0029640466135234,5.220627451013129e-12,4.784755237432913e-15,MRO-80001;MRO-10045;MRO-10046,MRO-80001;MRO-10045;MRO-10046,CNC Lathe,PUN-01,calibration,12,normal,normal,approved_on_validation,우선 점검 후보
2024-05-11,AST-2017,A2,0,0.0032773584196433,6.8419255857667064e-12,7.003856552705598e-15,MRO-20033;MRO-30012;MRO-10046,MRO-10046;MRO-10047;MRO-20031,Hydraulic Press,PUN-01,calibration,12,normal,normal,approved_on_validation,우선 점검 후보
2024-05-11,AST-2031,A2,0,0.0032292408114033,6.609949474197986e-12,6.652853409947268e-15,MRO-20031;MRO-10045;MRO-10046,MRO-20031;MRO-10045;MRO-10046,Hydraulic Press,CHN-02,calibration,12,normal,normal,approved_on_validation,우선 점검 후보
2024-05-11,AST-3008,A2,0,0.0032352230156973,6.601602866372319e-12,6.664425144516172e-15,MRO-10045;MRO-10046;MRO-10047,MRO-10045;MRO-10046;MRO-10047,Belt Conveyor,CHN-02,calibration,12,normal,normal,approved_on_validation,우선 점검 후보
2024-05-11,AST-3019,A2,0,0.0031996803943339,6.3749605608349525e-12,6.3631316423226986e-15,MRO-20033;MRO-20032;MRO-20031,MRO-20031;MRO-50009;MRO-10045,Belt Conveyor,CHN-02,calibration,12,normal,normal,approved_on_validation,우선 점검 후보
2024-05-11,AST-4055,A2,0,0.003229198061634,6.622600931659751e-12,6.649565210115071e-15,MRO-10045;MRO-10046;MRO-10047,MRO-10045;MRO-10046;MRO-10047,Screw Compressor,DHR-03,calibration,12,normal,normal,approved_on_validation,우선 점검 후보
2024-05-11,AST-4061,A2,0,0.0032722515724526,6.9435010493472025e-12,7.0566542103456315e-15,MRO-10047;MRO-50009;MRO-10045,MRO-10047;MRO-50009;MRO-10045,Screw Compressor,DHR-03,calibration,12,normal,normal,approved_on_validation,우선 점검 후보
2024-05-11,AST-5003,A2,0,0.0031779438154331,4.8224015472126794e-12,5.023798893796065e-15,MRO-20033;MRO-60015;MRO-50008,MRO-10045;MRO-10047;MRO-50009,EOT Crane,DHR-03,calibration,12,normal,normal,approved_on_validation,우선 점검 후보
2024-05-11,AST-5007,A2,0,0.0033338590892288,7.096442443071408e-12,7.361154688758155e-15,MRO-60015;MRO-50009;MRO-60016,MRO-50009;MRO-10045;MRO-10046,EOT Crane,PUN-01,calibration,12,normal,normal,approved_on_validation,우선 점검 후보
2024-05-12,AST-1041,A2,0,0.003228710137167,6.515135187031542e-12,6.571188053876634e-15,MRO-10045;MRO-10046;MRO-10047,MRO-10045;MRO-10046;MRO-10047,CNC Lathe,PUN-01,calibration,12,normal,normal,approved_on_validation,우선 점검 후보
2024-05-12,AST-1042,A2,0,0.0029264277483051,4.8547012548416095e-12,4.4439986987621635e-15,MRO-10045;MRO-10046;MRO-10047,MRO-10045;MRO-10046;MRO-10047,CNC Lathe,PUN-01,calibration,12,normal,normal,approved_on_validation,우선 점검 후보
2024-05-12,AST-2017,A2,0,0.0032403739794791,7.248016238414958e-12,7.106843160394329e-15,MRO-10045;MRO-30011;MRO-20031,MRO-10045;MRO-20031;MRO-80001,Hydraulic Press,PUN-01,calibration,12,normal,normal,approved_on_validation,우선 점검 후보
2024-05-12,AST-2031,A2,0,0.0033324796388821,7.926090638706573e-12,7.972491236357193e-15,MRO-20031;MRO-10045;MRO-10046,MRO-20031;MRO-10045;MRO-10046,Hydraulic Press,CHN-02,calibration,12,normal,normal,approved_on_validation,우선 점검 후보
2024-05-12,AST-3008,A2,0,0.0032184960470589,6.5094809489023705e-12,6.534752707270894e-15,MRO-10045;MRO-10046;MRO-10047,MRO-10045;MRO-10046;MRO-10047,Belt Conveyor,CHN-02,calibration,12,normal,normal,approved_on_validation,우선 점검 후보
2024-05-12,AST-3019,A2,0,0.0032992837146362,6.533260453905236e-12,7.0652706322902025e-15,MRO-70004;MRO-10045;MRO-10046,MRO-10045;MRO-10046;MRO-10047,Belt Conveyor,CHN-02,calibration,12,normal,normal,approved_on_validation,우선 점검 후보
2024-05-12,AST-4055,A2,0,0.0032225938427432,6.906519314836028e-12,6.826601866275222e-15,MRO-20031;MRO-10045;MRO-10046,MRO-20031;MRO-10045;MRO-10046,Screw Compressor,DHR-03,calibration,12,normal,normal,approved_on_validation,우선 점검 후보
2024-05-12,AST-4061,A2,0,0.0032460557266297,6.59737073147646e-12,6.7071701460435585e-15,MRO-10045;MRO-10046;MRO-20031,MRO-10045;MRO-10046;MRO-20031,Screw Compressor,DHR-03,calibration,12,normal,normal,approved_on_validation,우선 점검 후보
2024-05-12,AST-5003,A2,0,0.0032623553706701,6.5502370992385016e-12,6.7004213806720194e-15,MRO-50008;MRO-10045;MRO-10046,MRO-10045;MRO-10046;MRO-10047,EOT Crane,DHR-03,calibration,12,normal,normal,approved_on_validation,우선 점검 후보
2024-05-12,AST-5007,A2,0,0.0032261318683829,6.574254344889806e-12,6.5841722406798966e-15,MRO-10045;MRO-10046;MRO-10047,MRO-10045;MRO-10046;MRO-10047,EOT Crane,PUN-01,calibration,12,normal,normal,approved_on_validation,우선 점검 후보
2024-05-13,AST-1041,A2,14,8.602790435076376,0.2627804320024942,0.1951982341442964,MRO-10046;MRO-20031;MRO-50009,MRO-10046;MRO-20031;MRO-50009,CNC Lathe,PUN-01,calibration,12,high_risk,risk,approved_on_validation,우선 점검 후보
2024-05-13,AST-1042,A2,0,6.072214066576051,0.1043897095106083,0.0662117700241832,MRO-60015;MRO-80001;MRO-10047,MRO-80001;MRO-10047;MRO-20031,CNC Lathe,PUN-01,calibration,12,normal,risk,approved_on_validation,우선 점검 후보
2024-05-13,AST-2017,A2,14,8.100587503596461,0.2277894700727372,0.1634240363692815,MRO-20031;MRO-10046;MRO-10047,MRO-20031;MRO-10046;MRO-10047,Hydraulic Press,PUN-01,calibration,12,high_risk,risk,approved_on_validation,우선 점검 후보
2024-05-13,AST-2031,A2,6,7.477390750785908,0.1848705999841494,0.1285217988259002,MRO-80001;MRO-50009;MRO-20031,MRO-80001;MRO-50009;MRO-20031,Hydraulic Press,CHN-02,calibration,12,risk,risk,approved_on_validation,우선 점검 후보
2024-05-13,AST-3008,A2,8,6.568630513631805,0.1306585730186501,0.0853630297321009,MRO-10046;MRO-50009;MRO-30011,MRO-10046;MRO-50009;MRO-20031,Belt Conveyor,CHN-02,calibration,12,risk,risk,approved_on_validation,우선 점검 후보
2024-05-13,AST-3019,A2,0,5.427102758274544,0.0754813134426044,0.0459221710092015,MRO-10047;MRO-20031;MRO-50009,MRO-10047;MRO-20031;MRO-50009,Belt Conveyor,CHN-02,calibration,12,normal,caution,approved_on_validation,우선 점검 후보
2024-05-13,AST-4055,A2,8,8.212533233312685,0.2354254458290827,0.1687278277809041,MRO-20031;MRO-10046;MRO-50009,MRO-20031;MRO-10046;MRO-50009,Screw Compressor,DHR-03,calibration,12,risk,risk,approved_on_validation,우선 점검 후보
2024-05-13,AST-4061,A2,5,6.930964211617281,0.1536523944072864,0.1020580103453494,MRO-80001;MRO-10047;MRO-50009,MRO-80001;MRO-10047;MRO-50009,Screw Compressor,DHR-03,calibration,12,caution,risk,approved_on_validation,우선 점검 후보
2024-05-13,AST-5003,A2,12,7.573199342358124,0.1912261675663812,0.133726277901769,MRO-10045;MRO-20031;MRO-10046,MRO-10045;MRO-20031;MRO-10046,EOT Crane,DHR-03,calibration,12,high_risk,risk,approved_on_validation,우선 점검 후보
2024-05-13,AST-5007,A2,6,5.660635641182978,0.0849040941319407,0.0518396713855994,MRO-10045;MRO-20031;MRO-40021,MRO-10045;MRO-20031;MRO-80001,EOT Crane,PUN-01,calibration,12,risk,caution,approved_on_validation,우선 점검 후보
2024-05-14,AST-1041,A2,4,6.403537151397633,0.1193871203498714,0.0794310845926322,MRO-80001;MRO-20031;MRO-10046,MRO-80001;MRO-20031;MRO-10046,CNC Lathe,PUN-01,calibration,12,caution,risk,approved_on_validation,우선 점검 후보
2024-05-14,AST-1042,A2,2,6.50007618562406,0.1244480446655432,0.0816524881395525,MRO-60015;MRO-80002;MRO-10047,MRO-10047;MRO-20031;MRO-80001,CNC Lathe,PUN-01,calibration,12,caution,risk,approved_on_validation,우선 점검 후보
2024-05-14,AST-2017,A2,10,8.791704121749905,0.2775188247817757,0.2042320639288711,MRO-10046;MRO-80001;MRO-50009,MRO-10046;MRO-80001;MRO-50009,Hydraulic Press,PUN-01,calibration,12,risk,risk,approved_on_validation,우선 점검 후보
2024-05-14,AST-2031,A2,8,6.882810017617488,0.1459121634708974,0.0996034392672801,MRO-90011;MRO-10047;MRO-50009,MRO-10047;MRO-50009;MRO-20031,Hydraulic Press,CHN-02,calibration,12,risk,risk,approved_on_validation,우선 점검 후보
2024-05-14,AST-3008,A2,0,6.425171509304772,0.1237687263846116,0.0802520106877991,MRO-20031;MRO-10046;MRO-50009,MRO-20031;MRO-10046;MRO-50009,Belt Conveyor,CHN-02,calibration,12,normal,risk,approved_on_validation,우선 점검 후보
2024-05-14,AST-3019,A2,10,5.373464338492866,0.073626872408864,0.0442740354846567,MRO-20031;MRO-50009;MRO-10045,MRO-20031;MRO-50009;MRO-10045,Belt Conveyor,CHN-02,calibration,12,risk,caution,approved_on_validation,우선 점검 후보
2024-05-14,AST-4055,A2,10,7.741819155645712,0.2041453948970383,0.1419782598926016,MRO-20031;MRO-80001;MRO-10046,MRO-20031;MRO-80001;MRO-10046,Screw Compressor,DHR-03,calibration,12,risk,risk,approved_on_validation,우선 점검 후보
2024-05-14,AST-4061,A2,6,6.314625770696026,0.1184233031402613,0.0760546926125346,MRO-10047;MRO-50009;MRO-80001,MRO-10047;MRO-50009;MRO-80001,Screw Compressor,DHR-03,calibration,12,risk,risk,approved_on_validation,우선 점검 후보
2024-05-14,AST-5003,A2,8,6.993396635990402,0.1596101727797907,0.104327931327316,MRO-10046;MRO-80001;MRO-20031,MRO-10046;MRO-80001;MRO-20031,EOT Crane,DHR-03,calibration,12,risk,risk,approved_on_validation,우선 점검 후보
2024-05-14,AST-5007,A2,2,5.530333930130129,0.0795447994643972,0.0482131594805897,MRO-10045;MRO-10046;MRO-50009,MRO-10045;MRO-10046;MRO-50009,EOT Crane,PUN-01,calibration,12,caution,caution,approved_on_validation,우선 점검 후보
2024-05-15,AST-1041,A2,2,6.202353198424604,0.1106735766877377,0.0716187473178752,MRO-10046;MRO-80001;MRO-50009,MRO-10046;MRO-80001;MRO-50009,CNC Lathe,PUN-01,calibration,12,caution,risk,approved_on_validation,우선 점검 후보
2024-05-15,AST-1042,A2,4,6.029714743352966,0.1018024499186387,0.0648570190531997,MRO-80001;MRO-10045;MRO-10047,MRO-80001;MRO-10045;MRO-10047,CNC Lathe,PUN-01,calibration,12,caution,risk,approved_on_validation,우선 점검 후보
2024-05-15,AST-2017,A2,3,8.57870307564251,0.2624480451150908,0.1916840971121009,MRO-20031;MRO-50009;MRO-10046,MRO-20031;MRO-50009;MRO-10046,Hydraulic Press,PUN-01,calibration,12,caution,risk,approved_on_validation,우선 점검 후보
2024-05-15,AST-2031,A2,4,7.111588784277477,0.1619516831547739,0.1107365080404481,MRO-10046;MRO-10047;MRO-50009,MRO-10046;MRO-10047;MRO-50009,Hydraulic Press,CHN-02,calibration,12,caution,risk,approved_on_validation,우선 점검 후보
2024-05-15,AST-3008,A2,9,6.364344635786135,0.120517638345922,0.0777569689711129,MRO-20031;MRO-50009;MRO-10045,MRO-20031;MRO-50009;MRO-10045,Belt Conveyor,CHN-02,calibration,12,risk,risk,approved_on_validation,우선 점검 후보
2024-05-15,AST-3019,A2,8,5.408177144829668,0.0745692234704808,0.0458359324991659,MRO-20031;MRO-50009;MRO-10045,MRO-20031;MRO-50009;MRO-10045,Belt Conveyor,CHN-02,calibration,12,risk,caution,approved_on_validation,우선 점검 후보
2024-05-15,AST-4055,A2,7,8.210511256553612,0.2350085123436117,0.168761377471036,MRO-20031;MRO-80001;MRO-10046,MRO-20031;MRO-80001;MRO-10046,Screw Compressor,DHR-03,calibration,12,risk,risk,approved_on_validation,우선 점검 후보
2024-05-15,AST-4061,A2,7,6.54428658046839,0.1313721601049778,0.0849844970984677,MRO-10045;MRO-10047;MRO-50009,MRO-10045;MRO-10047;MRO-50009,Screw Compressor,DHR-03,calibration,12,risk,risk,approved_on_validation,우선 점검 후보
2024-05-15,AST-5003,A2,7,8.26088883733063,0.2365270405943072,0.1723409969665568,MRO-10046;MRO-10045;MRO-80001,MRO-10046;MRO-10045;MRO-80001,EOT Crane,DHR-03,calibration,12,risk,risk,approved_on_validation,우선 점검 후보
2024-05-15,AST-5007,A2,4,5.121837643108813,0.0574233874539611,0.0343859574923761,MRO-80002;MRO-40021;MRO-20032,MRO-10046;MRO-50009;MRO-80001,EOT Crane,PUN-01,calibration,12,caution,caution,approved_on_validation,우선 점검 후보
2024-05-16,AST-1041,A2,2,5.985741700989535,0.099048264435938,0.0624381107916171,MRO-50009;MRO-50008;MRO-10046,MRO-50009;MRO-10046;MRO-80001,CNC Lathe,PUN-01,calibration,12,caution,risk,approved_on_validation,우선 점검 후보
2024-05-16,AST-1042,A2,12,5.9640671189365015,0.1001447542395942,0.062543633422392,MRO-50009;MRO-80001;MRO-10045,MRO-50009;MRO-80001;MRO-10045,CNC Lathe,PUN-01,calibration,12,high_risk,risk,approved_on_validation,우선 점검 후보
2024-05-16,AST-2017,A2,8,8.667370763394855,0.2685814951054412,0.1972518579554203,MRO-80001;MRO-20031;MRO-50009,MRO-80001;MRO-20031;MRO-50009,Hydraulic Press,PUN-01,calibration,12,risk,risk,approved_on_validation,우선 점검 후보
2024-05-16,AST-2031,A2,13,7.332768711055642,0.1757286858551748,0.1216932103414948,MRO-10046;MRO-10047;MRO-80001,MRO-10046;MRO-10047;MRO-80001,Hydraulic Press,CHN-02,calibration,12,high_risk,risk,approved_on_validation,우선 점검 후보
2024-05-16,AST-3008,A2,4,6.738301555756069,0.1434891279390054,0.0939667877576802,MRO-10045;MRO-10047;MRO-20031,MRO-10045;MRO-10047;MRO-20031,Belt Conveyor,CHN-02,calibration,12,caution,risk,approved_on_validation,우선 점검 후보
2024-05-16,AST-3019,A2,10,5.538136518202668,0.0785269286424621,0.0481536067341834,MRO-60016;MRO-10046;MRO-60015,MRO-10046;MRO-10045;MRO-80001,Belt Conveyor,CHN-02,calibration,12,risk,caution,approved_on_validation,우선 점검 후보
2024-05-16,AST-4055,A2,10,7.753813023834625,0.2053590671344254,0.1430335362372174,MRO-10046;MRO-20031;MRO-80001,MRO-10046;MRO-20031;MRO-80001,Screw Compressor,DHR-03,calibration,12,risk,risk,approved_on_validation,우선 점검 후보
2024-05-16,AST-4061,A2,4,6.608149211764231,0.1325393576616282,0.0877193409197074,MRO-80001;MRO-10045;MRO-50009,MRO-80001;MRO-10045;MRO-50009,Screw Compressor,DHR-03,calibration,12,caution,risk,approved_on_validation,우선 점검 후보
2024-05-16,AST-5003,A2,5,7.50623508847449,0.1862872888549104,0.1302659009320006,MRO-10046;MRO-20031;MRO-10045,MRO-10046;MRO-20031;MRO-10045,EOT Crane,DHR-03,calibration,12,caution,risk,approved_on_validation,우선 점검 후보
2024-05-16,AST-5007,A2,3,5.26708571509035,0.0687254961956504,0.040752209466409,MRO-10045;MRO-10046;MRO-50009,MRO-10045;MRO-10046;MRO-50009,EOT Crane,PUN-01,calibration,12,caution,caution,approved_on_validation,우선 점검 후보
2024-05-17,AST-1041,A2,2,5.55038102555155,0.0789990740177865,0.0482406575562803,MRO-50009;MRO-10046;MRO-50008,MRO-50009;MRO-10046;MRO-80001,CNC Lathe,PUN-01,calibration,12,caution,caution,approved_on_validation,우선 점검 후보
2024-05-17,AST-1042,A2,4,6.103435004443385,0.1066090447337179,0.0670912658619479,MRO-10047;MRO-50009;MRO-80001,MRO-10047;MRO-50009;MRO-80001,CNC Lathe,PUN-01,calibration,12,caution,risk,approved_on_validation,우선 점검 후보
2024-05-17,AST-2017,A2,14,8.533037421867778,0.2585789104951934,0.1890662109942009,MRO-80001;MRO-20031;MRO-50009,MRO-80001;MRO-20031;MRO-50009,Hydraulic Press,PUN-01,calibration,12,high_risk,risk,approved_on_validation,우선 점검 후보
2024-05-17,AST-2031,A2,8,7.455917615097647,0.1830787851400771,0.1280094055501633,MRO-10046;MRO-80001;MRO-10047,MRO-10046;MRO-80001;MRO-10047,Hydraulic Press,CHN-02,calibration,12,risk,risk,approved_on_validation,우선 점검 후보
2024-05-17,AST-3008,A2,11,6.752938427396723,0.1414302243803106,0.0939279676531248,MRO-10047;MRO-10045;MRO-80001,MRO-10047;MRO-10045;MRO-80001,Belt Conveyor,CHN-02,calibration,12,risk,risk,approved_on_validation,우선 점검 후보
2024-05-17,AST-3019,A2,8,6.117719081783479,0.1051195226099611,0.0675660953990605,MRO-20031;MRO-10046;MRO-10047,MRO-20031;MRO-10046;MRO-10047,Belt Conveyor,CHN-02,calibration,12,risk,risk,approved_on_validation,우선 점검 후보
2024-05-17,AST-4055,A2,6,7.162312716504749,0.1662395018406197,0.111753504298472,MRO-40021;MRO-80001;MRO-10047,MRO-80001;MRO-10047;MRO-20031,Screw Compressor,DHR-03,calibration,12,risk,risk,approved_on_validation,우선 점검 후보
2024-05-17,AST-4061,A2,12,6.548981212006948,0.1315980675042177,0.0849903346019178,MRO-10045;MRO-50009;MRO-10046,MRO-10045;MRO-50009;MRO-10046,Screw Compressor,DHR-03,calibration,12,high_risk,risk,approved_on_validation,우선 점검 후보
2024-05-17,AST-5003,A2,7,8.031199407240079,0.219609656719441,0.157542613760235,MRO-60015;MRO-10046;MRO-10045,MRO-10046;MRO-10045;MRO-20031,EOT Crane,DHR-03,calibration,12,risk,risk,approved_on_validation,우선 점검 후보
2024-05-17,AST-5007,A2,2,5.726914228507022,0.0909786764009606,0.0556969636031764,MRO-10046;MRO-50009;MRO-80001,MRO-10046;MRO-50009;MRO-80001,EOT Crane,PUN-01,calibration,12,caution,caution,approved_on_validation,우선 점검 후보
2024-05-18,AST-1041,A2,0,0.0033490555167053,9.722790570707352e-12,8.959677819074521e-15,MRO-10046;MRO-50009;MRO-10045,MRO-10046;MRO-50009;MRO-10045,CNC Lathe,PUN-01,calibration,12,normal,normal,approved_on_validation,우선 점검 후보
2024-05-18,AST-1042,A2,0,0.0029255261577238,4.851052984702473e-12,4.438689259128868e-15,MRO-50009;MRO-10045;MRO-10046,MRO-50009;MRO-10045;MRO-10046,CNC Lathe,PUN-01,calibration,12,normal,normal,approved_on_validation,우선 점검 후보
2024-05-18,AST-2017,A2,0,0.0033932929899932,7.113495580270686e-12,7.608094405638766e-15,MRO-40021;MRO-60015;MRO-10046,MRO-10046;MRO-10047;MRO-80001,Hydraulic Press,PUN-01,calibration,12,normal,normal,approved_on_validation,우선 점검 후보
2024-05-18,AST-2031,A2,0,0.0032312377067634,6.657271288663133e-12,6.694641979475216e-15,MRO-20031;MRO-10045;MRO-10047,MRO-20031;MRO-10045;MRO-10047,Hydraulic Press,CHN-02,calibration,12,normal,normal,approved_on_validation,우선 점검 후보
2024-05-18,AST-3008,A2,0,0.003241374424947,6.580438037728054e-12,6.673482062752618e-15,MRO-30011;MRO-10046;MRO-10047,MRO-10046;MRO-10047;MRO-50009,Belt Conveyor,CHN-02,calibration,12,normal,normal,approved_on_validation,우선 점검 후보
2024-05-18,AST-3019,A2,0,0.0032510628252593,6.837601201381914e-12,6.896581869896964e-15,MRO-10046;MRO-10047;MRO-10045,MRO-10046;MRO-10047;MRO-10045,Belt Conveyor,CHN-02,calibration,12,normal,normal,approved_on_validation,우선 점검 후보
2024-05-18,AST-4055,A2,0,0.0032473071831681,6.641926359690637e-12,6.7454244234895994e-15,MRO-20031;MRO-10045;MRO-10047,MRO-20031;MRO-10045;MRO-10047,Screw Compressor,DHR-03,calibration,12,normal,normal,approved_on_validation,우선 점검 후보
2024-05-18,AST-4061,A2,0,0.003263695677747,6.83219592633274e-12,6.937170344603276e-15,MRO-10045;MRO-10046;MRO-40022,MRO-10045;MRO-10046;MRO-10047,Screw Compressor,DHR-03,calibration,12,normal,normal,approved_on_validation,우선 점검 후보
2024-05-18,AST-5003,A2,0,0.0033948925148892,6.919108215179062e-12,7.233550409609086e-15,MRO-50008;MRO-10046;MRO-60016,MRO-10046;MRO-50008;MRO-10045,EOT Crane,DHR-03,calibration,12,normal,normal,approved_on_validation,우선 점검 후보
2024-05-18,AST-5007,A2,0,0.003323464551195,6.575580186717378e-12,7.003487992597393e-15,MRO-30012;MRO-20032;MRO-60016,MRO-10045;MRO-10046;MRO-10047,EOT Crane,PUN-01,calibration,12,normal,normal,approved_on_validation,우선 점검 후보
2024-05-19,AST-1041,A2,0,0.0030362137651559,6.060492235903215e-12,5.4780232586721586e-15,MRO-50009;MRO-70004;MRO-10045,MRO-50009;MRO-10045;MRO-10047,CNC Lathe,PUN-01,calibration,12,normal,normal,approved_on_validation,우선 점검 후보
2024-05-19,AST-1042,A2,0,0.002925898846997,4.849556526453248e-12,4.439207842419104e-15,MRO-10045;MRO-10046;MRO-10047,MRO-10045;MRO-10046;MRO-10047,CNC Lathe,PUN-01,calibration,12,normal,normal,approved_on_validation,우선 점검 후보
2024-05-19,AST-2017,A2,0,0.0032634327474921,6.608317852582204e-12,6.779091484411877e-15,MRO-60015;MRO-10047;MRO-10045,MRO-10047;MRO-10045;MRO-20031,Hydraulic Press,PUN-01,calibration,12,normal,normal,approved_on_validation,우선 점검 후보
2024-05-19,AST-2031,A2,0,0.0032656119294514,6.7962108161302564e-12,6.915748133754386e-15,MRO-20031;MRO-50008;MRO-80002,MRO-20031;MRO-10045;MRO-10046,Hydraulic Press,CHN-02,calibration,12,normal,normal,approved_on_validation,우선 점검 후보
2024-05-19,AST-3008,A2,0,0.0032336877205087,6.587518420654967e-12,6.6471249616597615e-15,MRO-10046;MRO-10047;MRO-50009,MRO-10046;MRO-10047;MRO-50009,Belt Conveyor,CHN-02,calibration,12,normal,normal,approved_on_validation,우선 점검 후보
2024-05-19,AST-3019,A2,0,0.0032189166990078,6.5054176965805224e-12,6.526669315697689e-15,MRO-10045;MRO-20031;MRO-50009,MRO-10045;MRO-20031;MRO-50009,Belt Conveyor,CHN-02,calibration,12,normal,normal,approved_on_validation,우선 점검 후보
2024-05-19,AST-4055,A2,0,0.0032489546650749,6.666950659331042e-12,6.769828290199283e-15,MRO-20031;MRO-10045;MRO-10046,MRO-20031;MRO-10045;MRO-10046,Screw Compressor,DHR-03,calibration,12,normal,normal,approved_on_validation,우선 점검 후보
2024-05-19,AST-4061,A2,0,0.0032436091942807,6.597346050660803e-12,6.695148032058107e-15,MRO-10047;MRO-20031;MRO-50009,MRO-10047;MRO-20031;MRO-50009,Screw Compressor,DHR-03,calibration,12,normal,normal,approved_on_validation,우선 점검 후보
2024-05-19,AST-5003,A2,0,0.0032655575082269,6.916662003663068e-12,6.786842029008148e-15,MRO-50008;MRO-10046;MRO-10045,MRO-10046;MRO-50008;MRO-10045,EOT Crane,DHR-03,calibration,12,normal,normal,approved_on_validation,우선 점검 후보
2024-05-19,AST-5007,A2,0,0.0031304763296793,6.932911404586601e-12,6.313672344912928e-15,MRO-10046;MRO-10045;MRO-10047,MRO-10046;MRO-10045;MRO-10047,EOT Crane,PUN-01,calibration,12,normal,normal,approved_on_validation,우선 점검 후보
2024-05-20,AST-1041,A2,1,6.111040502985702,0.1072742922201275,0.0683113396501937,MRO-50009;MRO-80001;MRO-10046,MRO-50009;MRO-80001;MRO-10046,CNC Lathe,PUN-01,calibration,12,caution,risk,approved_on_validation,우선 점검 후보
2024-05-20,AST-1042,A2,2,6.052527088436548,0.102808409894723,0.0647320058619614,MRO-40022;MRO-50009;MRO-10047,MRO-50009;MRO-10047;MRO-20031,CNC Lathe,PUN-01,calibration,12,caution,risk,approved_on_validation,우선 점검 후보
2024-05-20,AST-2017,A2,11,8.147963240410574,0.2304331771404667,0.165080644902748,MRO-10047;MRO-80001;MRO-20031,MRO-10047;MRO-80001;MRO-20031,Hydraulic Press,PUN-01,calibration,12,risk,risk,approved_on_validation,우선 점검 후보
2024-05-20,AST-2031,A2,0,7.207283372210973,0.1682055309817165,0.1158600324299905,MRO-20031;MRO-10046;MRO-80001,MRO-20031;MRO-10046;MRO-80001,Hydraulic Press,CHN-02,calibration,12,normal,risk,approved_on_validation,우선 점검 후보
2024-05-20,AST-3008,A2,3,5.654962190606534,0.0846461422922269,0.0524314380810449,MRO-10045;MRO-20031;MRO-80001,MRO-10045;MRO-20031;MRO-80001,Belt Conveyor,CHN-02,calibration,12,caution,caution,approved_on_validation,우선 점검 후보
2024-05-20,AST-3019,A2,6,5.783924269870973,0.0913565442847058,0.0572886502241281,MRO-10047;MRO-10046;MRO-50009,MRO-10047;MRO-10046;MRO-50009,Belt Conveyor,CHN-02,calibration,12,risk,caution,approved_on_validation,우선 점검 후보
2024-05-20,AST-4055,A2,6,7.743239179349961,0.2020992096320267,0.1414155205926355,MRO-10045;MRO-20031;MRO-50009,MRO-10045;MRO-20031;MRO-50009,Screw Compressor,DHR-03,calibration,12,risk,risk,approved_on_validation,우선 점검 후보
2024-05-20,AST-4061,A2,2,6.946279503318359,0.152993178956002,0.1021511017746822,MRO-80001;MRO-10045;MRO-10046,MRO-80001;MRO-10045;MRO-10046,Screw Compressor,DHR-03,calibration,12,caution,risk,approved_on_validation,우선 점검 후보
2024-05-20,AST-5003,A2,8,7.35366459841832,0.1753894658740723,0.1221619641678311,MRO-10047;MRO-10046;MRO-10045,MRO-10047;MRO-10046;MRO-10045,EOT Crane,DHR-03,calibration,12,risk,risk,approved_on_validation,우선 점검 후보
2024-05-20,AST-5007,A2,2,5.726459875488443,0.0884665952050986,0.0543847112889624,MRO-10045;MRO-10046;MRO-50009,MRO-10045;MRO-10046;MRO-50009,EOT Crane,PUN-01,calibration,12,caution,caution,approved_on_validation,우선 점검 후보
2024-05-21,AST-1041,A2,4,5.99142300860406,0.101308139117604,0.0634324148039612,MRO-50009;MRO-80001;MRO-10046,MRO-50009;MRO-80001;MRO-10046,CNC Lathe,PUN-01,calibration,12,caution,risk,approved_on_validation,우선 점검 후보
2024-05-21,AST-1042,A2,23,6.990177392385897,0.1490015470740937,0.1035111490145972,MRO-20031;MRO-20033;MRO-10047,MRO-20031;MRO-10047;MRO-50009,CNC Lathe,PUN-01,calibration,12,high_risk,risk,approved_on_validation,우선 점검 후보
2024-05-21,AST-2017,A2,9,8.227559345784636,0.236595832281389,0.1704334139726154,MRO-80001;MRO-10047;MRO-10046,MRO-80001;MRO-10047;MRO-10046,Hydraulic Press,PUN-01,calibration,12,risk,risk,approved_on_validation,우선 점검 후보
2024-05-21,AST-2031,A2,2,7.14532495048529,0.1635621481723275,0.1121046856341144,MRO-20031;MRO-10046;MRO-80001,MRO-20031;MRO-10046;MRO-80001,Hydraulic Press,CHN-02,calibration,12,caution,risk,approved_on_validation,우선 점검 후보
2024-05-21,AST-3008,A2,2,6.335254526917237,0.1178627841298672,0.0767317694747638,MRO-10045;MRO-20031;MRO-80001,MRO-10045;MRO-20031;MRO-80001,Belt Conveyor,CHN-02,calibration,12,caution,risk,approved_on_validation,우선 점검 후보
2024-05-21,AST-3019,A2,2,5.956173028010321,0.0975450215596785,0.0617982381189166,MRO-40022;MRO-10047;MRO-50009,MRO-10047;MRO-50009;MRO-10046,Belt Conveyor,CHN-02,calibration,12,caution,risk,approved_on_validation,우선 점검 후보
2024-05-21,AST-4055,A2,2,8.256047525549992,0.2369248535396013,0.1693152113554231,MRO-20031;MRO-60015;MRO-10046,MRO-20031;MRO-10046;MRO-10045,Screw Compressor,DHR-03,calibration,12,caution,risk,approved_on_validation,우선 점검 후보
2024-05-21,AST-4061,A2,10,6.3763890915887975,0.1205711297851564,0.0780857030062482,MRO-40022;MRO-10045;MRO-10046,MRO-10045;MRO-10046;MRO-80001,Screw Compressor,DHR-03,calibration,12,risk,risk,approved_on_validation,우선 점검 후보
2024-05-21,AST-5003,A2,8,7.247898148177639,0.1691298235180365,0.1160509981318699,MRO-10047;MRO-20031;MRO-10046,MRO-10047;MRO-20031;MRO-10046,EOT Crane,DHR-03,calibration,12,risk,risk,approved_on_validation,우선 점검 후보
2024-05-21,AST-5007,A2,5,5.5154336255318475,0.0768415100227072,0.0468956791905928,MRO-40022;MRO-10045;MRO-10046,MRO-10045;MRO-10046;MRO-50009,EOT Crane,PUN-01,calibration,12,caution,caution,approved_on_validation,우선 점검 후보
2024-05-22,AST-1041,A2,2,6.162240630604576,0.1090192252054207,0.0698208165277389,MRO-20031;MRO-10046;MRO-50009,MRO-20031;MRO-10046;MRO-50009,CNC Lathe,PUN-01,calibration,12,caution,risk,approved_on_validation,우선 점검 후보
2024-05-22,AST-1042,A2,11,6.161856859135904,0.109923895020072,0.069186027415823,MRO-10046;MRO-20031;MRO-10047,MRO-10046;MRO-20031;MRO-10047,CNC Lathe,PUN-01,calibration,12,risk,risk,approved_on_validation,우선 점검 후보
2024-05-22,AST-2017,A2,4,8.576190825147375,0.262324104057477,0.1918653194369998,MRO-50009;MRO-80001;MRO-10046,MRO-50009;MRO-80001;MRO-10046,Hydraulic Press,PUN-01,calibration,12,caution,risk,approved_on_validation,우선 점검 후보
2024-05-22,AST-2031,A2,4,7.186446740305461,0.166833513076778,0.1143777397671961,MRO-80001;MRO-20031;MRO-10046,MRO-80001;MRO-20031;MRO-10046,Hydraulic Press,CHN-02,calibration,12,caution,risk,approved_on_validation,우선 점검 후보
2024-05-22,AST-3008,A2,3,6.0028185363249085,0.0996916801862702,0.0640785334258526,MRO-80001;MRO-50009;MRO-20031,MRO-80001;MRO-50009;MRO-20031,Belt Conveyor,CHN-02,calibration,12,caution,risk,approved_on_validation,우선 점검 후보
2024-05-22,AST-3019,A2,6,5.188434458899753,0.067917021877584,0.0398136744507161,MRO-10047;MRO-50009;MRO-20031,MRO-10047;MRO-50009;MRO-20031,Belt Conveyor,CHN-02,calibration,12,risk,caution,approved_on_validation,우선 점검 후보
2024-05-22,AST-4055,A2,1,7.660355039761315,0.1981323888555473,0.1374064574183558,MRO-10046;MRO-20031;MRO-10045,MRO-10046;MRO-20031;MRO-10045,Screw Compressor,DHR-03,calibration,12,caution,risk,approved_on_validation,우선 점검 후보
2024-05-22,AST-4061,A2,12,6.5121276693543475,0.1284479307998925,0.083841331677777,MRO-10045;MRO-10046;MRO-20031,MRO-10045;MRO-10046;MRO-20031,Screw Compressor,DHR-03,calibration,12,high_risk,risk,approved_on_validation,우선 점검 후보
2024-05-22,AST-5003,A2,2,7.908209215278315,0.2095113390446936,0.1515748962903004,MRO-10046;MRO-10047;MRO-20031,MRO-10046;MRO-10047;MRO-20031,EOT Crane,DHR-03,calibration,12,caution,risk,approved_on_validation,우선 점검 후보
2024-05-22,AST-5007,A2,10,5.3928599386188845,0.0720176770160479,0.043696062328654,MRO-10045;MRO-10046;MRO-50009,MRO-10045;MRO-10046;MRO-50009,EOT Crane,PUN-01,calibration,12,risk,caution,approved_on_validation,우선 점검 후보
2024-05-23,AST-1041,A2,10,6.2198945137461585,0.1126384490055286,0.0725827638701549,MRO-20031;MRO-10046;MRO-50009,MRO-20031;MRO-10046;MRO-50009,CNC Lathe,PUN-01,calibration,12,risk,risk,approved_on_validation,우선 점검 후보
2024-05-23,AST-1042,A2,10,6.188401064175057,0.1123300179745732,0.0712278742979279,MRO-10046;MRO-10047;MRO-80001,MRO-10046;MRO-10047;MRO-80001,CNC Lathe,PUN-01,calibration,12,risk,risk,approved_on_validation,우선 점검 후보
2024-05-23,AST-2017,A2,14,7.029299790567972,0.1554010640199984,0.1053360614984827,MRO-20031;MRO-10046;MRO-80001,MRO-20031;MRO-10046;MRO-80001,Hydraulic Press,PUN-01,calibration,12,high_risk,risk,approved_on_validation,우선 점검 후보
2024-05-23,AST-2031,A2,11,7.337120347260169,0.173313633275655,0.1215753054243859,MRO-10047;MRO-90011;MRO-40021,MRO-10047;MRO-50009;MRO-10046,Hydraulic Press,CHN-02,calibration,12,risk,risk,approved_on_validation,우선 점검 후보
2024-05-23,AST-3008,A2,0,6.090739831728061,0.1051422415571924,0.0667910016652576,MRO-10045;MRO-20031;MRO-80001,MRO-10045;MRO-20031;MRO-80001,Belt Conveyor,CHN-02,calibration,12,normal,risk,approved_on_validation,우선 점검 후보
2024-05-23,AST-3019,A2,6,5.417743032580286,0.0753941557621206,0.0455660382383572,MRO-50009;MRO-10047;MRO-20031,MRO-50009;MRO-10047;MRO-20031,Belt Conveyor,CHN-02,calibration,12,risk,caution,approved_on_validation,우선 점검 후보
2024-05-23,AST-4055,A2,7,7.649981957192124,0.1988214523691667,0.1367285364753591,MRO-10046;MRO-20031;MRO-10045,MRO-10046;MRO-20031;MRO-10045,Screw Compressor,DHR-03,calibration,12,risk,risk,approved_on_validation,우선 점검 후보
2024-05-23,AST-4061,A2,8,6.900762875244703,0.150829124003321,0.1001338064408449,MRO-10046;MRO-80001;MRO-10045,MRO-10046;MRO-80001;MRO-10045,Screw Compressor,DHR-03,calibration,12,risk,risk,approved_on_validation,우선 점검 후보
2024-05-23,AST-5003,A2,11,7.840053491949795,0.2071430590622209,0.1473776882304383,MRO-10047;MRO-20031;MRO-10046,MRO-10047;MRO-20031;MRO-10046,EOT Crane,DHR-03,calibration,12,risk,risk,approved_on_validation,우선 점검 후보
2024-05-23,AST-5007,A2,0,5.079812676445799,0.0605945176202751,0.0356991748507454,MRO-50009;MRO-20031;MRO-10045,MRO-50009;MRO-20031;MRO-10045,EOT Crane,PUN-01,calibration,12,normal,caution,approved_on_validation,우선 점검 후보
2024-05-24,AST-1041,A2,6,6.611444486445442,0.1322657324309626,0.0869163974654405,MRO-10045;MRO-20031;MRO-10046,MRO-10045;MRO-20031;MRO-10046,CNC Lathe,PUN-01,calibration,12,risk,risk,approved_on_validation,우선 점검 후보
2024-05-24,AST-1042,A2,4,6.164664859176095,0.109213130274243,0.0692856904979987,MRO-40022;MRO-10046;MRO-10047,MRO-10046;MRO-10047;MRO-80001,CNC Lathe,PUN-01,calibration,12,caution,risk,approved_on_validation,우선 점검 후보
2024-05-24,AST-2017,A2,12,8.714093626388538,0.2698091271078262,0.2010763861934437,MRO-10045;MRO-50009;MRO-80001,MRO-10045;MRO-50009;MRO-80001,Hydraulic Press,PUN-01,calibration,12,high_risk,risk,approved_on_validation,우선 점검 후보
2024-05-24,AST-2031,A2,3,7.0111178076008365,0.1556345206725174,0.1061032039336258,MRO-10045;MRO-50009;MRO-10047,MRO-10045;MRO-50009;MRO-10047,Hydraulic Press,CHN-02,calibration,12,caution,risk,approved_on_validation,우선 점검 후보
2024-05-24,AST-3008,A2,4,6.271058881535579,0.1135877850340206,0.0743912081723531,MRO-80001;MRO-20031;MRO-50009,MRO-80001;MRO-20031;MRO-50009,Belt Conveyor,CHN-02,calibration,12,caution,risk,approved_on_validation,우선 점검 후보
2024-05-24,AST-3019,A2,2,5.383087523765079,0.0746561415806841,0.044406775631337,MRO-50009;MRO-10046;MRO-10047,MRO-50009;MRO-10046;MRO-10047,Belt Conveyor,CHN-02,calibration,12,caution,caution,approved_on_validation,우선 점검 후보
2024-05-24,AST-4055,A2,9,10.83135895908559,0.4327852235939123,0.3497461085797708,MRO-10047;MRO-50009;MRO-40021,MRO-10047;MRO-50009;MRO-80001,Screw Compressor,DHR-03,calibration,12,risk,high_risk,approved_on_validation,우선 점검 후보
2024-05-24,AST-4061,A2,10,6.553271567152461,0.1318643574616921,0.0846501181402256,MRO-10046;MRO-20031;MRO-10045,MRO-10046;MRO-20031;MRO-10045,Screw Compressor,DHR-03,calibration,12,risk,risk,approved_on_validation,우선 점검 후보
2024-05-24,AST-5003,A2,9,7.566571475937566,0.1901792727958368,0.1320951798030769,MRO-10045;MRO-10046;MRO-10047,MRO-10045;MRO-10046;MRO-10047,EOT Crane,DHR-03,calibration,12,risk,risk,approved_on_validation,우선 점검 후보
2024-05-24,AST-5007,A2,5,5.4439892747943555,0.07596144939811,0.0456000259717626,MRO-50009;MRO-20031;MRO-80001,MRO-50009;MRO-20031;MRO-80001,EOT Crane,PUN-01,calibration,12,caution,caution,approved_on_validation,우선 점검 후보
2024-05-25,AST-1041,A2,0,0.0031314397973731,6.8794206703961306e-12,6.316282742618438e-15,MRO-50009;MRO-10046;MRO-10047,MRO-50009;MRO-10046;MRO-10047,CNC Lathe,PUN-01,calibration,12,normal,normal,approved_on_validation,우선 점검 후보
2024-05-25,AST-1042,A2,0,0.0029252602658992,4.845911350324271e-12,4.4351768396372054e-15,MRO-10045;MRO-10046;MRO-10047,MRO-10045;MRO-10046;MRO-10047,CNC Lathe,PUN-01,calibration,12,normal,normal,approved_on_validation,우선 점검 후보
2024-05-25,AST-2017,A2,0,0.0033479112830938,7.670932848619553e-12,7.901084551966993e-15,MRO-80001;MRO-10045;MRO-50009,MRO-80001;MRO-10045;MRO-50009,Hydraulic Press,PUN-01,calibration,12,normal,normal,approved_on_validation,우선 점검 후보
2024-05-25,AST-2031,A2,0,0.0032178926415139,6.480530042502839e-12,6.517886379228245e-15,MRO-10046;MRO-10047;MRO-20031,MRO-10046;MRO-10047;MRO-20031,Hydraulic Press,CHN-02,calibration,12,normal,normal,approved_on_validation,우선 점검 후보
2024-05-25,AST-3008,A2,0,0.0032347747827439,6.615700212574307e-12,6.670513237983801e-15,MRO-10045;MRO-10046;MRO-10047,MRO-10045;MRO-10046;MRO-10047,Belt Conveyor,CHN-02,calibration,12,normal,normal,approved_on_validation,우선 점검 후보
2024-05-25,AST-3019,A2,0,0.0032234359032448,6.519304355736761e-12,6.56687061704153e-15,MRO-10045;MRO-10047;MRO-20031,MRO-10045;MRO-10047;MRO-20031,Belt Conveyor,CHN-02,calibration,12,normal,normal,approved_on_validation,우선 점검 후보
2024-05-25,AST-4055,A2,0,0.0032192012013906,6.577788000959281e-12,6.567099475841969e-15,MRO-10045;MRO-10047;MRO-80001,MRO-10045;MRO-10047;MRO-80001,Screw Compressor,DHR-03,calibration,12,normal,normal,approved_on_validation,우선 점검 후보
2024-05-25,AST-4061,A2,0,0.0032782415046781,6.80429387694709e-12,6.977899910045768e-15,MRO-50009;MRO-40021;MRO-60016,MRO-50009;MRO-10045;MRO-10047,Screw Compressor,DHR-03,calibration,12,normal,normal,approved_on_validation,우선 점검 후보
2024-05-25,AST-5003,A2,0,0.0033076416118547,6.522939863808549e-12,6.845992796439594e-15,MRO-50008;MRO-20033;MRO-30011,MRO-10046;MRO-10047;MRO-20031,EOT Crane,DHR-03,calibration,12,normal,normal,approved_on_validation,우선 점검 후보
2024-05-25,AST-5007,A2,0,0.0032481579888299,6.574522549727004e-12,6.684232739869238e-15,MRO-30011;MRO-50008;MRO-90012,MRO-10045;MRO-10046;MRO-10047,EOT Crane,PUN-01,calibration,12,normal,normal,approved_on_validation,우선 점검 후보
2024-05-26,AST-1041,A2,0,0.0031318962881944,6.892286045697462e-12,6.317720681490516e-15,MRO-50009;MRO-10045;MRO-10046,MRO-50009;MRO-10045;MRO-10046,CNC Lathe,PUN-01,calibration,12,normal,normal,approved_on_validation,우선 점검 후보
2024-05-26,AST-1042,A2,0,0.002925898846997,4.849556526453248e-12,4.439207842419104e-15,MRO-10046;MRO-10047;MRO-20031,MRO-10046;MRO-10047;MRO-20031,CNC Lathe,PUN-01,calibration,12,normal,normal,approved_on_validation,우선 점검 후보
2024-05-26,AST-2017,A2,0,0.0032652715866045,6.712786872456621e-12,6.880922854325566e-15,MRO-50008;MRO-20032;MRO-90011,MRO-10046;MRO-20031;MRO-10045,Hydraulic Press,PUN-01,calibration,12,normal,normal,approved_on_validation,우선 점검 후보
2024-05-26,AST-2031,A2,0,0.0032239637729925,6.53936155763935e-12,6.582889234527892e-15,MRO-10045;MRO-10046;MRO-10047,MRO-10045;MRO-10046;MRO-10047,Hydraulic Press,CHN-02,calibration,12,normal,normal,approved_on_validation,우선 점검 후보
2024-05-26,AST-3008,A2,0,0.0032358424841528,6.615706063961813e-12,6.676592702774053e-15,MRO-10045;MRO-10046;MRO-10047,MRO-10045;MRO-10046;MRO-10047,Belt Conveyor,CHN-02,calibration,12,normal,normal,approved_on_validation,우선 점검 후보
2024-05-26,AST-3019,A2,0,0.0032965854474433,6.533260578416237e-12,7.047628208516666e-15,MRO-20032;MRO-10045;MRO-10046,MRO-10045;MRO-10046;MRO-10047,Belt Conveyor,CHN-02,calibration,12,normal,normal,approved_on_validation,우선 점검 후보
2024-05-26,AST-4055,A2,0,0.0032216418444249,6.5955038390530555e-12,6.5884406934124696e-15,MRO-10045;MRO-10046;MRO-10047,MRO-10045;MRO-10046;MRO-10047,Screw Compressor,DHR-03,calibration,12,normal,normal,approved_on_validation,우선 점검 후보
2024-05-26,AST-4061,A2,0,0.0032292753837609,6.5223674002543664e-12,6.5690245539235444e-15,MRO-10045;MRO-10046;MRO-10047,MRO-10045;MRO-10046;MRO-10047,Screw Compressor,DHR-03,calibration,12,normal,normal,approved_on_validation,우선 점검 후보
2024-05-26,AST-5003,A2,0,0.0033763159705964,8.319430922061583e-12,8.404575904125776e-15,MRO-50009;MRO-10045;MRO-10046,MRO-50009;MRO-10045;MRO-10046,EOT Crane,DHR-03,calibration,12,normal,normal,approved_on_validation,우선 점검 후보
2024-05-26,AST-5007,A2,0,0.0029481489729349,4.8549562196247384e-12,4.507008500057818e-15,MRO-30011;MRO-50008;MRO-90012,MRO-10045;MRO-10046;MRO-10047,EOT Crane,PUN-01,calibration,12,normal,normal,approved_on_validation,우선 점검 후보
2024-05-27,AST-1041,A2,6,6.198983911660148,0.1127986081046704,0.0715541734436583,MRO-50009;MRO-20031;MRO-10045,MRO-50009;MRO-20031;MRO-10045,CNC Lathe,PUN-01,calibration,12,risk,risk,approved_on_validation,우선 점검 후보
2024-05-27,AST-1042,A2,8,6.523874353115746,0.1258654546556851,0.0837675859461354,MRO-10045;MRO-10046;MRO-10047,MRO-10045;MRO-10046;MRO-10047,CNC Lathe,PUN-01,calibration,12,risk,risk,approved_on_validation,우선 점검 후보
2024-05-27,AST-2017,A2,13,7.742381533073656,0.1999149128887008,0.1415467521718426,MRO-80001;MRO-20031;MRO-50009,MRO-80001;MRO-20031;MRO-50009,Hydraulic Press,PUN-01,calibration,12,high_risk,risk,approved_on_validation,우선 점검 후보
2024-05-27,AST-2031,A2,13,7.369282453993606,0.1768199947396355,0.1238865844848503,MRO-10046;MRO-50009;MRO-10045,MRO-10046;MRO-50009;MRO-10045,Hydraulic Press,CHN-02,calibration,12,high_risk,risk,approved_on_validation,우선 점검 후보
2024-05-27,AST-3008,A2,4,6.368648228739,0.1160444612085343,0.0758090772615105,MRO-40021;MRO-30012;MRO-30011,MRO-10046;MRO-10047;MRO-10045,Belt Conveyor,CHN-02,calibration,12,caution,risk,approved_on_validation,우선 점검 후보
2024-05-27,AST-3019,A2,10,5.480846222213089,0.0779510218242352,0.0474193190581624,MRO-50009;MRO-10046;MRO-10047,MRO-50009;MRO-10046;MRO-10047,Belt Conveyor,CHN-02,calibration,12,risk,caution,approved_on_validation,우선 점검 후보
2024-05-27,AST-4055,A2,11,8.995302713879418,0.2933989942339512,0.2170100642540275,MRO-10046;MRO-50009;MRO-20031,MRO-10046;MRO-50009;MRO-20031,Screw Compressor,DHR-03,calibration,12,risk,risk,approved_on_validation,우선 점검 후보
2024-05-27,AST-4061,A2,4,6.575311753969087,0.1316806514746762,0.0865350919625254,MRO-10047;MRO-10046;MRO-10045,MRO-10047;MRO-10046;MRO-10045,Screw Compressor,DHR-03,calibration,12,caution,risk,approved_on_validation,우선 점검 후보
2024-05-27,AST-5003,A2,16,8.092391846767947,0.2244372694019009,0.1615232287486161,MRO-10045;MRO-50009;MRO-10046,MRO-10045;MRO-50009;MRO-10046,EOT Crane,DHR-03,calibration,12,high_risk,risk,approved_on_validation,우선 점검 후보
2024-05-27,AST-5007,A2,2,5.792330045069739,0.0918465920187668,0.0566744324531701,MRO-80001;MRO-50009;MRO-20031,MRO-80001;MRO-50009;MRO-20031,EOT Crane,PUN-01,calibration,12,caution,caution,approved_on_validation,우선 점검 후보
2024-05-28,AST-1041,A2,2,6.86642585664317,0.1510684011832296,0.1005056540216894,MRO-50009;MRO-20031;MRO-80001,MRO-50009;MRO-20031;MRO-80001,CNC Lathe,PUN-01,calibration,12,caution,risk,approved_on_validation,우선 점검 후보
2024-05-28,AST-1042,A2,2,5.861031580442347,0.0946927914419731,0.0588626886032355,MRO-10045;MRO-20031;MRO-50009,MRO-10045;MRO-20031;MRO-50009,CNC Lathe,PUN-01,calibration,12,caution,risk,approved_on_validation,우선 점검 후보
2024-05-28,AST-2017,A2,7,7.176354813368598,0.1634585605307767,0.1116234290801332,MRO-80001;MRO-10047;MRO-10045,MRO-80001;MRO-10047;MRO-10045,Hydraulic Press,PUN-01,calibration,12,risk,risk,approved_on_validation,우선 점검 후보
2024-05-28,AST-2031,A2,7,7.139303676997333,0.1647175892762533,0.1117562869534115,MRO-10045;MRO-10047;MRO-10046,MRO-10045;MRO-10047;MRO-10046,Hydraulic Press,CHN-02,calibration,12,risk,risk,approved_on_validation,우선 점검 후보
2024-05-28,AST-3008,A2,4,6.278078684484424,0.1149683624319941,0.0739315287363369,MRO-10045;MRO-20031;MRO-80001,MRO-10045;MRO-20031;MRO-80001,Belt Conveyor,CHN-02,calibration,12,caution,risk,approved_on_validation,우선 점검 후보
2024-05-28,AST-3019,A2,5,5.25835197641636,0.0702793237554795,0.0416696731692083,MRO-10045;MRO-10046;MRO-50009,MRO-10045;MRO-10046;MRO-50009,Belt Conveyor,CHN-02,calibration,12,caution,caution,approved_on_validation,우선 점검 후보
2024-05-28,AST-4055,A2,17,7.813498630966454,0.2095654716402885,0.1454570937712402,MRO-50009;MRO-10045;MRO-10046,MRO-50009;MRO-10045;MRO-10046,Screw Compressor,DHR-03,calibration,12,high_risk,risk,approved_on_validation,우선 점검 후보
2024-05-28,AST-4061,A2,7,6.750172020787022,0.1411947432685237,0.093074115331855,MRO-10047;MRO-50009;MRO-10046,MRO-10047;MRO-50009;MRO-10046,Screw Compressor,DHR-03,calibration,12,risk,risk,approved_on_validation,우선 점검 후보
2024-05-28,AST-5003,A2,17,8.038615374122095,0.221829335374995,0.1594399473751487,MRO-10047;MRO-50009;MRO-80001,MRO-10047;MRO-50009;MRO-80001,EOT Crane,DHR-03,calibration,12,high_risk,risk,approved_on_validation,우선 점검 후보
2024-05-28,AST-5007,A2,8,5.837415882390328,0.0921393946915715,0.0573966459453661,MRO-40022;MRO-50009;MRO-10045,MRO-50009;MRO-10045;MRO-20031,EOT Crane,PUN-01,calibration,12,risk,caution,approved_on_validation,우선 점검 후보
2024-05-29,AST-1041,A2,4,6.597234796103287,0.1373682060211373,0.0881731209517382,MRO-50009;MRO-20031;MRO-80001,MRO-50009;MRO-20031;MRO-80001,CNC Lathe,PUN-01,calibration,12,caution,risk,approved_on_validation,우선 점검 후보
2024-05-29,AST-1042,A2,6,6.144581220626836,0.1111124980361474,0.0686964716969563,MRO-10045;MRO-20031;MRO-50009,MRO-10045;MRO-20031;MRO-50009,CNC Lathe,PUN-01,calibration,12,risk,risk,approved_on_validation,우선 점검 후보
2024-05-29,AST-2017,A2,10,9.12582490382561,0.3043660676845236,0.2266838449036707,MRO-50009;MRO-80001;MRO-20031,MRO-50009;MRO-80001;MRO-20031,Hydraulic Press,PUN-01,calibration,12,risk,risk,approved_on_validation,우선 점검 후보
2024-05-29,AST-2031,A2,6,7.327068336664528,0.1766678232297426,0.1206810605737203,MRO-50009;MRO-10045;MRO-10047,MRO-50009;MRO-10045;MRO-10047,Hydraulic Press,CHN-02,calibration,12,risk,risk,approved_on_validation,우선 점검 후보
2024-05-29,AST-3008,A2,4,6.381264793835995,0.1200358729041731,0.0784265721149112,MRO-10045;MRO-20031;MRO-80001,MRO-10045;MRO-20031;MRO-80001,Belt Conveyor,CHN-02,calibration,12,caution,risk,approved_on_validation,우선 점검 후보
2024-05-29,AST-3019,A2,0,5.779945119680231,0.090192123921331,0.056436804342151,MRO-10045;MRO-10046;MRO-50009,MRO-10045;MRO-10046;MRO-50009,Belt Conveyor,CHN-02,calibration,12,normal,caution,approved_on_validation,우선 점검 후보
2024-05-29,AST-4055,A2,7,8.226910812489832,0.2381667429582659,0.1688914614824603,MRO-10047;MRO-10045;MRO-50009,MRO-10047;MRO-10045;MRO-50009,Screw Compressor,DHR-03,calibration,12,risk,risk,approved_on_validation,우선 점검 후보
2024-05-29,AST-4061,A2,5,7.58622935311493,0.1916540486580421,0.133302737903054,MRO-80001;MRO-10047;MRO-10045,MRO-80001;MRO-10047;MRO-10045,Screw Compressor,DHR-03,calibration,12,caution,risk,approved_on_validation,우선 점검 후보
2024-05-29,AST-5003,A2,9,7.513257208384129,0.1849438328020895,0.1289846523406488,MRO-10046;MRO-30012;MRO-10047,MRO-10046;MRO-10047;MRO-50009,EOT Crane,DHR-03,calibration,12,risk,risk,approved_on_validation,우선 점검 후보
2024-05-29,AST-5007,A2,9,4.70900650770573,0.0467056473757335,0.0263804049637364,MRO-40022;MRO-10045;MRO-60016,MRO-10045;MRO-50009;MRO-20031,EOT Crane,PUN-01,calibration,12,risk,caution,approved_on_validation,우선 점검 후보
2024-05-30,AST-1041,A2,11,6.365402184418317,0.1180284165084903,0.0779125616389746,MRO-10045;MRO-80001;MRO-50009,MRO-10045;MRO-80001;MRO-50009,CNC Lathe,PUN-01,calibration,12,risk,risk,approved_on_validation,우선 점검 후보
2024-05-30,AST-1042,A2,10,6.083348457711981,0.1054228824277587,0.0671107474424833,MRO-20031;MRO-50009;MRO-10045,MRO-20031;MRO-50009;MRO-10045,CNC Lathe,PUN-01,calibration,12,risk,risk,approved_on_validation,우선 점검 후보
2024-05-30,AST-2017,A2,15,8.442380463033144,0.2522290683137855,0.1833304414671172,MRO-80001;MRO-20031;MRO-10045,MRO-80001;MRO-20031;MRO-10045,Hydraulic Press,PUN-01,calibration,12,high_risk,risk,approved_on_validation,우선 점검 후보
2024-05-30,AST-2031,A2,2,7.340987810565887,0.1767939704632076,0.121810516008634,MRO-10046;MRO-50009;MRO-10045,MRO-10046;MRO-50009;MRO-10045,Hydraulic Press,CHN-02,calibration,12,caution,risk,approved_on_validation,우선 점검 후보
2024-05-30,AST-3008,A2,9,6.213174795978485,0.1123189516758609,0.0716547818671555,MRO-80001;MRO-10045;MRO-20031,MRO-80001;MRO-10045;MRO-20031,Belt Conveyor,CHN-02,calibration,12,risk,risk,approved_on_validation,우선 점검 후보
2024-05-30,AST-3019,A2,1,5.462774424127967,0.0779240867807047,0.0468817958316457,MRO-10045;MRO-10046;MRO-50009,MRO-10045;MRO-10046;MRO-50009,Belt Conveyor,CHN-02,calibration,12,caution,caution,approved_on_validation,우선 점검 후보
2024-05-30,AST-4055,A2,4,8.140340622316362,0.2325886492978651,0.1655469839897235,MRO-10047;MRO-80001;MRO-50009,MRO-10047;MRO-80001;MRO-50009,Screw Compressor,DHR-03,calibration,12,caution,risk,approved_on_validation,우선 점검 후보
2024-05-30,AST-4061,A2,1,6.186483591773481,0.1102730838116322,0.0703983464986107,MRO-10047;MRO-80001;MRO-30011,MRO-10047;MRO-80001;MRO-10046,Screw Compressor,DHR-03,calibration,12,caution,risk,approved_on_validation,우선 점검 후보
2024-05-30,AST-5003,A2,8,7.401286733763442,0.1787628678077352,0.1249146077133312,MRO-10046;MRO-50009;MRO-10047,MRO-10046;MRO-50009;MRO-10047,EOT Crane,DHR-03,calibration,12,risk,risk,approved_on_validation,우선 점검 후보
2024-05-30,AST-5007,A2,2,5.462375717708478,0.0753386760718889,0.0457994545610341,MRO-40022;MRO-10046;MRO-10045,MRO-10046;MRO-10045;MRO-80001,EOT Crane,PUN-01,calibration,12,caution,caution,approved_on_validation,우선 점검 후보
2024-05-31,AST-1041,A2,2,5.681798672058809,0.0829013420610021,0.0526949823846863,MRO-20032;MRO-50009;MRO-10045,MRO-50009;MRO-10045;MRO-80001,CNC Lathe,PUN-01,calibration,12,caution,caution,approved_on_validation,우선 점검 후보
2024-05-31,AST-1042,A2,0,5.955405766563076,0.1001429202132902,0.0625381485973117,MRO-20031;MRO-50009;MRO-10045,MRO-20031;MRO-50009;MRO-10045,CNC Lathe,PUN-01,calibration,12,normal,risk,approved_on_validation,우선 점검 후보
2024-05-31,AST-2017,A2,15,8.49103858752929,0.2553377470336186,0.1870773871031137,MRO-80001;MRO-10045;MRO-10047,MRO-80001;MRO-10045;MRO-10047,Hydraulic Press,PUN-01,calibration,12,high_risk,risk,approved_on_validation,우선 점검 후보
2024-05-31,AST-2031,A2,8,7.362667061578134,0.1782025841120045,0.1229394174825492,MRO-10046;MRO-50009;MRO-10045,MRO-10046;MRO-50009;MRO-10045,Hydraulic Press,CHN-02,calibration,12,risk,risk,approved_on_validation,우선 점검 후보
2024-05-31,AST-3008,A2,5,6.371889715574728,0.1197199099145909,0.0781022891622943,MRO-80001;MRO-10047;MRO-10045,MRO-80001;MRO-10047;MRO-10045,Belt Conveyor,CHN-02,calibration,12,caution,risk,approved_on_validation,우선 점검 후보
2024-05-31,AST-3019,A2,9,5.42361827027868,0.0779221231751865,0.0463910221371732,MRO-10046;MRO-10045;MRO-10047,MRO-10046;MRO-10045;MRO-10047,Belt Conveyor,CHN-02,calibration,12,risk,caution,approved_on_validation,우선 점검 후보
2024-05-31,AST-4055,A2,2,8.024333153064706,0.2220537323601336,0.1582470706276188,MRO-10045;MRO-50009;MRO-10046,MRO-10045;MRO-50009;MRO-10046,Screw Compressor,DHR-03,calibration,12,caution,risk,approved_on_validation,우선 점검 후보
2024-05-31,AST-4061,A2,13,6.428239949396103,0.1231280882876889,0.080221380715646,MRO-10047;MRO-80001;MRO-50009,MRO-10047;MRO-80001;MRO-50009,Screw Compressor,DHR-03,calibration,12,high_risk,risk,approved_on_validation,우선 점검 후보
2024-05-31,AST-5003,A2,8,7.778633020425583,0.2023829114496235,0.1440885610212995,MRO-20031;MRO-10046;MRO-10047,MRO-20031;MRO-10046;MRO-10047,EOT Crane,DHR-03,calibration,12,risk,risk,approved_on_validation,우선 점검 후보
2024-05-31,AST-5007,A2,6,5.78043658752177,0.0914527301843348,0.0566575882055921,MRO-10046;MRO-80001;MRO-10045,MRO-10046;MRO-80001;MRO-10045,EOT Crane,PUN-01,calibration,12,risk,caution,approved_on_validation,우선 점검 후보
2024-06-01,AST-1041,A2,0,0.0032306950148394,6.544598564106165e-12,6.606291709830878e-15,MRO-10045;MRO-10046;MRO-10047,MRO-10045;MRO-10046;MRO-10047,CNC Lathe,PUN-01,calibration,12,normal,normal,approved_on_validation,우선 점검 후보
2024-06-01,AST-1042,A2,0,0.0032360327366498,6.560333069406622e-12,6.641586153524733e-15,MRO-10045;MRO-10046;MRO-10047,MRO-10045;MRO-10046;MRO-10047,CNC Lathe,PUN-01,calibration,12,normal,normal,approved_on_validation,우선 점검 후보
2024-06-01,AST-2017,A2,0,0.0034562322200177,8.287468650043217e-12,8.783879104177508e-15,MRO-50009;MRO-60015;MRO-40021,MRO-50009;MRO-10046;MRO-10045,Hydraulic Press,PUN-01,calibration,12,normal,normal,approved_on_validation,우선 점검 후보
2024-06-01,AST-2031,A2,0,0.003231955574194,6.504566246014782e-12,6.584673899245505e-15,MRO-40021;MRO-10045;MRO-10047,MRO-10045;MRO-10047;MRO-50009,Hydraulic Press,CHN-02,calibration,12,normal,normal,approved_on_validation,우선 점검 후보
2024-06-01,AST-3008,A2,0,0.0032235533463246,6.601565516943902e-12,6.593691727387504e-15,MRO-10045;MRO-10046;MRO-20031,MRO-10045;MRO-10046;MRO-20031,Belt Conveyor,CHN-02,calibration,12,normal,normal,approved_on_validation,우선 점검 후보
2024-06-01,AST-3019,A2,0,0.0033279008557863,6.844794247339017e-12,7.42441893706055e-15,MRO-70004;MRO-10045;MRO-50009,MRO-10045;MRO-50009;MRO-10046,Belt Conveyor,CHN-02,calibration,12,normal,normal,approved_on_validation,우선 점검 후보
2024-06-01,AST-4055,A2,0,0.0032419836954785,6.565138595622257e-12,6.6687111089065505e-15,MRO-10045;MRO-10047;MRO-50009,MRO-10045;MRO-10047;MRO-50009,Screw Compressor,DHR-03,calibration,12,normal,normal,approved_on_validation,우선 점검 후보
2024-06-01,AST-4061,A2,0,0.0032257112230402,6.539055144911939e-12,6.567809951671945e-15,MRO-10046;MRO-10047;MRO-20031,MRO-10046;MRO-10047;MRO-20031,Screw Compressor,DHR-03,calibration,12,normal,normal,approved_on_validation,우선 점검 후보
2024-06-01,AST-5003,A2,0,0.0034188217644065,8.063694499015026e-12,8.40178826644985e-15,MRO-20033;MRO-10046;MRO-10045,MRO-10046;MRO-10045;MRO-10047,EOT Crane,DHR-03,calibration,12,normal,normal,approved_on_validation,우선 점검 후보
2024-06-01,AST-5007,A2,0,0.0031760137590732,6.133965712335757e-12,6.084322393815329e-15,MRO-40022;MRO-10045;MRO-10046,MRO-10045;MRO-10046;MRO-10047,EOT Crane,PUN-01,calibration,12,normal,normal,approved_on_validation,우선 점검 후보
2024-06-02,AST-1041,A2,0,0.0029254429981957,4.854701246879531e-12,4.439222112399746e-15,MRO-10045;MRO-10046;MRO-10047,MRO-10045;MRO-10046;MRO-10047,CNC Lathe,PUN-01,calibration,12,normal,normal,approved_on_validation,우선 점검 후보
2024-06-02,AST-1042,A2,0,0.0032374950841513,6.57426595305282e-12,6.656891028703966e-15,MRO-10045;MRO-10046;MRO-10047,MRO-10045;MRO-10046;MRO-10047,CNC Lathe,PUN-01,calibration,12,normal,normal,approved_on_validation,우선 점검 후보
2024-06-02,AST-2017,A2,0,0.0032777156265654,7.120379970153246e-12,7.196402735037962e-15,MRO-50009;MRO-10045;MRO-10047,MRO-50009;MRO-10045;MRO-10047,Hydraulic Press,PUN-01,calibration,12,normal,normal,approved_on_validation,우선 점검 후보
2024-06-02,AST-2031,A2,0,0.0032208550312166,6.4805682323234184e-12,6.530677207471354e-15,MRO-10045;MRO-10047;MRO-50009,MRO-10045;MRO-10047;MRO-50009,Hydraulic Press,CHN-02,calibration,12,normal,normal,approved_on_validation,우선 점검 후보
2024-06-02,AST-3008,A2,0,0.0032364948531229,6.615680692237462e-12,6.685154504272418e-15,MRO-10045;MRO-10046;MRO-10047,MRO-10045;MRO-10046;MRO-10047,Belt Conveyor,CHN-02,calibration,12,normal,normal,approved_on_validation,우선 점검 후보
2024-06-02,AST-3019,A2,0,0.0032221262759725,6.5194248488063595e-12,6.554168018731249e-15,MRO-10046;MRO-10047;MRO-20031,MRO-10046;MRO-10047;MRO-20031,Belt Conveyor,CHN-02,calibration,12,normal,normal,approved_on_validation,우선 점검 후보
2024-06-02,AST-4055,A2,0,0.0032427204528793,6.565147353270487e-12,6.672088759280895e-15,MRO-10045;MRO-10047;MRO-50009,MRO-10045;MRO-10047;MRO-50009,Screw Compressor,DHR-03,calibration,12,normal,normal,approved_on_validation,우선 점검 후보
2024-06-02,AST-4061,A2,0,0.0032429467459605,6.597321419392372e-12,6.694885029345319e-15,MRO-10046;MRO-10047;MRO-20031,MRO-10046;MRO-10047;MRO-20031,Screw Compressor,DHR-03,calibration,12,normal,normal,approved_on_validation,우선 점검 후보
2024-06-02,AST-5003,A2,0,0.0031595577813607,6.050374043237162e-12,6.013978578444422e-15,MRO-10045;MRO-10047;MRO-20031,MRO-10045;MRO-10047;MRO-20031,EOT Crane,DHR-03,calibration,12,normal,normal,approved_on_validation,우선 점검 후보
2024-06-02,AST-5007,A2,0,0.0032193074399804,6.450276447096402e-12,6.4958341826155746e-15,MRO-10045;MRO-10046;MRO-10047,MRO-10045;MRO-10046;MRO-10047,EOT Crane,PUN-01,calibration,12,normal,normal,approved_on_validation,우선 점검 후보
2024-06-03,AST-1041,A2,9,6.3037967417125005,0.1166865218188147,0.0752895855703384,MRO-50009;MRO-80001;MRO-10045,MRO-50009;MRO-80001;MRO-10045,CNC Lathe,PUN-01,calibration,12,risk,risk,approved_on_validation,우선 점검 후보
2024-06-03,AST-1042,A2,14,6.612847275806621,0.131818941399282,0.0878218570707328,MRO-20031;MRO-50009;MRO-10045,MRO-20031;MRO-50009;MRO-10045,CNC Lathe,PUN-01,calibration,12,high_risk,risk,approved_on_validation,우선 점검 후보
2024-06-03,AST-2017,A2,9,8.238686144322449,0.2366136652142287,0.1712999424679232,MRO-50009;MRO-10045;MRO-10047,MRO-50009;MRO-10045;MRO-10047,Hydraulic Press,PUN-01,calibration,12,risk,risk,approved_on_validation,우선 점검 후보
2024-06-03,AST-2031,A2,4,7.332935354370419,0.1743044819677631,0.1210713899948281,MRO-10046;MRO-50009;MRO-20031,MRO-10046;MRO-50009;MRO-20031,Hydraulic Press,CHN-02,calibration,12,caution,risk,approved_on_validation,우선 점검 후보
2024-06-03,AST-3008,A2,2,7.503085547370064,0.1838129847471668,0.1298977233545575,MRO-10047;MRO-80001;MRO-10045,MRO-10047;MRO-80001;MRO-10045,Belt Conveyor,CHN-02,calibration,12,caution,risk,approved_on_validation,우선 점검 후보
2024-06-03,AST-3019,A2,9,5.604398111740176,0.0819127567099879,0.0510892575757836,MRO-10046;MRO-20031;MRO-80001,MRO-10046;MRO-20031;MRO-80001,Belt Conveyor,CHN-02,calibration,12,risk,caution,approved_on_validation,우선 점검 후보
2024-06-03,AST-4055,A2,17,7.923501042650842,0.2136953676641115,0.1531131285270369,MRO-10047;MRO-10046;MRO-50009,MRO-10047;MRO-10046;MRO-50009,Screw Compressor,DHR-03,calibration,12,high_risk,risk,approved_on_validation,우선 점검 후보
2024-06-03,AST-4061,A2,2,6.913645922319521,0.1481151936813088,0.1010863363056066,MRO-80001;MRO-10045;MRO-10047,MRO-80001;MRO-10045;MRO-10047,Screw Compressor,DHR-03,calibration,12,caution,risk,approved_on_validation,우선 점검 후보
2024-06-03,AST-5003,A2,9,7.945372324450837,0.2148496507573482,0.1529732983453384,MRO-50009;MRO-20031;MRO-10046,MRO-50009;MRO-20031;MRO-10046,EOT Crane,DHR-03,calibration,12,risk,risk,approved_on_validation,우선 점검 후보
2024-06-03,AST-5007,A2,14,5.555452306937152,0.080538112819532,0.0487413251039675,MRO-50009;MRO-10046;MRO-80001,MRO-50009;MRO-10046;MRO-80001,EOT Crane,PUN-01,calibration,12,high_risk,caution,approved_on_validation,우선 점검 후보
2024-06-04,AST-1041,A2,10,5.638000121822431,0.0812239128441887,0.0510461415393465,MRO-90012;MRO-10045;MRO-40021,MRO-10045;MRO-10046;MRO-20031,CNC Lathe,PUN-01,calibration,12,risk,caution,approved_on_validation,우선 점검 후보
2024-06-04,AST-1042,A2,7,8.71639372316455,0.2660591777612782,0.1978128194935288,MRO-80001;MRO-30011;MRO-40022,MRO-80001;MRO-10046;MRO-10047,CNC Lathe,PUN-01,calibration,12,risk,risk,approved_on_validation,우선 점검 후보
2024-06-04,AST-2017,A2,9,8.118696352626614,0.2298266672939337,0.1640348439364783,MRO-80001;MRO-10045;MRO-10046,MRO-80001;MRO-10045;MRO-10046,Hydraulic Press,PUN-01,calibration,12,risk,risk,approved_on_validation,우선 점검 후보
2024-06-04,AST-2031,A2,18,7.3059287188295166,0.1733231565728327,0.118777603538156,MRO-10046;MRO-10045;MRO-40022,MRO-10046;MRO-10045;MRO-20031,Hydraulic Press,CHN-02,calibration,12,high_risk,risk,approved_on_validation,우선 점검 후보
2024-06-04,AST-3008,A2,10,6.150656657298657,0.1077293449620313,0.0693448465363668,MRO-10047;MRO-40022;MRO-10046,MRO-10047;MRO-10046;MRO-50009,Belt Conveyor,CHN-02,calibration,12,risk,risk,approved_on_validation,우선 점검 후보
2024-06-04,AST-3019,A2,8,5.362457557368343,0.0742039812331972,0.0445453935577361,MRO-50009;MRO-10045;MRO-10046,MRO-50009;MRO-10045;MRO-10046,Belt Conveyor,CHN-02,calibration,12,risk,caution,approved_on_validation,우선 점검 후보
2024-06-04,AST-4055,A2,6,8.533115089303449,0.2509943266487537,0.1885480317094609,MRO-60015;MRO-10045;MRO-20031,MRO-10045;MRO-20031;MRO-50009,Screw Compressor,DHR-03,calibration,12,risk,risk,approved_on_validation,우선 점검 후보
2024-06-04,AST-4061,A2,13,8.421143180987437,0.2474118737209885,0.1814765076184679,MRO-10045;MRO-10046;MRO-40021,MRO-10045;MRO-10046;MRO-50009,Screw Compressor,DHR-03,calibration,12,high_risk,risk,approved_on_validation,우선 점검 후보
2024-06-04,AST-5003,A2,5,6.605020674875849,0.1298245736545118,0.0861164997018703,MRO-50009;MRO-10045;MRO-20031,MRO-50009;MRO-10045;MRO-20031,EOT Crane,DHR-03,calibration,12,caution,risk,approved_on_validation,우선 점검 후보
2024-06-04,AST-5007,A2,14,5.50240701758054,0.0786444770421099,0.0475194358886874,MRO-50009;MRO-10045;MRO-10047,MRO-50009;MRO-10045;MRO-10047,EOT Crane,PUN-01,calibration,12,high_risk,caution,approved_on_validation,우선 점검 후보
2024-06-05,AST-1041,A2,8,6.23977335185593,0.1128024041634835,0.0728123725908859,MRO-10045;MRO-10046;MRO-50009,MRO-10045;MRO-10046;MRO-50009,CNC Lathe,PUN-01,calibration,12,risk,risk,approved_on_validation,우선 점검 후보
2024-06-05,AST-1042,A2,5,5.9485671566136435,0.0971878119388343,0.0619427365154198,MRO-20031;MRO-10047;MRO-80001,MRO-20031;MRO-10047;MRO-80001,CNC Lathe,PUN-01,calibration,12,caution,risk,approved_on_validation,우선 점검 후보
2024-06-05,AST-2017,A2,9,7.312251971784874,0.1730386622692207,0.1191717708237791,MRO-50009;MRO-80001;MRO-10046,MRO-50009;MRO-80001;MRO-10046,Hydraulic Press,PUN-01,calibration,12,risk,risk,approved_on_validation,우선 점검 후보
2024-06-05,AST-2031,A2,5,7.433650101769092,0.1828485411190779,0.1263999797222435,MRO-10045;MRO-50009;MRO-10046,MRO-10045;MRO-50009;MRO-10046,Hydraulic Press,CHN-02,calibration,12,caution,risk,approved_on_validation,우선 점검 후보
2024-06-05,AST-3008,A2,5,6.417059544543398,0.1198449842190618,0.0786620096320891,MRO-40022;MRO-10047;MRO-80001,MRO-10047;MRO-80001;MRO-10046,Belt Conveyor,CHN-02,calibration,12,caution,risk,approved_on_validation,우선 점검 후보
2024-06-05,AST-3019,A2,0,5.728531369446847,0.0871458174584553,0.0539489378280332,MRO-10046;MRO-30011;MRO-40022,MRO-10046;MRO-10045;MRO-20031,Belt Conveyor,CHN-02,calibration,12,normal,caution,approved_on_validation,우선 점검 후보
2024-06-05,AST-4055,A2,13,7.49139012178842,0.1850283123441139,0.1296781919057173,MRO-20031;MRO-10045;MRO-50009,MRO-20031;MRO-10045;MRO-50009,Screw Compressor,DHR-03,calibration,12,high_risk,risk,approved_on_validation,우선 점검 후보
2024-06-05,AST-4061,A2,9,6.4280385735830805,0.1227245281957532,0.0796235979198608,MRO-40022;MRO-10045;MRO-80001,MRO-10045;MRO-80001;MRO-50009,Screw Compressor,DHR-03,calibration,12,risk,risk,approved_on_validation,우선 점검 후보
2024-06-05,AST-5003,A2,12,6.852011645642208,0.1459799530020628,0.0979025407280771,MRO-20031;MRO-10045;MRO-10047,MRO-20031;MRO-10045;MRO-10047,EOT Crane,DHR-03,calibration,12,high_risk,risk,approved_on_validation,우선 점검 후보
2024-06-05,AST-5007,A2,12,5.502397570100565,0.0785240676672868,0.0474264601293426,MRO-80001;MRO-10045;MRO-10047,MRO-80001;MRO-10045;MRO-10047,EOT Crane,PUN-01,calibration,12,high_risk,caution,approved_on_validation,우선 점검 후보
2024-06-06,AST-1041,A2,5,6.586228171862771,0.1302942515076851,0.0872731331338127,MRO-10045;MRO-50009;MRO-80001,MRO-10045;MRO-50009;MRO-80001,CNC Lathe,PUN-01,calibration,12,caution,risk,approved_on_validation,우선 점검 후보
2024-06-06,AST-1042,A2,1,5.953821201968815,0.0995279858818561,0.0623983818409894,MRO-10047;MRO-20031;MRO-80001,MRO-10047;MRO-20031;MRO-80001,CNC Lathe,PUN-01,calibration,12,caution,risk,approved_on_validation,우선 점검 후보
2024-06-06,AST-2017,A2,2,8.653197780672404,0.2680146458955547,0.1962969710396958,MRO-50009;MRO-20031;MRO-80001,MRO-50009;MRO-20031;MRO-80001,Hydraulic Press,PUN-01,calibration,12,caution,risk,approved_on_validation,우선 점검 후보
2024-06-06,AST-2031,A2,9,7.105525567118309,0.1630563847746224,0.1106843840136986,MRO-50009;MRO-10045;MRO-10046,MRO-50009;MRO-10045;MRO-10046,Hydraulic Press,CHN-02,calibration,12,risk,risk,approved_on_validation,우선 점검 후보
2024-06-06,AST-3008,A2,2,6.57494633823054,0.1301389732531487,0.0862320676009741,MRO-10045;MRO-10046;MRO-10047,MRO-10045;MRO-10046;MRO-10047,Belt Conveyor,CHN-02,calibration,12,caution,risk,approved_on_validation,우선 점검 후보
2024-06-06,AST-3019,A2,2,5.99467983856788,0.0984151352371972,0.0631724194854437,MRO-50009;MRO-10045;MRO-20031,MRO-50009;MRO-10045;MRO-20031,Belt Conveyor,CHN-02,calibration,12,caution,risk,approved_on_validation,우선 점검 후보
2024-06-06,AST-4055,A2,8,8.987805410893486,0.2942012612214746,0.2164016574661455,MRO-20031;MRO-50009;MRO-10045,MRO-20031;MRO-50009;MRO-10045,Screw Compressor,DHR-03,calibration,12,risk,risk,approved_on_validation,우선 점검 후보
2024-06-06,AST-4061,A2,2,6.083398398873455,0.1053417174078299,0.0666800382358457,MRO-50009;MRO-80001;MRO-10045,MRO-50009;MRO-80001;MRO-10045,Screw Compressor,DHR-03,calibration,12,caution,risk,approved_on_validation,우선 점검 후보
2024-06-06,AST-5003,A2,12,8.08660666663979,0.2267610707542181,0.1619582053125909,MRO-10046;MRO-50009;MRO-10045,MRO-10046;MRO-50009;MRO-10045,EOT Crane,DHR-03,calibration,12,high_risk,risk,approved_on_validation,우선 점검 후보
2024-06-06,AST-5007,A2,5,5.957991012618338,0.0989177234512373,0.0624472941243137,MRO-10047;MRO-80001;MRO-10045,MRO-10047;MRO-80001;MRO-10045,EOT Crane,PUN-01,calibration,12,caution,risk,approved_on_validation,우선 점검 후보
2024-06-07,AST-1041,A2,6,6.247896797119005,0.1129181368265864,0.0731596592089375,MRO-10045;MRO-10046;MRO-50009,MRO-10045;MRO-10046;MRO-50009,CNC Lathe,PUN-01,calibration,12,risk,risk,approved_on_validation,우선 점검 후보
2024-06-07,AST-1042,A2,6,6.003510324355333,0.1032380517598662,0.0642637397674104,MRO-80001;MRO-10047;MRO-20031,MRO-80001;MRO-10047;MRO-20031,CNC Lathe,PUN-01,calibration,12,risk,risk,approved_on_validation,우선 점검 후보
2024-06-07,AST-2017,A2,5,8.421721964633985,0.2507397761295842,0.1819766937483204,MRO-80001;MRO-10045;MRO-20031,MRO-80001;MRO-10045;MRO-20031,Hydraulic Press,PUN-01,calibration,12,caution,risk,approved_on_validation,우선 점검 후보
2024-06-07,AST-2031,A2,3,7.440555593183888,0.1818394586973907,0.1266168448617513,MRO-10046;MRO-10045;MRO-50009,MRO-10046;MRO-10045;MRO-50009,Hydraulic Press,CHN-02,calibration,12,caution,risk,approved_on_validation,우선 점검 후보
2024-06-07,AST-3008,A2,10,6.894885737192264,0.1471046973303965,0.100423272048267,MRO-10047;MRO-80001;MRO-10045,MRO-10047;MRO-80001;MRO-10045,Belt Conveyor,CHN-02,calibration,12,risk,risk,approved_on_validation,우선 점검 후보
2024-06-07,AST-3019,A2,3,5.508483907403262,0.0794736937396845,0.0488931858692295,MRO-10045;MRO-20031;MRO-50009,MRO-10045;MRO-20031;MRO-50009,Belt Conveyor,CHN-02,calibration,12,caution,caution,approved_on_validation,우선 점검 후보
2024-06-07,AST-4055,A2,4,8.645246558723787,0.2668906521534497,0.1956162122506358,MRO-80001;MRO-10046;MRO-10045,MRO-80001;MRO-10046;MRO-10045,Screw Compressor,DHR-03,calibration,12,caution,risk,approved_on_validation,우선 점검 후보
2024-06-07,AST-4061,A2,2,6.498268246512297,0.1270846345605491,0.0829931227933746,MRO-80001;MRO-10045;MRO-50009,MRO-80001;MRO-10045;MRO-50009,Screw Compressor,DHR-03,calibration,12,caution,risk,approved_on_validation,우선 점검 후보
2024-06-07,AST-5003,A2,10,8.902755973941339,0.2866254560381335,0.2122029581148005,MRO-50009;MRO-10046;MRO-10047,MRO-50009;MRO-10046;MRO-10047,EOT Crane,DHR-03,calibration,12,risk,risk,approved_on_validation,우선 점검 후보
2024-06-07,AST-5007,A2,6,5.6057222863334655,0.0804438840085087,0.0497171413747351,MRO-40021;MRO-60016;MRO-80002,MRO-10047;MRO-80001;MRO-20031,EOT Crane,PUN-01,calibration,12,risk,caution,approved_on_validation,우선 점검 후보
2024-06-08,AST-1041,A2,0,0.0029217466994029,4.841654410594313e-12,4.4227459410279065e-15,MRO-10045;MRO-10046;MRO-10047,MRO-10045;MRO-10046;MRO-10047,CNC Lathe,PUN-01,calibration,12,normal,normal,approved_on_validation,우선 점검 후보
2024-06-08,AST-1042,A2,0,0.0030309537451765,4.843231113305363e-12,4.688008309064465e-15,MRO-80002;MRO-10046;MRO-10047,MRO-10046;MRO-10047;MRO-20031,CNC Lathe,PUN-01,calibration,12,normal,normal,approved_on_validation,우선 점검 후보
2024-06-08,AST-2017,A2,0,0.003256100062698,6.639462084597992e-12,6.7781649498112615e-15,MRO-30012;MRO-20031;MRO-70004,MRO-20031;MRO-10045;MRO-10047,Hydraulic Press,PUN-01,calibration,12,normal,normal,approved_on_validation,우선 점검 후보
2024-06-08,AST-2031,A2,0,0.0034165648834024,9.01677635472811e-12,9.081271310480751e-15,MRO-10045;MRO-50009;MRO-10046,MRO-10045;MRO-50009;MRO-10046,Hydraulic Press,CHN-02,calibration,12,normal,normal,approved_on_validation,우선 점검 후보
2024-06-08,AST-3008,A2,0,0.0032511988074696,6.5804381526256295e-12,6.7380703031823834e-15,MRO-70004;MRO-30011;MRO-10045,MRO-10045;MRO-10046;MRO-10047,Belt Conveyor,CHN-02,calibration,12,normal,normal,approved_on_validation,우선 점검 후보
2024-06-08,AST-3019,A2,0,0.0032609657375535,6.533386233417102e-12,6.793995625780552e-15,MRO-70005;MRO-90012;MRO-40021,MRO-10045;MRO-10046;MRO-10047,Belt Conveyor,CHN-02,calibration,12,normal,normal,approved_on_validation,우선 점검 후보
2024-06-08,AST-4055,A2,0,0.003250040060724,6.6669722788685395e-12,6.77344897268161e-15,MRO-10046;MRO-10045;MRO-10047,MRO-10046;MRO-10045;MRO-10047,Screw Compressor,DHR-03,calibration,12,normal,normal,approved_on_validation,우선 점검 후보
2024-06-08,AST-4061,A2,0,0.0032355147522644,6.5742270562069624e-12,6.650376928701695e-15,MRO-10045;MRO-10046;MRO-10047,MRO-10045;MRO-10046;MRO-10047,Screw Compressor,DHR-03,calibration,12,normal,normal,approved_on_validation,우선 점검 후보
2024-06-08,AST-5003,A2,0,0.0033182429293058,7.248787631628121e-12,7.429155327019258e-15,MRO-10046;MRO-50009;MRO-30012,MRO-10046;MRO-50009;MRO-10045,EOT Crane,DHR-03,calibration,12,normal,normal,approved_on_validation,우선 점검 후보
2024-06-08,AST-5007,A2,0,0.0033799883102491,8.240487508162008e-12,8.02357169776966e-15,MRO-10045;MRO-60015;MRO-30011,MRO-10045;MRO-10046;MRO-10047,EOT Crane,PUN-01,calibration,12,normal,normal,approved_on_validation,우선 점검 후보
2024-06-09,AST-1041,A2,0,0.0028433874425193,4.209327948521943e-12,3.8245640556997126e-15,MRO-70004;MRO-80002;MRO-40021,MRO-10046;MRO-10047;MRO-20031,CNC Lathe,PUN-01,calibration,12,normal,normal,approved_on_validation,우선 점검 후보
2024-06-09,AST-1042,A2,0,0.0032998892661228,7.070198590768239e-12,7.240797077251548e-15,MRO-10045;MRO-20033;MRO-10046,MRO-10045;MRO-10046;MRO-10047,CNC Lathe,PUN-01,calibration,12,normal,normal,approved_on_validation,우선 점검 후보
2024-06-09,AST-2017,A2,0,0.0032519130295887,6.6138326499076226e-12,6.731480721502815e-15,MRO-10047;MRO-20033;MRO-30011,MRO-10047;MRO-10045;MRO-80001,Hydraulic Press,PUN-01,calibration,12,normal,normal,approved_on_validation,우선 점검 후보
2024-06-09,AST-2031,A2,0,0.0032239637729925,6.539361557639351e-12,6.582889234527894e-15,MRO-10045;MRO-10046;MRO-10047,MRO-10045;MRO-10046;MRO-10047,Hydraulic Press,CHN-02,calibration,12,normal,normal,approved_on_validation,우선 점검 후보
2024-06-09,AST-3008,A2,0,0.0032350503884417,6.481883695199987e-12,6.604006806664052e-15,MRO-70004;MRO-30011;MRO-10045,MRO-10045;MRO-10046;MRO-10047,Belt Conveyor,CHN-02,calibration,12,normal,normal,approved_on_validation,우선 점검 후보
2024-06-09,AST-3019,A2,0,0.0032215821687815,6.533241125958825e-12,6.5611887868279405e-15,MRO-10045;MRO-10046;MRO-10047,MRO-10045;MRO-10046;MRO-10047,Belt Conveyor,CHN-02,calibration,12,normal,normal,approved_on_validation,우선 점검 후보
2024-06-09,AST-4055,A2,0,0.0032195487787001,6.286723180388922e-12,6.384167076707256e-15,MRO-10045;MRO-10047;MRO-20031,MRO-10045;MRO-10047;MRO-20031,Screw Compressor,DHR-03,calibration,12,normal,normal,approved_on_validation,우선 점검 후보
2024-06-09,AST-4061,A2,0,0.0032323273527536,6.550332115130507e-12,6.6205809276554776e-15,MRO-10045;MRO-10046;MRO-10047,MRO-10045;MRO-10046;MRO-10047,Screw Compressor,DHR-03,calibration,12,normal,normal,approved_on_validation,우선 점검 후보
2024-06-09,AST-5003,A2,0,0.0037084538439378,1.0371162116670223e-11,1.1535095652015563e-14,MRO-20033;MRO-30012;MRO-10046,MRO-10046;MRO-50009;MRO-10047,EOT Crane,DHR-03,calibration,12,normal,normal,approved_on_validation,우선 점검 후보
2024-06-09,AST-5007,A2,0,0.0033636030367535,7.962443101805589e-12,8.124035955292575e-15,MRO-10045;MRO-30011;MRO-10046,MRO-10045;MRO-10046;MRO-10047,EOT Crane,PUN-01,calibration,12,normal,normal,approved_on_validation,우선 점검 후보
2024-06-10,AST-1041,A2,6,6.134709230791113,0.1074574685418117,0.0685666548516509,MRO-50009;MRO-10045;MRO-10046,MRO-50009;MRO-10045;MRO-10046,CNC Lathe,PUN-01,calibration,12,risk,risk,approved_on_validation,우선 점검 후보
2024-06-10,AST-1042,A2,12,5.783353833268123,0.0912591711524854,0.0565649215562516,MRO-10045;MRO-10047;MRO-20031,MRO-10045;MRO-10047;MRO-20031,CNC Lathe,PUN-01,calibration,12,high_risk,caution,approved_on_validation,우선 점검 후보
2024-06-10,AST-2017,A2,12,8.418824633385052,0.2504567906655365,0.1824853295780051,MRO-20031;MRO-80001;MRO-10046,MRO-20031;MRO-80001;MRO-10046,Hydraulic Press,PUN-01,calibration,12,high_risk,risk,approved_on_validation,우선 점검 후보
2024-06-10,AST-2031,A2,4,7.493869027202923,0.1841983253155199,0.1291164376138648,MRO-50009;MRO-10045;MRO-10046,MRO-50009;MRO-10045;MRO-10046,Hydraulic Press,CHN-02,calibration,12,caution,risk,approved_on_validation,우선 점검 후보
2024-06-10,AST-3008,A2,4,9.735069769825984,0.3456503235040491,0.2705068021378539,MRO-10046;MRO-50009;MRO-10047,MRO-10046;MRO-50009;MRO-10047,Belt Conveyor,CHN-02,calibration,12,caution,risk,approved_on_validation,우선 점검 후보
2024-06-10,AST-3019,A2,17,5.606247119483967,0.0823856001395215,0.0508186667713861,MRO-10045;MRO-20031;MRO-50009,MRO-10045;MRO-20031;MRO-50009,Belt Conveyor,CHN-02,calibration,12,high_risk,caution,approved_on_validation,우선 점검 후보
2024-06-10,AST-4055,A2,12,8.044209748740677,0.2214796894668576,0.1602852041675843,MRO-80001;MRO-50009;MRO-10045,MRO-80001;MRO-50009;MRO-10045,Screw Compressor,DHR-03,calibration,12,high_risk,risk,approved_on_validation,우선 점검 후보
2024-06-10,AST-4061,A2,17,6.565538465666721,0.1294562800835778,0.0855841165044603,MRO-40022;MRO-80001;MRO-50009,MRO-80001;MRO-50009;MRO-10045,Screw Compressor,DHR-03,calibration,12,high_risk,risk,approved_on_validation,우선 점검 후보
2024-06-10,AST-5003,A2,12,7.345016466991915,0.1761906688466603,0.1217906543804461,MRO-10045;MRO-10047;MRO-20031,MRO-10045;MRO-10047;MRO-20031,EOT Crane,DHR-03,calibration,12,high_risk,risk,approved_on_validation,우선 점검 후보
2024-06-10,AST-5007,A2,3,5.73696342494545,0.0884229829330623,0.0546706574794198,MRO-10047;MRO-20031;MRO-10046,MRO-10047;MRO-20031;MRO-10046,EOT Crane,PUN-01,calibration,12,caution,caution,approved_on_validation,우선 점검 후보
2024-06-11,AST-1041,A2,14,7.091060728440631,0.1603476848715241,0.1097078124552735,MRO-10045;MRO-50009;MRO-50008,MRO-10045;MRO-50009;MRO-80001,CNC Lathe,PUN-01,calibration,12,high_risk,risk,approved_on_validation,우선 점검 후보
2024-06-11,AST-1042,A2,1,6.255382083523531,0.1148506159432085,0.0730245086600613,MRO-10045;MRO-10046;MRO-80001,MRO-10045;MRO-10046;MRO-80001,CNC Lathe,PUN-01,calibration,12,caution,risk,approved_on_validation,우선 점검 후보
2024-06-11,AST-2017,A2,6,8.938258180723999,0.2900505135425312,0.2150398209615833,MRO-80001;MRO-20031;MRO-50009,MRO-80001;MRO-20031;MRO-50009,Hydraulic Press,PUN-01,calibration,12,risk,risk,approved_on_validation,우선 점검 후보
2024-06-11,AST-2031,A2,9,7.181846089760791,0.1666350635262437,0.1136622450947223,MRO-10046;MRO-50009;MRO-10045,MRO-10046;MRO-50009;MRO-10045,Hydraulic Press,CHN-02,calibration,12,risk,risk,approved_on_validation,우선 점검 후보
2024-06-11,AST-3008,A2,6,6.193558266900666,0.1094058324858674,0.071018187977399,MRO-50009;MRO-80001;MRO-10046,MRO-50009;MRO-80001;MRO-10046,Belt Conveyor,CHN-02,calibration,12,risk,risk,approved_on_validation,우선 점검 후보
2024-06-11,AST-3019,A2,5,6.450876190862434,0.1175467127231813,0.0791545838700818,MRO-70004;MRO-10047;MRO-40022,MRO-10047;MRO-10045;MRO-10046,Belt Conveyor,CHN-02,calibration,12,caution,risk,approved_on_validation,우선 점검 후보
2024-06-11,AST-4055,A2,3,8.43768976940746,0.249864117093189,0.1829507543632005,MRO-80001;MRO-10046;MRO-10047,MRO-80001;MRO-10046;MRO-10047,Screw Compressor,DHR-03,calibration,12,caution,risk,approved_on_validation,우선 점검 후보
2024-06-11,AST-4061,A2,12,6.714836593557988,0.138389554621615,0.0911522539538467,MRO-40022;MRO-10045;MRO-10046,MRO-10045;MRO-10046;MRO-20031,Screw Compressor,DHR-03,calibration,12,high_risk,risk,approved_on_validation,우선 점검 후보
2024-06-11,AST-5003,A2,10,7.515023815348552,0.1850215359147242,0.1290271761331637,MRO-10045;MRO-80001;MRO-20031,MRO-10045;MRO-80001;MRO-20031,EOT Crane,DHR-03,calibration,12,risk,risk,approved_on_validation,우선 점검 후보
2024-06-11,AST-5007,A2,8,5.640885441618169,0.0838311605546568,0.0514952147816543,MRO-10045;MRO-10047;MRO-10046,MRO-10045;MRO-10047;MRO-10046,EOT Crane,PUN-01,calibration,12,risk,caution,approved_on_validation,우선 점검 후보
2024-06-12,AST-1041,A2,9,7.264895869197345,0.1687362095730886,0.116040486895405,MRO-80002;MRO-10047;MRO-40021,MRO-10047;MRO-10045;MRO-50009,CNC Lathe,PUN-01,calibration,12,risk,risk,approved_on_validation,우선 점검 후보
2024-06-12,AST-1042,A2,4,6.400665752266604,0.1214093170053752,0.0795479625026056,MRO-10045;MRO-10046;MRO-80001,MRO-10045;MRO-10046;MRO-80001,CNC Lathe,PUN-01,calibration,12,caution,risk,approved_on_validation,우선 점검 후보
2024-06-12,AST-2017,A2,12,8.663651814173287,0.2648630020801008,0.1984857413108098,MRO-80001;MRO-10046;MRO-10047,MRO-80001;MRO-10046;MRO-10047,Hydraulic Press,PUN-01,calibration,12,high_risk,risk,approved_on_validation,우선 점검 후보
2024-06-12,AST-2031,A2,8,7.313276551687919,0.1738072350868823,0.1201251498799042,MRO-50009;MRO-10045;MRO-10046,MRO-50009;MRO-10045;MRO-10046,Hydraulic Press,CHN-02,calibration,12,risk,risk,approved_on_validation,우선 점검 후보
2024-06-12,AST-3008,A2,4,6.505944795758566,0.1277276906718511,0.0835009355554148,MRO-10046;MRO-10047;MRO-10045,MRO-10046;MRO-10047;MRO-10045,Belt Conveyor,CHN-02,calibration,12,caution,risk,approved_on_validation,우선 점검 후보
2024-06-12,AST-3019,A2,8,5.735582147634596,0.0892862189085012,0.0557349273667844,MRO-10046;MRO-20031;MRO-50009,MRO-10046;MRO-20031;MRO-50009,Belt Conveyor,CHN-02,calibration,12,risk,caution,approved_on_validation,우선 점검 후보
2024-06-12,AST-4055,A2,10,8.203487316827953,0.2358345941614182,0.1675078364945295,MRO-50009;MRO-50008;MRO-10047,MRO-50009;MRO-10047;MRO-20031,Screw Compressor,DHR-03,calibration,12,risk,risk,approved_on_validation,우선 점검 후보
2024-06-12,AST-4061,A2,8,7.49631396186323,0.1892850996255999,0.1299297664565311,MRO-80001;MRO-10046;MRO-20031,MRO-80001;MRO-10046;MRO-20031,Screw Compressor,DHR-03,calibration,12,risk,risk,approved_on_validation,우선 점검 후보
2024-06-12,AST-5003,A2,8,7.28792344991025,0.171221093384608,0.1186655817123965,MRO-10045;MRO-80001;MRO-20031,MRO-10045;MRO-80001;MRO-20031,EOT Crane,DHR-03,calibration,12,risk,risk,approved_on_validation,우선 점검 후보
2024-06-12,AST-5007,A2,8,5.737817906591669,0.0889559672294908,0.0550402373267388,MRO-10046;MRO-50009;MRO-10045,MRO-10046;MRO-50009;MRO-10045,EOT Crane,PUN-01,calibration,12,risk,caution,approved_on_validation,우선 점검 후보
2024-06-13,AST-1041,A2,3,6.221799245725763,0.1111055963053284,0.0717184750279695,MRO-80001;MRO-50009;MRO-10047,MRO-80001;MRO-50009;MRO-10047,CNC Lathe,PUN-01,calibration,12,caution,risk,approved_on_validation,우선 점검 후보
2024-06-13,AST-1042,A2,9,6.0185685439484935,0.103668372730777,0.064886489622505,MRO-10045;MRO-10046;MRO-10047,MRO-10045;MRO-10046;MRO-10047,CNC Lathe,PUN-01,calibration,12,risk,risk,approved_on_validation,우선 점검 후보
2024-06-13,AST-2017,A2,11,8.46193823172872,0.2535021034563913,0.1850110668108082,MRO-80001;MRO-20031;MRO-10046,MRO-80001;MRO-20031;MRO-10046,Hydraulic Press,PUN-01,calibration,12,risk,risk,approved_on_validation,우선 점검 후보
2024-06-13,AST-2031,A2,10,7.348919596019236,0.1770902383162182,0.122450179638275,MRO-10045;MRO-50009;MRO-10046,MRO-10045;MRO-50009;MRO-10046,Hydraulic Press,CHN-02,calibration,12,risk,risk,approved_on_validation,우선 점검 후보
2024-06-13,AST-3008,A2,4,6.432248664105399,0.1209637635924566,0.0799168927137062,MRO-10046;MRO-50009;MRO-80001,MRO-10046;MRO-50009;MRO-80001,Belt Conveyor,CHN-02,calibration,12,caution,risk,approved_on_validation,우선 점검 후보
2024-06-13,AST-3019,A2,5,5.4381412529600155,0.0765320879620578,0.0461478075393136,MRO-10045;MRO-20031;MRO-50009,MRO-10045;MRO-20031;MRO-50009,Belt Conveyor,CHN-02,calibration,12,caution,caution,approved_on_validation,우선 점검 후보
2024-06-13,AST-4055,A2,2,8.425546558424987,0.2513502481055514,0.1818286191534263,MRO-10046;MRO-80001;MRO-10045,MRO-10046;MRO-80001;MRO-10045,Screw Compressor,DHR-03,calibration,12,caution,risk,approved_on_validation,우선 점검 후보
2024-06-13,AST-4061,A2,12,6.369112610364149,0.1197854866423893,0.0774279897481069,MRO-40022;MRO-50009;MRO-10046,MRO-50009;MRO-10046;MRO-20031,Screw Compressor,DHR-03,calibration,12,high_risk,risk,approved_on_validation,우선 점검 후보
2024-06-13,AST-5003,A2,20,7.829675504393431,0.2080659274080846,0.1476755506879202,MRO-10045;MRO-20031;MRO-10047,MRO-10045;MRO-20031;MRO-10047,EOT Crane,DHR-03,calibration,12,high_risk,risk,approved_on_validation,우선 점검 후보
2024-06-13,AST-5007,A2,2,5.355519950493747,0.0718775079090214,0.0427629132450118,MRO-40022;MRO-10046;MRO-50009,MRO-10046;MRO-50009;MRO-10045,EOT Crane,PUN-01,calibration,12,caution,caution,approved_on_validation,우선 점검 후보
2024-06-14,AST-1041,A2,10,6.74497637063708,0.1374705230119925,0.0919356856701558,MRO-40021;MRO-10047;MRO-30011,MRO-10047;MRO-50009;MRO-20031,CNC Lathe,PUN-01,calibration,12,risk,risk,approved_on_validation,우선 점검 후보
2024-06-14,AST-1042,A2,4,7.411342519708073,0.1796330079657247,0.1251476932746837,MRO-10047;MRO-10045;MRO-20031,MRO-10047;MRO-10045;MRO-20031,CNC Lathe,PUN-01,calibration,12,caution,risk,approved_on_validation,우선 점검 후보
2024-06-14,AST-2017,A2,6,8.419491753201097,0.2499113135762867,0.1818934909941795,MRO-80001;MRO-10045;MRO-10047,MRO-80001;MRO-10045;MRO-10047,Hydraulic Press,PUN-01,calibration,12,risk,risk,approved_on_validation,우선 점검 후보
2024-06-14,AST-2031,A2,0,8.430738062203448,0.2510214318363364,0.1838305832267837,MRO-10045;MRO-80001;MRO-10046,MRO-10045;MRO-80001;MRO-10046,Hydraulic Press,CHN-02,calibration,12,normal,risk,approved_on_validation,우선 점검 후보
2024-06-14,AST-3008,A2,8,6.237553081494602,0.1131997824600915,0.0730751480925037,MRO-10047;MRO-50009;MRO-80001,MRO-10047;MRO-50009;MRO-80001,Belt Conveyor,CHN-02,calibration,12,risk,risk,approved_on_validation,우선 점검 후보
2024-06-14,AST-3019,A2,2,5.622805185703413,0.0852854084756808,0.052106160515622,MRO-10046;MRO-10045;MRO-20031,MRO-10046;MRO-10045;MRO-20031,Belt Conveyor,CHN-02,calibration,12,caution,caution,approved_on_validation,우선 점검 후보
2024-06-14,AST-4055,A2,11,7.521290908293514,0.1896882037285343,0.1310358364392947,MRO-10046;MRO-80001;MRO-10047,MRO-10046;MRO-80001;MRO-10047,Screw Compressor,DHR-03,calibration,12,risk,risk,approved_on_validation,우선 점검 후보
2024-06-14,AST-4061,A2,12,6.6356830535911255,0.1356986987345057,0.0891831049111093,MRO-10047;MRO-50009;MRO-10045,MRO-10047;MRO-50009;MRO-10045,Screw Compressor,DHR-03,calibration,12,high_risk,risk,approved_on_validation,우선 점검 후보
2024-06-14,AST-5003,A2,20,7.967522107430284,0.2147342364082866,0.1548533756700672,MRO-10047;MRO-10045;MRO-80001,MRO-10047;MRO-10045;MRO-80001,EOT Crane,DHR-03,calibration,12,high_risk,risk,approved_on_validation,우선 점검 후보
2024-06-14,AST-5007,A2,9,5.239635131281888,0.0686385335667269,0.0403871025357415,MRO-50009;MRO-10046;MRO-10045,MRO-50009;MRO-10046;MRO-10045,EOT Crane,PUN-01,calibration,12,risk,caution,approved_on_validation,우선 점검 후보
2024-06-15,AST-1041,A2,0,0.0031310249121227,6.891332434019667e-12,6.3105546898652475e-15,MRO-50009;MRO-10045;MRO-10046,MRO-50009;MRO-10045;MRO-10046,CNC Lathe,PUN-01,calibration,12,normal,normal,approved_on_validation,우선 점검 후보
2024-06-15,AST-1042,A2,0,0.003233532057603,6.5623686015359226e-12,6.625206138500641e-15,MRO-10046;MRO-20031;MRO-50009,MRO-10046;MRO-20031;MRO-50009,CNC Lathe,PUN-01,calibration,12,normal,normal,approved_on_validation,우선 점검 후보
2024-06-15,AST-2017,A2,0,0.0032973953767073,6.676077617407157e-12,6.9316867433193376e-15,MRO-60015;MRO-10047;MRO-10046,MRO-10047;MRO-10046;MRO-20031,Hydraulic Press,PUN-01,calibration,12,normal,normal,approved_on_validation,우선 점검 후보
2024-06-15,AST-2031,A2,0,0.0032708803112989,6.755867495024161e-12,6.903186031291164e-15,MRO-10046;MRO-50008;MRO-80002,MRO-10046;MRO-10045;MRO-10047,Hydraulic Press,CHN-02,calibration,12,normal,normal,approved_on_validation,우선 점검 후보
2024-06-15,AST-3008,A2,0,0.0032137160370049,6.492016116740592e-12,6.500268534301475e-15,MRO-10045;MRO-10046;MRO-10047,MRO-10045;MRO-10046;MRO-10047,Belt Conveyor,CHN-02,calibration,12,normal,normal,approved_on_validation,우선 점검 후보
2024-06-15,AST-3019,A2,0,0.0032100383171656,6.4889818438139366e-12,6.48519863661553e-15,MRO-30011;MRO-10045;MRO-10047,MRO-10045;MRO-10047;MRO-20031,Belt Conveyor,CHN-02,calibration,12,normal,normal,approved_on_validation,우선 점검 후보
2024-06-15,AST-4055,A2,0,0.0032461307687851,6.619198636875797e-12,6.723092791620324e-15,MRO-10045;MRO-10046;MRO-20031,MRO-10045;MRO-10046;MRO-20031,Screw Compressor,DHR-03,calibration,12,normal,normal,approved_on_validation,우선 점검 후보
2024-06-15,AST-4061,A2,0,0.0033177002362305,7.568820419262316e-12,7.659297223037401e-15,MRO-50009;MRO-10046;MRO-10047,MRO-50009;MRO-10046;MRO-10047,Screw Compressor,DHR-03,calibration,12,normal,normal,approved_on_validation,우선 점검 후보
2024-06-15,AST-5003,A2,0,0.003492262962571,9.388365518962223e-12,9.736481370914891e-15,MRO-20031;MRO-50009;MRO-20033,MRO-20031;MRO-50009;MRO-10046,EOT Crane,DHR-03,calibration,12,normal,normal,approved_on_validation,우선 점검 후보
2024-06-15,AST-5007,A2,0,0.0031704612065988,4.972315593440288e-12,5.211393183554572e-15,MRO-60015;MRO-70004;MRO-10046,MRO-60015;MRO-10046;MRO-10045,EOT Crane,PUN-01,calibration,12,normal,normal,approved_on_validation,우선 점검 후보
2024-06-16,AST-1041,A2,0,0.0031385618968571,6.921907355739309e-12,6.362361055043804e-15,MRO-50009;MRO-10045;MRO-10046,MRO-50009;MRO-10045;MRO-10046,CNC Lathe,PUN-01,calibration,12,normal,normal,approved_on_validation,우선 점검 후보
2024-06-16,AST-1042,A2,0,0.0032462107787828,6.927998577329399e-12,6.742326133225665e-15,MRO-10045;MRO-80002;MRO-10047,MRO-10045;MRO-10047;MRO-20031,CNC Lathe,PUN-01,calibration,12,normal,normal,approved_on_validation,우선 점검 후보
2024-06-16,AST-2017,A2,0,0.0038867982001857,1.677603545635043e-11,1.703177347429723e-14,MRO-10046;MRO-50009;MRO-20031,MRO-10046;MRO-50009;MRO-20031,Hydraulic Press,PUN-01,calibration,12,normal,normal,approved_on_validation,우선 점검 후보
2024-06-16,AST-2031,A2,0,0.0032433138489232,6.812830749388337e-12,6.8475139541114405e-15,MRO-10046;MRO-10045;MRO-10047,MRO-10046;MRO-10045;MRO-10047,Hydraulic Press,CHN-02,calibration,12,normal,normal,approved_on_validation,우선 점검 후보
2024-06-16,AST-3008,A2,0,0.0030966044791957,4.794824811935757e-12,4.849083824400679e-15,MRO-40021;MRO-50008;MRO-90011,MRO-10045;MRO-10046;MRO-10047,Belt Conveyor,CHN-02,calibration,12,normal,normal,approved_on_validation,우선 점검 후보
2024-06-16,AST-3019,A2,0,0.0032634133515612,6.878934785498029e-12,6.948868887769816e-15,MRO-60016;MRO-20031;MRO-10045,MRO-20031;MRO-10045;MRO-10046,Belt Conveyor,CHN-02,calibration,12,normal,normal,approved_on_validation,우선 점검 후보
2024-06-16,AST-4055,A2,0,0.0033677587861115,7.557594263303392e-12,7.884389221283518e-15,MRO-10046;MRO-10045;MRO-20031,MRO-10046;MRO-10045;MRO-20031,Screw Compressor,DHR-03,calibration,12,normal,normal,approved_on_validation,우선 점검 후보
2024-06-16,AST-4061,A2,0,0.0033240133033663,7.603976348556406e-12,7.705959180288283e-15,MRO-50009;MRO-10046;MRO-10047,MRO-50009;MRO-10046;MRO-10047,Screw Compressor,DHR-03,calibration,12,normal,normal,approved_on_validation,우선 점검 후보
2024-06-16,AST-5003,A2,0,0.0031772476779172,6.550983055358343e-12,6.411783023553039e-15,MRO-20031;MRO-10045;MRO-10046,MRO-20031;MRO-10045;MRO-10046,EOT Crane,DHR-03,calibration,12,normal,normal,approved_on_validation,우선 점검 후보
2024-06-16,AST-5007,A2,0,0.0030513912621066,4.85109227241668e-12,4.791091825655971e-15,MRO-60015;MRO-70004;MRO-10045,MRO-10045;MRO-10047;MRO-20031,EOT Crane,PUN-01,calibration,12,normal,normal,approved_on_validation,우선 점검 후보
2024-06-17,AST-1041,A2,10,5.888741200416664,0.0975271502378488,0.0607081085705443,MRO-50009;MRO-80001;MRO-10047,MRO-50009;MRO-80001;MRO-10047,CNC Lathe,PUN-01,calibration,12,risk,risk,approved_on_validation,우선 점검 후보
2024-06-17,AST-1042,A2,2,6.410968382465102,0.1225457489293721,0.0804369443407386,MRO-50009;MRO-20031;MRO-80001,MRO-50009;MRO-20031;MRO-80001,CNC Lathe,PUN-01,calibration,12,caution,risk,approved_on_validation,우선 점검 후보
2024-06-17,AST-2017,A2,3,7.362298567532574,0.17909967683861,0.1221317956765511,MRO-40022;MRO-10047;MRO-20031,MRO-10047;MRO-20031;MRO-10045,Hydraulic Press,PUN-01,calibration,12,caution,risk,approved_on_validation,우선 점검 후보
2024-06-17,AST-2031,A2,8,7.135409661723154,0.1646011678939047,0.1118872611180914,MRO-10046;MRO-80001;MRO-20031,MRO-10046;MRO-80001;MRO-20031,Hydraulic Press,CHN-02,calibration,12,risk,risk,approved_on_validation,우선 점검 후보
2024-06-17,AST-3008,A2,14,6.005227598764437,0.0962429918199745,0.0645910199685873,MRO-70004;MRO-20031;MRO-80001,MRO-20031;MRO-80001;MRO-10046,Belt Conveyor,CHN-02,calibration,12,high_risk,caution,approved_on_validation,우선 점검 후보
2024-06-17,AST-3019,A2,4,5.632593521714279,0.086991941671859,0.0523663918587894,MRO-20031;MRO-50009;MRO-80001,MRO-20031;MRO-50009;MRO-80001,Belt Conveyor,CHN-02,calibration,12,caution,caution,approved_on_validation,우선 점검 후보
2024-06-17,AST-4055,A2,14,10.442545784104308,0.4011922371706532,0.3200850479209154,MRO-10046;MRO-20031;MRO-40021,MRO-10046;MRO-20031;MRO-10045,Screw Compressor,DHR-03,calibration,12,high_risk,risk,approved_on_validation,우선 점검 후보
2024-06-17,AST-4061,A2,11,6.782215854572654,0.1471968068203812,0.0972025000577312,MRO-50009;MRO-10045;MRO-80001,MRO-50009;MRO-10045;MRO-80001,Screw Compressor,DHR-03,calibration,12,risk,risk,approved_on_validation,우선 점검 후보
2024-06-17,AST-5003,A2,9,6.8608974806806,0.1529774709838191,0.0981597595057471,MRO-80001;MRO-10047;MRO-10046,MRO-80001;MRO-10047;MRO-10046,EOT Crane,DHR-03,calibration,12,risk,risk,approved_on_validation,우선 점검 후보
2024-06-17,AST-5007,A2,8,5.609685334864086,0.0806374886885615,0.0500450456381584,MRO-40021;MRO-20031;MRO-10045,MRO-20031;MRO-10045;MRO-10047,EOT Crane,PUN-01,calibration,12,risk,caution,approved_on_validation,우선 점검 후보
2024-06-18,AST-1041,A2,2,6.512209214011807,0.1269322668645646,0.0839303082282061,MRO-80002;MRO-50009;MRO-80001,MRO-50009;MRO-80001;MRO-10047,CNC Lathe,PUN-01,calibration,12,caution,risk,approved_on_validation,우선 점검 후보
2024-06-18,AST-1042,A2,0,6.362335004267894,0.1218485410801849,0.0781169919941268,MRO-10045;MRO-10047;MRO-10046,MRO-10045;MRO-10047;MRO-10046,CNC Lathe,PUN-01,calibration,12,normal,risk,approved_on_validation,우선 점검 후보
2024-06-18,AST-2017,A2,14,6.424563923156263,0.1219432017163442,0.0785288631908723,MRO-40022;MRO-80001;MRO-20031,MRO-80001;MRO-20031;MRO-10046,Hydraulic Press,PUN-01,calibration,12,high_risk,risk,approved_on_validation,우선 점검 후보
2024-06-18,AST-2031,A2,1,7.679882990329703,0.1977448406245486,0.1398891419241019,MRO-50009;MRO-20031;MRO-10046,MRO-50009;MRO-20031;MRO-10046,Hydraulic Press,CHN-02,calibration,12,caution,risk,approved_on_validation,우선 점검 후보
2024-06-18,AST-3008,A2,0,6.903833984516557,0.1536863306966716,0.1015356593987723,MRO-80001;MRO-20031;MRO-10046,MRO-80001;MRO-20031;MRO-10046,Belt Conveyor,CHN-02,calibration,12,normal,risk,approved_on_validation,우선 점검 후보
2024-06-18,AST-3019,A2,9,5.420245896300365,0.0761846304372019,0.0454310614284936,MRO-10045;MRO-10046;MRO-20031,MRO-10045;MRO-10046;MRO-20031,Belt Conveyor,CHN-02,calibration,12,risk,caution,approved_on_validation,우선 점검 후보
2024-06-18,AST-4055,A2,12,7.741231785287657,0.2011219704539754,0.1433134552243468,MRO-20031;MRO-50009;MRO-10047,MRO-20031;MRO-50009;MRO-10047,Screw Compressor,DHR-03,calibration,12,high_risk,risk,approved_on_validation,우선 점검 후보
2024-06-18,AST-4061,A2,5,6.233171835871811,0.1141258446012453,0.074046203903198,MRO-10046;MRO-10045;MRO-80001,MRO-10046;MRO-10045;MRO-80001,Screw Compressor,DHR-03,calibration,12,caution,risk,approved_on_validation,우선 점검 후보
2024-06-18,AST-5003,A2,8,8.32497940985172,0.2477477473541673,0.1726457588453742,MRO-10047;MRO-20031;MRO-20033,MRO-10047;MRO-20031;MRO-10046,EOT Crane,DHR-03,calibration,12,risk,risk,approved_on_validation,우선 점검 후보
2024-06-18,AST-5007,A2,6,6.446050209286611,0.1243223704363054,0.0813795646344262,MRO-10045;MRO-80001;MRO-10046,MRO-10045;MRO-80001;MRO-10046,EOT Crane,PUN-01,calibration,12,risk,risk,approved_on_validation,우선 점검 후보
2024-06-19,AST-1041,A2,1,6.327706897415416,0.1185045899454643,0.0764147931377275,MRO-10047;MRO-50009;MRO-80001,MRO-10047;MRO-50009;MRO-80001,CNC Lathe,PUN-01,calibration,12,caution,risk,approved_on_validation,우선 점검 후보
2024-06-19,AST-1042,A2,0,6.583848437146685,0.1320942913404086,0.0846654085343906,MRO-40022;MRO-10046;MRO-10045,MRO-10046;MRO-10045;MRO-10047,CNC Lathe,PUN-01,calibration,12,normal,risk,approved_on_validation,우선 점검 후보
2024-06-19,AST-2017,A2,13,8.354709001908065,0.244695250821568,0.1775352251596397,MRO-80001;MRO-10047;MRO-10045,MRO-80001;MRO-10047;MRO-10045,Hydraulic Press,PUN-01,calibration,12,high_risk,risk,approved_on_validation,우선 점검 후보
2024-06-19,AST-2031,A2,5,6.960844653862443,0.1529781315591662,0.1033001443896279,MRO-20031;MRO-50009;MRO-10045,MRO-20031;MRO-50009;MRO-10045,Hydraulic Press,CHN-02,calibration,12,caution,risk,approved_on_validation,우선 점검 후보
2024-06-19,AST-3008,A2,7,6.68376746021394,0.1348348175147095,0.0915954107914767,MRO-20032;MRO-10046;MRO-10047,MRO-10046;MRO-10047;MRO-80001,Belt Conveyor,CHN-02,calibration,12,risk,risk,approved_on_validation,우선 점검 후보
2024-06-19,AST-3019,A2,16,6.794624380353441,0.13805939253617,0.0932124712880664,MRO-40021;MRO-60015;MRO-40022,MRO-10045;MRO-10047;MRO-10046,Belt Conveyor,CHN-02,calibration,12,high_risk,risk,approved_on_validation,우선 점검 후보
2024-06-19,AST-4055,A2,6,8.581510305729276,0.2625827069569625,0.1888674345389475,MRO-10046;MRO-20031;MRO-10047,MRO-10046;MRO-20031;MRO-10047,Screw Compressor,DHR-03,calibration,12,risk,risk,approved_on_validation,우선 점검 후보
2024-06-19,AST-4061,A2,8,6.456753757868887,0.1239843350593528,0.0812778931176752,MRO-40022;MRO-10045;MRO-80001,MRO-10045;MRO-80001;MRO-50009,Screw Compressor,DHR-03,calibration,12,risk,risk,approved_on_validation,우선 점검 후보
2024-06-19,AST-5003,A2,3,7.767246117747226,0.2047754680654161,0.1437119769931313,MRO-10046;MRO-10047;MRO-50009,MRO-10046;MRO-10047;MRO-50009,EOT Crane,DHR-03,calibration,12,caution,risk,approved_on_validation,우선 점검 후보
2024-06-19,AST-5007,A2,5,5.404811743185996,0.0725729042727644,0.0443281840033838,MRO-40021;MRO-10045;MRO-10046,MRO-10045;MRO-10046;MRO-80001,EOT Crane,PUN-01,calibration,12,caution,caution,approved_on_validation,우선 점검 후보
2024-06-20,AST-1041,A2,4,6.6698417132523256,0.1360327418264273,0.0892835755591761,MRO-50009;MRO-10047;MRO-80001,MRO-50009;MRO-10047;MRO-80001,CNC Lathe,PUN-01,calibration,12,caution,risk,approved_on_validation,우선 점검 후보
2024-06-20,AST-1042,A2,5,6.189221975481961,0.1115196256457222,0.0710373046905617,MRO-10045;MRO-10046;MRO-10047,MRO-10045;MRO-10046;MRO-10047,CNC Lathe,PUN-01,calibration,12,caution,risk,approved_on_validation,우선 점검 후보
2024-06-20,AST-2017,A2,1,8.559670865071464,0.2603867683041689,0.1905172310578961,MRO-80001;MRO-10047;MRO-10045,MRO-80001;MRO-10047;MRO-10045,Hydraulic Press,PUN-01,calibration,12,caution,risk,approved_on_validation,우선 점검 후보
2024-06-20,AST-2031,A2,6,7.352154603698722,0.1771866812699602,0.1221748102928585,MRO-10047;MRO-10046;MRO-20031,MRO-10047;MRO-10046;MRO-20031,Hydraulic Press,CHN-02,calibration,12,risk,risk,approved_on_validation,우선 점검 후보
2024-06-20,AST-3008,A2,4,6.3955012405785325,0.119590121027648,0.0792649787988143,MRO-10045;MRO-10047;MRO-10046,MRO-10045;MRO-10047;MRO-10046,Belt Conveyor,CHN-02,calibration,12,caution,risk,approved_on_validation,우선 점검 후보
2024-06-20,AST-3019,A2,2,5.646515039562794,0.0855290306049018,0.0528467457891193,MRO-10045;MRO-10047;MRO-20031,MRO-10045;MRO-10047;MRO-20031,Belt Conveyor,CHN-02,calibration,12,caution,caution,approved_on_validation,우선 점검 후보
2024-06-20,AST-4055,A2,1,7.97547736389886,0.2210283096088883,0.1557933834932143,MRO-20031;MRO-80001;MRO-10046,MRO-20031;MRO-80001;MRO-10046,Screw Compressor,DHR-03,calibration,12,caution,risk,approved_on_validation,우선 점검 후보
2024-06-20,AST-4061,A2,0,6.1432587807467085,0.1081189668108876,0.0685862303356583,MRO-10047;MRO-10045;MRO-40022,MRO-10047;MRO-10045;MRO-10046,Screw Compressor,DHR-03,calibration,12,normal,risk,approved_on_validation,우선 점검 후보
2024-06-20,AST-5003,A2,10,8.766945534041136,0.2785323411767424,0.2039121500959735,MRO-20031;MRO-50009;MRO-10046,MRO-20031;MRO-50009;MRO-10046,EOT Crane,DHR-03,calibration,12,risk,risk,approved_on_validation,우선 점검 후보
2024-06-20,AST-5007,A2,0,5.7172641520499194,0.0874482975194602,0.0542134291891889,MRO-10045;MRO-80001;MRO-10046,MRO-10045;MRO-80001;MRO-10046,EOT Crane,PUN-01,calibration,12,normal,caution,approved_on_validation,우선 점검 후보
2024-06-21,AST-1041,A2,9,5.792903925950169,0.0903431898085479,0.0564757996000317,MRO-50009;MRO-10045;MRO-10047,MRO-50009;MRO-10045;MRO-10047,CNC Lathe,PUN-01,calibration,12,risk,caution,approved_on_validation,우선 점검 후보
2024-06-21,AST-1042,A2,4,6.399747667488661,0.121140223959237,0.0794475887874374,MRO-50009;MRO-20031;MRO-80001,MRO-50009;MRO-20031;MRO-80001,CNC Lathe,PUN-01,calibration,12,caution,risk,approved_on_validation,우선 점검 후보
2024-06-21,AST-2017,A2,5,8.322589544531166,0.2432883469668728,0.1773005303533875,MRO-80001;MRO-50009;MRO-20031,MRO-80001;MRO-50009;MRO-20031,Hydraulic Press,PUN-01,calibration,12,caution,risk,approved_on_validation,우선 점검 후보
2024-06-21,AST-2031,A2,15,7.206220346566095,0.1669722336463387,0.1152874906153816,MRO-20031;MRO-10045;MRO-10046,MRO-20031;MRO-10045;MRO-10046,Hydraulic Press,CHN-02,calibration,12,high_risk,risk,approved_on_validation,우선 점검 후보
2024-06-21,AST-3008,A2,6,6.580826707211641,0.1302934855129494,0.0870980030838485,MRO-50009;MRO-10046;MRO-10047,MRO-50009;MRO-10046;MRO-10047,Belt Conveyor,CHN-02,calibration,12,risk,risk,approved_on_validation,우선 점검 후보
2024-06-21,AST-3019,A2,4,5.472795509170699,0.0777569252130189,0.0470632890094484,MRO-10046;MRO-10047;MRO-10045,MRO-10046;MRO-10047;MRO-10045,Belt Conveyor,CHN-02,calibration,12,caution,caution,approved_on_validation,우선 점검 후보
2024-06-21,AST-4055,A2,5,8.571685990010831,0.2572301098729489,0.1903781581670532,MRO-40021;MRO-40022;MRO-10046,MRO-10046;MRO-80001;MRO-20031,Screw Compressor,DHR-03,calibration,12,caution,risk,approved_on_validation,우선 점검 후보
2024-06-21,AST-4061,A2,15,6.714126307874872,0.1392469981133577,0.0919687094077467,MRO-80001;MRO-10046;MRO-20031,MRO-80001;MRO-10046;MRO-20031,Screw Compressor,DHR-03,calibration,12,high_risk,risk,approved_on_validation,우선 점검 후보
2024-06-21,AST-5003,A2,3,8.906213711059403,0.2871169472267571,0.2123001926639384,MRO-50009;MRO-10046;MRO-20031,MRO-50009;MRO-10046;MRO-20031,EOT Crane,DHR-03,calibration,12,caution,risk,approved_on_validation,우선 점검 후보
2024-06-21,AST-5007,A2,4,6.0377842092622,0.1014552582548085,0.0648417890083902,MRO-10047;MRO-10045;MRO-80001,MRO-10047;MRO-10045;MRO-80001,EOT Crane,PUN-01,calibration,12,caution,risk,approved_on_validation,우선 점검 후보
2024-06-22,AST-1041,A2,0,0.0032255852914969,6.452713395695912e-12,6.525483852086141e-15,MRO-10046;MRO-10047;MRO-20031,MRO-10046;MRO-10047;MRO-20031,CNC Lathe,PUN-01,calibration,12,normal,normal,approved_on_validation,우선 점검 후보
2024-06-22,AST-1042,A2,0,0.0032246774174684,6.56706273534221e-12,6.609043216310534e-15,MRO-10045;MRO-10046;MRO-10047,MRO-10045;MRO-10046;MRO-10047,CNC Lathe,PUN-01,calibration,12,normal,normal,approved_on_validation,우선 점검 후보
2024-06-22,AST-2017,A2,0,0.0032485506235878,6.574522554746798e-12,6.686811640001902e-15,MRO-30012;MRO-50008;MRO-70005,MRO-10045;MRO-10046;MRO-10047,Hydraulic Press,PUN-01,calibration,12,normal,normal,approved_on_validation,우선 점검 후보
2024-06-22,AST-2031,A2,0,0.0031881305339839,6.503731938213619e-12,6.440861866946094e-15,MRO-10045;MRO-10046;MRO-10047,MRO-10045;MRO-10046;MRO-10047,Hydraulic Press,CHN-02,calibration,12,normal,normal,approved_on_validation,우선 점검 후보
2024-06-22,AST-3008,A2,0,0.0032361593398392,6.583912266759896e-12,6.662163973832508e-15,MRO-10045;MRO-10047;MRO-20031,MRO-10045;MRO-10047;MRO-20031,Belt Conveyor,CHN-02,calibration,12,normal,normal,approved_on_validation,우선 점검 후보
2024-06-22,AST-3019,A2,0,0.003309693154083,6.687566641860085e-12,7.21743795281118e-15,MRO-20032;MRO-80001;MRO-10045,MRO-80001;MRO-10045;MRO-10046,Belt Conveyor,CHN-02,calibration,12,normal,normal,approved_on_validation,우선 점검 후보
2024-06-22,AST-4055,A2,0,0.0032450621213794,6.609847596313021e-12,6.7119940071568795e-15,MRO-10045;MRO-10046;MRO-10047,MRO-10045;MRO-10046;MRO-10047,Screw Compressor,DHR-03,calibration,12,normal,normal,approved_on_validation,우선 점검 후보
2024-06-22,AST-4061,A2,0,0.0032166926528664,6.477176827845981e-12,6.5154767205344696e-15,MRO-10046;MRO-80001;MRO-30011,MRO-10046;MRO-80001;MRO-10045,Screw Compressor,DHR-03,calibration,12,normal,normal,approved_on_validation,우선 점검 후보
2024-06-22,AST-5003,A2,0,0.0037532149415086,1.332966333027262e-11,1.3777105036139122e-14,MRO-10047;MRO-20033;MRO-30011,MRO-10047;MRO-20031;MRO-10046,EOT Crane,DHR-03,calibration,12,normal,normal,approved_on_validation,우선 점검 후보
2024-06-22,AST-5007,A2,0,0.0032325503243611,6.556656137071337e-12,6.616049300685802e-15,MRO-10045;MRO-10046;MRO-10047,MRO-10045;MRO-10046;MRO-10047,EOT Crane,PUN-01,calibration,12,normal,normal,approved_on_validation,우선 점검 후보
2024-06-23,AST-1041,A2,0,0.0032287139313775,6.5445985401689465e-12,6.593338550019761e-15,MRO-10046;MRO-10047;MRO-20031,MRO-10046;MRO-10047;MRO-20031,CNC Lathe,PUN-01,calibration,12,normal,normal,approved_on_validation,우선 점검 후보
2024-06-23,AST-1042,A2,0,0.0030358959195967,5.353066619090086e-12,5.102585034830029e-15,MRO-10045;MRO-80002;MRO-20031,MRO-10045;MRO-20031;MRO-10046,CNC Lathe,PUN-01,calibration,12,normal,normal,approved_on_validation,우선 점검 후보
2024-06-23,AST-2017,A2,0,0.0032618071849401,6.574647855612825e-12,6.7531437206204636e-15,MRO-30012;MRO-50008;MRO-70005,MRO-10045;MRO-10046;MRO-10047,Hydraulic Press,PUN-01,calibration,12,normal,normal,approved_on_validation,우선 점검 후보
2024-06-23,AST-2031,A2,0,0.0033855099974988,9.016023184864388e-12,8.942851912152887e-15,MRO-20031;MRO-50009;MRO-10045,MRO-20031;MRO-50009;MRO-10045,Hydraulic Press,CHN-02,calibration,12,normal,normal,approved_on_validation,우선 점검 후보
2024-06-23,AST-3008,A2,0,0.0032250968057017,6.6017450066790385e-12,6.573887731724481e-15,MRO-30011;MRO-10045;MRO-10047,MRO-10045;MRO-10047;MRO-20031,Belt Conveyor,CHN-02,calibration,12,normal,normal,approved_on_validation,우선 점검 후보
2024-06-23,AST-3019,A2,0,0.0032195813926803,6.526342067393684e-12,6.540842794981837e-15,MRO-10045;MRO-10046;MRO-10047,MRO-10045;MRO-10046;MRO-10047,Belt Conveyor,CHN-02,calibration,12,normal,normal,approved_on_validation,우선 점검 후보
2024-06-23,AST-4055,A2,0,0.0032578238681064,6.8589544632381906e-12,6.860188040973923e-15,MRO-60016;MRO-10045;MRO-10047,MRO-10045;MRO-10047;MRO-20031,Screw Compressor,DHR-03,calibration,12,normal,normal,approved_on_validation,우선 점검 후보
2024-06-23,AST-4061,A2,0,0.0032277688886287,6.5672924658160194e-12,6.622947084216585e-15,MRO-10046;MRO-50009;MRO-80001,MRO-10046;MRO-50009;MRO-80001,Screw Compressor,DHR-03,calibration,12,normal,normal,approved_on_validation,우선 점검 후보
2024-06-23,AST-5003,A2,0,0.0039042430295011,2.0978708301980715e-11,1.9665389312016822e-14,MRO-10046;MRO-20031;MRO-50009,MRO-10046;MRO-20031;MRO-50009,EOT Crane,DHR-03,calibration,12,normal,normal,approved_on_validation,우선 점검 후보
2024-06-23,AST-5007,A2,0,0.0032313054118428,6.567299356470599e-12,6.612942854929543e-15,MRO-10045;MRO-10046;MRO-10047,MRO-10045;MRO-10046;MRO-10047,EOT Crane,PUN-01,calibration,12,normal,normal,approved_on_validation,우선 점검 후보
2024-06-24,AST-1041,A2,17,6.210560129380198,0.1105736762947583,0.0702944093616037,MRO-30011;MRO-10045;MRO-20031,MRO-10045;MRO-20031;MRO-10046,CNC Lathe,PUN-01,calibration,12,high_risk,risk,approved_on_validation,우선 점검 후보
2024-06-24,AST-1042,A2,10,5.924863308965592,0.0983342347066429,0.0612637276943739,MRO-50009;MRO-10045;MRO-10046,MRO-50009;MRO-10045;MRO-10046,CNC Lathe,PUN-01,calibration,12,risk,risk,approved_on_validation,우선 점검 후보
2024-06-24,AST-2017,A2,9,8.032022213336823,0.2225986862838444,0.1591666682969459,MRO-80001;MRO-10047;MRO-20031,MRO-80001;MRO-10047;MRO-20031,Hydraulic Press,PUN-01,calibration,12,risk,risk,approved_on_validation,우선 점검 후보
2024-06-24,AST-2031,A2,2,7.401203492699586,0.1776385339620502,0.1247951362753479,MRO-50009;MRO-20031;MRO-10045,MRO-50009;MRO-20031;MRO-10045,Hydraulic Press,CHN-02,calibration,12,caution,risk,approved_on_validation,우선 점검 후보
2024-06-24,AST-3008,A2,5,6.625701086839384,0.1324083951737354,0.0885514570121199,MRO-10046;MRO-50009;MRO-10045,MRO-10046;MRO-50009;MRO-10045,Belt Conveyor,CHN-02,calibration,12,caution,risk,approved_on_validation,우선 점검 후보
2024-06-24,AST-3019,A2,2,5.436949310668307,0.0761276430319861,0.046858246267465,MRO-80001;MRO-10045;MRO-20031,MRO-80001;MRO-10045;MRO-20031,Belt Conveyor,CHN-02,calibration,12,caution,caution,approved_on_validation,우선 점검 후보
2024-06-24,AST-4055,A2,8,7.712846442427423,0.1993168962608986,0.1394111495746216,MRO-40022;MRO-10046;MRO-20031,MRO-10046;MRO-20031;MRO-80001,Screw Compressor,DHR-03,calibration,12,risk,risk,approved_on_validation,우선 점검 후보
2024-06-24,AST-4061,A2,6,6.0802332977011675,0.1046003243859262,0.0664892343134518,MRO-10045;MRO-40022;MRO-10046,MRO-10045;MRO-10046;MRO-80001,Screw Compressor,DHR-03,calibration,12,risk,risk,approved_on_validation,우선 점검 후보
2024-06-24,AST-5003,A2,16,7.853551015588401,0.2086527672124255,0.1483517569973037,MRO-10046;MRO-50009;MRO-80001,MRO-10046;MRO-50009;MRO-80001,EOT Crane,DHR-03,calibration,12,high_risk,risk,approved_on_validation,우선 점검 후보
2024-06-24,AST-5007,A2,14,5.259432942643001,0.0657861085841636,0.0395371085843692,MRO-50008;MRO-40022;MRO-20031,MRO-20031;MRO-10045;MRO-10046,EOT Crane,PUN-01,calibration,12,high_risk,caution,approved_on_validation,우선 점검 후보
2024-06-25,AST-1041,A2,8,6.958679726359462,0.151156747655114,0.1030455342315271,MRO-50009;MRO-10045;MRO-30011,MRO-50009;MRO-10045;MRO-10046,CNC Lathe,PUN-01,calibration,12,risk,risk,approved_on_validation,우선 점검 후보
2024-06-25,AST-1042,A2,0,6.589364719956018,0.1298471449522906,0.0857723888006747,MRO-10047;MRO-80001;MRO-50009,MRO-10047;MRO-80001;MRO-50009,CNC Lathe,PUN-01,calibration,12,normal,risk,approved_on_validation,우선 점검 후보
2024-06-25,AST-2017,A2,9,8.163280863993467,0.2320012860869715,0.1665613646070743,MRO-80001;MRO-20031;MRO-10047,MRO-80001;MRO-20031;MRO-10047,Hydraulic Press,PUN-01,calibration,12,risk,risk,approved_on_validation,우선 점검 후보
2024-06-25,AST-2031,A2,5,7.25187078809947,0.169840701690809,0.1174740202665805,MRO-10046;MRO-50009;MRO-20031,MRO-10046;MRO-50009;MRO-20031,Hydraulic Press,CHN-02,calibration,12,caution,risk,approved_on_validation,우선 점검 후보
2024-06-25,AST-3008,A2,4,6.410503215384269,0.1198524986533319,0.0797933219040315,MRO-10046;MRO-20032;MRO-50009,MRO-10046;MRO-50009;MRO-10047,Belt Conveyor,CHN-02,calibration,12,caution,risk,approved_on_validation,우선 점검 후보
2024-06-25,AST-3019,A2,5,5.396052663454163,0.0750565487306334,0.0451478297408373,MRO-80001;MRO-10045;MRO-10047,MRO-80001;MRO-10045;MRO-10047,Belt Conveyor,CHN-02,calibration,12,caution,caution,approved_on_validation,우선 점검 후보
2024-06-25,AST-4055,A2,0,8.199624276571019,0.2335638444301437,0.1673946118158596,MRO-40022;MRO-80001;MRO-20031,MRO-80001;MRO-20031;MRO-10045,Screw Compressor,DHR-03,calibration,12,normal,risk,approved_on_validation,우선 점검 후보
2024-06-25,AST-4061,A2,2,6.528544526881645,0.1287890176095585,0.0845735874194189,MRO-10045;MRO-10047;MRO-20031,MRO-10045;MRO-10047;MRO-20031,Screw Compressor,DHR-03,calibration,12,caution,risk,approved_on_validation,우선 점검 후보
2024-06-25,AST-5003,A2,23,7.936097348721151,0.215332446347835,0.1531628736001043,MRO-10046;MRO-20031;MRO-50009,MRO-10046;MRO-20031;MRO-50009,EOT Crane,DHR-03,calibration,12,high_risk,risk,approved_on_validation,우선 점검 후보
2024-06-25,AST-5007,A2,5,5.5983863304529615,0.0817838282742501,0.0501440315823275,MRO-10045;MRO-50009;MRO-20031,MRO-10045;MRO-50009;MRO-20031,EOT Crane,PUN-01,calibration,12,caution,caution,approved_on_validation,우선 점검 후보
2024-06-26,AST-1041,A2,0,6.167219696338543,0.1089363247645262,0.0703649168011605,MRO-50009;MRO-80001;MRO-10045,MRO-50009;MRO-80001;MRO-10045,CNC Lathe,PUN-01,calibration,12,normal,risk,approved_on_validation,우선 점검 후보
2024-06-26,AST-1042,A2,12,6.0775936836789715,0.105502413826214,0.0667224020315482,MRO-10047;MRO-80001;MRO-50009,MRO-10047;MRO-80001;MRO-50009,CNC Lathe,PUN-01,calibration,12,high_risk,risk,approved_on_validation,우선 점검 후보
2024-06-26,AST-2017,A2,4,8.286519907216709,0.2405046020629162,0.1748986399554633,MRO-80001;MRO-20031;MRO-10047,MRO-80001;MRO-20031;MRO-10047,Hydraulic Press,PUN-01,calibration,12,caution,risk,approved_on_validation,우선 점검 후보
2024-06-26,AST-2031,A2,17,7.818754429701413,0.2083457609066523,0.1478929168632723,MRO-50009;MRO-20031;MRO-10045,MRO-50009;MRO-20031;MRO-10045,Hydraulic Press,CHN-02,calibration,12,high_risk,risk,approved_on_validation,우선 점검 후보
2024-06-26,AST-3008,A2,5,6.832051421729052,0.1409074616249645,0.0965714737796746,MRO-20032;MRO-60016;MRO-60015,MRO-10046;MRO-10047;MRO-50009,Belt Conveyor,CHN-02,calibration,12,caution,risk,approved_on_validation,우선 점검 후보
2024-06-26,AST-3019,A2,6,5.513423687496231,0.0788849813756393,0.0479936428760627,MRO-80001;MRO-10045;MRO-20031,MRO-80001;MRO-10045;MRO-20031,Belt Conveyor,CHN-02,calibration,12,risk,caution,approved_on_validation,우선 점검 후보
2024-06-26,AST-4055,A2,15,8.24295676143029,0.2363901202114442,0.1681117293562988,MRO-40022;MRO-40021;MRO-10045,MRO-10045;MRO-20031;MRO-10046,Screw Compressor,DHR-03,calibration,12,high_risk,risk,approved_on_validation,우선 점검 후보
2024-06-26,AST-4061,A2,5,6.840445875173392,0.1457794932465694,0.0966645318063407,MRO-40022;MRO-20031;MRO-10045,MRO-20031;MRO-10045;MRO-10047,Screw Compressor,DHR-03,calibration,12,caution,risk,approved_on_validation,우선 점검 후보
2024-06-26,AST-5003,A2,9,7.660138112761142,0.1960984095367625,0.1372462472620524,MRO-20031;MRO-50009;MRO-10046,MRO-20031;MRO-50009;MRO-10046,EOT Crane,DHR-03,calibration,12,risk,risk,approved_on_validation,우선 점검 후보
2024-06-26,AST-5007,A2,11,5.984961543967584,0.1006796258017043,0.063505982256107,MRO-10045;MRO-50009;MRO-80001,MRO-10045;MRO-50009;MRO-80001,EOT Crane,PUN-01,calibration,12,risk,risk,approved_on_validation,우선 점검 후보
2024-06-27,AST-1041,A2,11,6.473645398442333,0.1265790786146529,0.0824615626915146,MRO-50009;MRO-10046;MRO-80001,MRO-50009;MRO-10046;MRO-80001,CNC Lathe,PUN-01,calibration,12,risk,risk,approved_on_validation,우선 점검 후보
2024-06-27,AST-1042,A2,4,6.254848314511543,0.1155744393673617,0.0734980314794826,MRO-10045;MRO-80001;MRO-10047,MRO-10045;MRO-80001;MRO-10047,CNC Lathe,PUN-01,calibration,12,caution,risk,approved_on_validation,우선 점검 후보
2024-06-27,AST-2017,A2,17,8.539368431950113,0.2577928174759038,0.1889915526160286,MRO-80001;MRO-10046;MRO-20031,MRO-80001;MRO-10046;MRO-20031,Hydraulic Press,PUN-01,calibration,12,high_risk,risk,approved_on_validation,우선 점검 후보
2024-06-27,AST-2031,A2,4,7.965841040582575,0.2195981435161101,0.1559679121812219,MRO-20031;MRO-50009;MRO-10045,MRO-20031;MRO-50009;MRO-10045,Hydraulic Press,CHN-02,calibration,12,caution,risk,approved_on_validation,우선 점검 후보
2024-06-27,AST-3008,A2,7,6.473965747056114,0.1240533630422832,0.0819949459505642,MRO-40022;MRO-50009;MRO-10045,MRO-50009;MRO-10045;MRO-10046,Belt Conveyor,CHN-02,calibration,12,risk,risk,approved_on_validation,우선 점검 후보
2024-06-27,AST-3019,A2,5,5.437524697980751,0.0765259224109597,0.0460250521935107,MRO-80001;MRO-10045;MRO-10046,MRO-80001;MRO-10045;MRO-10046,Belt Conveyor,CHN-02,calibration,12,caution,caution,approved_on_validation,우선 점검 후보
2024-06-27,AST-4055,A2,12,9.15076999448432,0.3029719254120355,0.2279784395113587,MRO-20031;MRO-80001;MRO-10045,MRO-20031;MRO-80001;MRO-10045,Screw Compressor,DHR-03,calibration,12,high_risk,risk,approved_on_validation,우선 점검 후보
2024-06-27,AST-4061,A2,2,6.639972123978709,0.1344283988560519,0.0890143303530562,MRO-20031;MRO-10045;MRO-10047,MRO-20031;MRO-10045;MRO-10047,Screw Compressor,DHR-03,calibration,12,caution,risk,approved_on_validation,우선 점검 후보
2024-06-27,AST-5003,A2,14,8.773638339522735,0.2712281382346553,0.2019695240912126,MRO-10047;MRO-40022;MRO-80001,MRO-10047;MRO-80001;MRO-10045,EOT Crane,DHR-03,calibration,12,high_risk,risk,approved_on_validation,우선 점검 후보
2024-06-27,AST-5007,A2,0,5.707905617901901,0.0872193367523415,0.0529753294134873,MRO-40022;MRO-10045;MRO-10047,MRO-10045;MRO-10047;MRO-50009,EOT Crane,PUN-01,calibration,12,normal,caution,approved_on_validation,우선 점검 후보
2024-06-28,AST-1041,A2,11,6.387448411800018,0.1191282457417294,0.078399201149669,MRO-10046;MRO-80001;MRO-50009,MRO-10046;MRO-80001;MRO-50009,CNC Lathe,PUN-01,calibration,12,risk,risk,approved_on_validation,우선 점검 후보
2024-06-28,AST-1042,A2,4,6.325426316956498,0.1177607130345923,0.0759552573889331,MRO-80001;MRO-10045;MRO-50009,MRO-80001;MRO-10045;MRO-50009,CNC Lathe,PUN-01,calibration,12,caution,risk,approved_on_validation,우선 점검 후보
2024-06-28,AST-2017,A2,0,8.700519982222476,0.2659696664182636,0.1988961600141904,MRO-80001;MRO-10046;MRO-20031,MRO-80001;MRO-10046;MRO-20031,Hydraulic Press,PUN-01,calibration,12,normal,risk,approved_on_validation,우선 점검 후보
2024-06-28,AST-2031,A2,8,8.054428372673353,0.2248084723714192,0.1605117005401609,MRO-50009;MRO-20031;MRO-10046,MRO-50009;MRO-20031;MRO-10046,Hydraulic Press,CHN-02,calibration,12,risk,risk,approved_on_validation,우선 점검 후보
2024-06-28,AST-3008,A2,11,6.2413594446144,0.1125608613795341,0.0727403751332036,MRO-20031;MRO-10045;MRO-80001,MRO-20031;MRO-10045;MRO-80001,Belt Conveyor,CHN-02,calibration,12,risk,risk,approved_on_validation,우선 점검 후보
2024-06-28,AST-3019,A2,9,5.649107195787997,0.0848469510459935,0.0522153834263929,MRO-20031;MRO-80001;MRO-10045,MRO-20031;MRO-80001;MRO-10045,Belt Conveyor,CHN-02,calibration,12,risk,caution,approved_on_validation,우선 점검 후보
2024-06-28,AST-4055,A2,10,8.260864437278235,0.2382772796580927,0.1718701102942895,MRO-50009;MRO-10045;MRO-20031,MRO-50009;MRO-10045;MRO-20031,Screw Compressor,DHR-03,calibration,12,risk,risk,approved_on_validation,우선 점검 후보
2024-06-28,AST-4061,A2,6,6.48433362371338,0.1254635881354371,0.0817018742508456,MRO-20031;MRO-10045;MRO-10047,MRO-20031;MRO-10045;MRO-10047,Screw Compressor,DHR-03,calibration,12,risk,risk,approved_on_validation,우선 점검 후보
2024-06-28,AST-5003,A2,10,11.8327335325129,0.5139952247603368,0.4272575068865979,MRO-10046;MRO-10047;MRO-10045,MRO-10046;MRO-10047;MRO-10045,EOT Crane,DHR-03,calibration,12,risk,high_risk,approved_on_validation,우선 점검 후보
2024-06-28,AST-5007,A2,7,6.014791401308817,0.1014049032082725,0.0645172932443897,MRO-10045;MRO-50009;MRO-10047,MRO-10045;MRO-50009;MRO-10047,EOT Crane,PUN-01,calibration,12,risk,risk,approved_on_validation,우선 점검 후보
2024-06-29,AST-1041,A2,0,0.0034384076335877,9.479105997238795e-12,9.253561402740355e-15,MRO-10045;MRO-30011;MRO-50009,MRO-10045;MRO-50009;MRO-10047,CNC Lathe,PUN-01,calibration,12,normal,normal,approved_on_validation,우선 점검 후보
2024-06-29,AST-1042,A2,0,0.0032370807416873,6.569330983221131e-12,6.6518074989948105e-15,MRO-10046;MRO-10045;MRO-10047,MRO-10046;MRO-10045;MRO-10047,CNC Lathe,PUN-01,calibration,12,normal,normal,approved_on_validation,우선 점검 후보
2024-06-29,AST-2017,A2,0,0.0032533180858285,6.661421934679961e-12,6.772987107165024e-15,MRO-10045;MRO-10047;MRO-20033,MRO-10045;MRO-10047;MRO-10046,Hydraulic Press,PUN-01,calibration,12,normal,normal,approved_on_validation,우선 점검 후보
2024-06-29,AST-2031,A2,0,0.0032228687324577,6.5043902503657896e-12,6.555101401656325e-15,MRO-10045;MRO-10047;MRO-50009,MRO-10045;MRO-10047;MRO-50009,Hydraulic Press,CHN-02,calibration,12,normal,normal,approved_on_validation,우선 점검 후보
2024-06-29,AST-3008,A2,0,0.0031073527526365,5.445639804126069e-12,5.376881824868982e-15,MRO-30011;MRO-10045;MRO-20031,MRO-10045;MRO-20031;MRO-80001,Belt Conveyor,CHN-02,calibration,12,normal,normal,approved_on_validation,우선 점검 후보
2024-06-29,AST-3019,A2,0,0.0032921058264142,6.5367982047226536e-12,6.769889320502583e-15,MRO-20033;MRO-30011;MRO-20031,MRO-20031;MRO-10045;MRO-10046,Belt Conveyor,CHN-02,calibration,12,normal,normal,approved_on_validation,우선 점검 후보
2024-06-29,AST-4055,A2,0,0.0032361977304242,6.8885044293459586e-12,6.880944530473546e-15,MRO-20031;MRO-10045;MRO-10047,MRO-20031;MRO-10045;MRO-10047,Screw Compressor,DHR-03,calibration,12,normal,normal,approved_on_validation,우선 점검 후보
2024-06-29,AST-4061,A2,0,0.0032337779860783,6.639099410686538e-12,6.698679251334285e-15,MRO-10045;MRO-10046;MRO-20031,MRO-10045;MRO-10046;MRO-20031,Screw Compressor,DHR-03,calibration,12,normal,normal,approved_on_validation,우선 점검 후보
2024-06-29,AST-5003,A2,0,0.0035394652139924,9.256760361787188e-12,1.0058059420609481e-14,MRO-70004;MRO-30011;MRO-10046,MRO-10046;MRO-10047;MRO-20031,EOT Crane,DHR-03,calibration,12,normal,normal,approved_on_validation,우선 점검 후보
2024-06-29,AST-5007,A2,0,0.0033432811763994,7.096584267798276e-12,7.404912417356121e-15,MRO-60015;MRO-10045;MRO-20033,MRO-10045;MRO-10046;MRO-10047,EOT Crane,PUN-01,calibration,12,normal,normal,approved_on_validation,우선 점검 후보
2024-06-30,AST-1041,A2,0,0.0032842131635649,7.83010909922338e-12,7.437769453497679e-15,MRO-30011;MRO-10045;MRO-50009,MRO-10045;MRO-50009;MRO-10047,CNC Lathe,PUN-01,calibration,12,normal,normal,approved_on_validation,우선 점검 후보
2024-06-30,AST-1042,A2,0,0.003236909966666,6.567299424430794e-12,6.649714867763061e-15,MRO-10045;MRO-10047;MRO-20031,MRO-10045;MRO-10047;MRO-20031,CNC Lathe,PUN-01,calibration,12,normal,normal,approved_on_validation,우선 점검 후보
2024-06-30,AST-2017,A2,0,0.0032676039883452,6.7523759026803625e-12,6.9032750326179325e-15,MRO-10045;MRO-10047;MRO-20033,MRO-10045;MRO-10047;MRO-10046,Hydraulic Press,PUN-01,calibration,12,normal,normal,approved_on_validation,우선 점검 후보
2024-06-30,AST-2031,A2,0,0.0032208550312166,6.4805682323234184e-12,6.530677207471354e-15,MRO-10045;MRO-10047;MRO-50009,MRO-10045;MRO-10047;MRO-50009,Hydraulic Press,CHN-02,calibration,12,normal,normal,approved_on_validation,우선 점검 후보
2024-06-30,AST-3008,A2,0,0.0032339210636031,6.587657523025789e-12,6.625457131033683e-15,MRO-30011;MRO-10045;MRO-20031,MRO-10045;MRO-20031;MRO-50009,Belt Conveyor,CHN-02,calibration,12,normal,normal,approved_on_validation,우선 점검 후보
2024-06-30,AST-3019,A2,0,0.0032188633575737,6.5263309100532905e-12,6.5380261084984965e-15,MRO-10045;MRO-10046;MRO-10047,MRO-10045;MRO-10046;MRO-10047,Belt Conveyor,CHN-02,calibration,12,normal,normal,approved_on_validation,우선 점검 후보
2024-06-30,AST-4055,A2,0,0.0032478485430119,6.6406079214897835e-12,6.746216804425332e-15,MRO-10045;MRO-10047;MRO-20031,MRO-10045;MRO-10047;MRO-20031,Screw Compressor,DHR-03,calibration,12,normal,normal,approved_on_validation,우선 점검 후보
2024-06-30,AST-4061,A2,0,0.0032357259748638,6.626998092511631e-12,6.696013588208054e-15,MRO-10045;MRO-10046;MRO-20031,MRO-10045;MRO-10046;MRO-20031,Screw Compressor,DHR-03,calibration,12,normal,normal,approved_on_validation,우선 점검 후보
2024-06-30,AST-5003,A2,0,0.0033425005622511,7.94269711102247e-12,8.0330701555191e-15,MRO-10046;MRO-10047;MRO-20031,MRO-10046;MRO-10047;MRO-20031,EOT Crane,DHR-03,calibration,12,normal,normal,approved_on_validation,우선 점검 후보
2024-06-30,AST-5007,A2,0,0.0033094906143603,7.09584162944479e-12,7.291022695246731e-15,MRO-10045;MRO-20033;MRO-40021,MRO-10045;MRO-10046;MRO-10047,EOT Crane,PUN-01,calibration,12,normal,normal,approved_on_validation,우선 점검 후보
2024-07-01,AST-1041,A2,6,5.792807012348781,0.0894900705978403,0.0558563404533421,MRO-10046;MRO-40022;MRO-50009,MRO-10046;MRO-50009;MRO-80001,CNC Lathe,PUN-01,test,12,risk,caution,approved_on_validation,우선 점검 후보
2024-07-01,AST-1042,A2,6,6.341605867844354,0.1191474852226875,0.0775140226441832,MRO-10046;MRO-80001;MRO-10045,MRO-10046;MRO-80001;MRO-10045,CNC Lathe,PUN-01,test,12,risk,risk,approved_on_validation,우선 점검 후보
2024-07-01,AST-2017,A2,13,8.111282731342193,0.2283038095104716,0.1636325344117709,MRO-80001;MRO-20031;MRO-50009,MRO-80001;MRO-20031;MRO-50009,Hydraulic Press,PUN-01,test,12,high_risk,risk,approved_on_validation,우선 점검 후보
2024-07-01,AST-2031,A2,2,7.123980034891062,0.1623086594552412,0.111246198564618,MRO-10046;MRO-10045;MRO-20031,MRO-10046;MRO-10045;MRO-20031,Hydraulic Press,CHN-02,test,12,caution,risk,approved_on_validation,우선 점검 후보
2024-07-01,AST-3008,A2,6,6.186825686864935,0.1083881654773963,0.0705555440181375,MRO-80001;MRO-10045;MRO-20031,MRO-80001;MRO-10045;MRO-20031,Belt Conveyor,CHN-02,test,12,risk,risk,approved_on_validation,우선 점검 후보
2024-07-01,AST-3019,A2,11,5.444214642759818,0.0759327574574716,0.0469149485423502,MRO-20031;MRO-10045;MRO-10047,MRO-20031;MRO-10045;MRO-10047,Belt Conveyor,CHN-02,test,12,risk,caution,approved_on_validation,우선 점검 후보
2024-07-01,AST-4055,A2,11,8.24972052290326,0.2392372370794295,0.1706475530378629,MRO-20031;MRO-80001;MRO-10046,MRO-20031;MRO-80001;MRO-10046,Screw Compressor,DHR-03,test,12,risk,risk,approved_on_validation,우선 점검 후보
2024-07-01,AST-4061,A2,10,6.392813759687268,0.120854270448145,0.0785442745751099,MRO-50009;MRO-10047;MRO-30011,MRO-50009;MRO-10047;MRO-20031,Screw Compressor,DHR-03,test,12,risk,risk,approved_on_validation,우선 점검 후보
2024-07-01,AST-5003,A2,2,7.512512657547672,0.1855796844249474,0.1299206935086508,MRO-80001;MRO-10045;MRO-20031,MRO-80001;MRO-10045;MRO-20031,EOT Crane,DHR-03,test,12,caution,risk,approved_on_validation,우선 점검 후보
2024-07-01,AST-5007,A2,2,5.759541513626418,0.0884279082528079,0.0550227343544372,MRO-10046;MRO-40022;MRO-10045,MRO-10046;MRO-10045;MRO-10047,EOT Crane,PUN-01,test,12,caution,caution,approved_on_validation,우선 점검 후보
2024-07-02,AST-1041,A2,1,8.21403770429022,0.2323625608669777,0.1684050988488787,MRO-40021;MRO-50009;MRO-80001,MRO-50009;MRO-80001;MRO-10047,CNC Lathe,PUN-01,test,12,caution,risk,approved_on_validation,우선 점검 후보
2024-07-02,AST-1042,A2,8,7.140948145973062,0.1652158863207718,0.1127140740873317,MRO-10046;MRO-80001;MRO-10045,MRO-10046;MRO-80001;MRO-10045,CNC Lathe,PUN-01,test,12,risk,risk,approved_on_validation,우선 점검 후보
2024-07-02,AST-2017,A2,3,8.320172395719572,0.2414951505820248,0.1765316096774251,MRO-80001;MRO-50009;MRO-20031,MRO-80001;MRO-50009;MRO-20031,Hydraulic Press,PUN-01,test,12,caution,risk,approved_on_validation,우선 점검 후보
2024-07-02,AST-2031,A2,9,7.044173561831196,0.1580527284229997,0.1073407495561896,MRO-10046;MRO-20031;MRO-50009,MRO-10046;MRO-20031;MRO-50009,Hydraulic Press,CHN-02,test,12,risk,risk,approved_on_validation,우선 점검 후보
2024-07-02,AST-3008,A2,4,6.328621239613045,0.1183805457894542,0.0767726440964411,MRO-10046;MRO-10047;MRO-10045,MRO-10046;MRO-10047;MRO-10045,Belt Conveyor,CHN-02,test,12,caution,risk,approved_on_validation,우선 점검 후보
2024-07-02,AST-3019,A2,10,5.73101562524301,0.0898766459546655,0.0553923526521999,MRO-10047;MRO-80001;MRO-20031,MRO-10047;MRO-80001;MRO-20031,Belt Conveyor,CHN-02,test,12,risk,caution,approved_on_validation,우선 점검 후보
2024-07-02,AST-4055,A2,14,15.134584422065526,0.7384871308019867,0.6670730579816082,MRO-20031;MRO-10046;MRO-10047,MRO-20031;MRO-10046;MRO-10047,Screw Compressor,DHR-03,test,12,high_risk,high_risk,approved_on_validation,우선 점검 후보
2024-07-02,AST-4061,A2,9,6.275340407062741,0.1152225858074202,0.0745565874903612,MRO-10047;MRO-50009;MRO-20031,MRO-10047;MRO-50009;MRO-20031,Screw Compressor,DHR-03,test,12,risk,risk,approved_on_validation,우선 점검 후보
2024-07-02,AST-5003,A2,15,7.567954851022352,0.1883296407404475,0.1319685586851774,MRO-10045;MRO-80001;MRO-10046,MRO-10045;MRO-80001;MRO-10046,EOT Crane,DHR-03,test,12,high_risk,risk,approved_on_validation,우선 점검 후보
2024-07-02,AST-5007,A2,2,5.583137886671401,0.0811749898806172,0.0499571887614596,MRO-10047;MRO-50009;MRO-10045,MRO-10047;MRO-50009;MRO-10045,EOT Crane,PUN-01,test,12,caution,caution,approved_on_validation,우선 점검 후보
2024-07-03,AST-1041,A2,6,10.97213837362342,0.4460499510745733,0.3605641221441897,MRO-50009;MRO-20031;MRO-10046,MRO-50009;MRO-20031;MRO-10046,CNC Lathe,PUN-01,test,12,risk,high_risk,approved_on_validation,우선 점검 후보
2024-07-03,AST-1042,A2,14,11.045433395481258,0.4525514226297509,0.3689380750207595,MRO-50009;MRO-20031;MRO-10046,MRO-50009;MRO-20031;MRO-10046,CNC Lathe,PUN-01,test,12,high_risk,high_risk,approved_on_validation,우선 점검 후보
2024-07-03,AST-2017,A2,7,8.640762156983117,0.2662601436797399,0.195480515168653,MRO-50009;MRO-80001;MRO-20031,MRO-50009;MRO-80001;MRO-20031,Hydraulic Press,PUN-01,test,12,risk,risk,approved_on_validation,우선 점검 후보
2024-07-03,AST-2031,A2,12,7.9580243536039506,0.2159740203691289,0.1543401151180024,MRO-10046;MRO-20031;MRO-10045,MRO-10046;MRO-20031;MRO-10045,Hydraulic Press,CHN-02,test,12,high_risk,risk,approved_on_validation,우선 점검 후보
2024-07-03,AST-3008,A2,2,6.603942696844497,0.1292384982861479,0.0878268877469888,MRO-10046;MRO-10047;MRO-80001,MRO-10046;MRO-10047;MRO-80001,Belt Conveyor,CHN-02,test,12,caution,risk,approved_on_validation,우선 점검 후보
2024-07-03,AST-3019,A2,4,7.551346215695927,0.1901273547227158,0.1331890472817568,MRO-10045;MRO-10047;MRO-80001,MRO-10045;MRO-10047;MRO-80001,Belt Conveyor,CHN-02,test,12,caution,risk,approved_on_validation,우선 점검 후보
2024-07-03,AST-4055,A2,12,8.418276175982951,0.2517004270270955,0.1809488949343027,MRO-80001;MRO-10045;MRO-10046,MRO-80001;MRO-10045;MRO-10046,Screw Compressor,DHR-03,test,12,high_risk,risk,approved_on_validation,우선 점검 후보
2024-07-03,AST-4061,A2,6,6.52146192357735,0.1286074561033023,0.0841984274099875,MRO-50009;MRO-10047;MRO-20031,MRO-50009;MRO-10047;MRO-20031,Screw Compressor,DHR-03,test,12,risk,risk,approved_on_validation,우선 점검 후보
2024-07-03,AST-5003,A2,3,7.642276342246822,0.1936488496341842,0.135094139433339,MRO-10045;MRO-80001;MRO-50009,MRO-10045;MRO-80001;MRO-50009,EOT Crane,DHR-03,test,12,caution,risk,approved_on_validation,우선 점검 후보
2024-07-03,AST-5007,A2,6,5.265436998240784,0.066555186745575,0.0403388440005429,MRO-40022;MRO-10046;MRO-10047,MRO-10046;MRO-10047;MRO-50009,EOT Crane,PUN-01,test,12,risk,caution,approved_on_validation,우선 점검 후보
2024-07-04,AST-1041,A2,6,9.68328419409678,0.3496631316180841,0.2677004501589015,MRO-50009;MRO-10046;MRO-20031,MRO-50009;MRO-10046;MRO-20031,CNC Lathe,PUN-01,test,12,risk,risk,approved_on_validation,우선 점검 후보
2024-07-04,AST-1042,A2,10,5.787767349583807,0.0926261149596789,0.0574602313641422,MRO-80001;MRO-10045;MRO-10047,MRO-80001;MRO-10045;MRO-10047,CNC Lathe,PUN-01,test,12,risk,caution,approved_on_validation,우선 점검 후보
2024-07-04,AST-2017,A2,8,8.127442520867953,0.2294556502734434,0.1643127740718146,MRO-80001;MRO-50009;MRO-20031,MRO-80001;MRO-50009;MRO-20031,Hydraulic Press,PUN-01,test,12,risk,risk,approved_on_validation,우선 점검 후보
2024-07-04,AST-2031,A2,17,6.9510761154012295,0.1521393736230523,0.1032673327886224,MRO-10046;MRO-50009;MRO-10045,MRO-10046;MRO-50009;MRO-10045,Hydraulic Press,CHN-02,test,12,high_risk,risk,approved_on_validation,우선 점검 후보
2024-07-04,AST-3008,A2,9,6.556972656567148,0.1299325712740597,0.085354041194703,MRO-10046;MRO-10047;MRO-50009,MRO-10046;MRO-10047;MRO-50009,Belt Conveyor,CHN-02,test,12,risk,risk,approved_on_validation,우선 점검 후보
2024-07-04,AST-3019,A2,10,6.526107090216292,0.1228939276400841,0.0830643548350513,MRO-90011;MRO-10047;MRO-80001,MRO-10047;MRO-80001;MRO-10045,Belt Conveyor,CHN-02,test,12,risk,risk,approved_on_validation,우선 점검 후보
2024-07-04,AST-4055,A2,10,8.001696743306136,0.2213073969326666,0.1574045575109016,MRO-10046;MRO-10045;MRO-10047,MRO-10046;MRO-10045;MRO-10047,Screw Compressor,DHR-03,test,12,risk,risk,approved_on_validation,우선 점검 후보
2024-07-04,AST-4061,A2,5,6.338687672921244,0.1177202405909726,0.0748939975089618,MRO-50009;MRO-60015;MRO-10045,MRO-50009;MRO-10045;MRO-10046,Screw Compressor,DHR-03,test,12,caution,risk,approved_on_validation,우선 점검 후보
2024-07-04,AST-5003,A2,19,8.441307007586822,0.2532700374350005,0.1838856947331697,MRO-10046;MRO-50009;MRO-10045,MRO-10046;MRO-50009;MRO-10045,EOT Crane,DHR-03,test,12,high_risk,risk,approved_on_validation,우선 점검 후보
2024-07-04,AST-5007,A2,9,5.87617512081471,0.0939269744963908,0.0590065935027126,MRO-40022;MRO-10047;MRO-20031,MRO-10047;MRO-20031;MRO-10045,EOT Crane,PUN-01,test,12,risk,risk,approved_on_validation,우선 점검 후보
2024-07-05,AST-1041,A2,8,6.129508892820046,0.1068896468268356,0.068695568778907,MRO-20031;MRO-10045;MRO-10046,MRO-20031;MRO-10045;MRO-10046,CNC Lathe,PUN-01,test,12,risk,risk,approved_on_validation,우선 점검 후보
2024-07-05,AST-1042,A2,11,7.84010945843464,0.209516587351125,0.1491094147830854,MRO-10047;MRO-20031;MRO-10046,MRO-10047;MRO-20031;MRO-10046,CNC Lathe,PUN-01,test,12,risk,risk,approved_on_validation,우선 점검 후보
2024-07-05,AST-2017,A2,9,8.37388335657749,0.2452384681415806,0.1786650316806297,MRO-40022;MRO-50009;MRO-80001,MRO-50009;MRO-80001;MRO-20031,Hydraulic Press,PUN-01,test,12,risk,risk,approved_on_validation,우선 점검 후보
2024-07-05,AST-2031,A2,13,7.303503537569802,0.174337398420771,0.1196757026535221,MRO-10046;MRO-10047;MRO-20031,MRO-10046;MRO-10047;MRO-20031,Hydraulic Press,CHN-02,test,12,high_risk,risk,approved_on_validation,우선 점검 후보
2024-07-05,AST-3008,A2,10,6.492333828621116,0.1254191928438723,0.0833378344956433,MRO-10045;MRO-80001;MRO-10047,MRO-10045;MRO-80001;MRO-10047,Belt Conveyor,CHN-02,test,12,risk,risk,approved_on_validation,우선 점검 후보
2024-07-05,AST-3019,A2,4,5.689537627650264,0.0861957153664349,0.0546964270408407,MRO-20031;MRO-10045;MRO-10047,MRO-20031;MRO-10045;MRO-10047,Belt Conveyor,CHN-02,test,12,caution,caution,approved_on_validation,우선 점검 후보
2024-07-05,AST-4055,A2,24,8.354944933718638,0.2477966510240596,0.1774815397704509,MRO-10045;MRO-10047;MRO-10046,MRO-10045;MRO-10047;MRO-10046,Screw Compressor,DHR-03,test,12,high_risk,risk,approved_on_validation,우선 점검 후보
2024-07-05,AST-4061,A2,12,6.348943434245384,0.1203446626808742,0.0777529178342304,MRO-50009;MRO-10045;MRO-10046,MRO-50009;MRO-10045;MRO-10046,Screw Compressor,DHR-03,test,12,high_risk,risk,approved_on_validation,우선 점검 후보
2024-07-05,AST-5003,A2,10,8.42786166616493,0.2493052783405647,0.1819727062314383,MRO-20031;MRO-80001;MRO-10045,MRO-20031;MRO-80001;MRO-10045,EOT Crane,DHR-03,test,12,risk,risk,approved_on_validation,우선 점검 후보
2024-07-05,AST-5007,A2,8,5.795077490481349,0.0917720078782892,0.0569367318364299,MRO-10047;MRO-10045;MRO-20031,MRO-10047;MRO-10045;MRO-20031,EOT Crane,PUN-01,test,12,risk,caution,approved_on_validation,우선 점검 후보
2024-07-06,AST-1041,A2,0,0.0033402645640664,6.8296775829300136e-12,6.9966866490074145e-15,MRO-30011;MRO-30012;MRO-50009,MRO-50009;MRO-10046;MRO-20031,CNC Lathe,PUN-01,test,12,normal,normal,approved_on_validation,우선 점검 후보
2024-07-06,AST-1042,A2,0,0.0032275491094926,6.564274605662449e-12,6.60767537206805e-15,MRO-10046;MRO-20031;MRO-10045,MRO-10046;MRO-20031;MRO-10045,CNC Lathe,PUN-01,test,12,normal,normal,approved_on_validation,우선 점검 후보
2024-07-06,AST-2017,A2,0,0.0034757148067971,7.101194423720565e-12,8.003824389290696e-15,MRO-60015;MRO-90012;MRO-40022,MRO-10045;MRO-50009;MRO-10047,Hydraulic Press,PUN-01,test,12,normal,normal,approved_on_validation,우선 점검 후보
2024-07-06,AST-2031,A2,0,0.0032149134672468,6.463113082926942e-12,6.49485710670076e-15,MRO-20031;MRO-50009;MRO-80001,MRO-20031;MRO-50009;MRO-80001,Hydraulic Press,CHN-02,test,12,normal,normal,approved_on_validation,우선 점검 후보
2024-07-06,AST-3008,A2,0,0.0032553330420287,6.501942142967774e-12,6.747807911156007e-15,MRO-90012;MRO-70004;MRO-30011,MRO-10046;MRO-20031;MRO-50009,Belt Conveyor,CHN-02,test,12,normal,normal,approved_on_validation,우선 점검 후보
2024-07-06,AST-3019,A2,0,0.0032373727564447,6.680500382849009e-12,6.732851760710581e-15,MRO-90011;MRO-80001;MRO-10045,MRO-80001;MRO-10045;MRO-10046,Belt Conveyor,CHN-02,test,12,normal,normal,approved_on_validation,우선 점검 후보
2024-07-06,AST-4055,A2,0,0.0032415543983927,6.6013985469702916e-12,6.692858669128011e-15,MRO-10046;MRO-20031;MRO-80001,MRO-10046;MRO-20031;MRO-80001,Screw Compressor,DHR-03,test,12,normal,normal,approved_on_validation,우선 점검 후보
2024-07-06,AST-4061,A2,0,0.0032347143416386,6.4871075690337216e-12,6.584323882204223e-15,MRO-10047;MRO-20031;MRO-50009,MRO-10047;MRO-20031;MRO-50009,Screw Compressor,DHR-03,test,12,normal,normal,approved_on_validation,우선 점검 후보
2024-07-06,AST-5003,A2,0,0.0031411279867511,5.122631794996593e-12,5.331964636369349e-15,MRO-70004;MRO-10045;MRO-20033,MRO-10045;MRO-80001;MRO-10047,EOT Crane,DHR-03,test,12,normal,normal,approved_on_validation,우선 점검 후보
2024-07-06,AST-5007,A2,0,0.0033463568672255,6.9662132153524135e-12,7.322327555426336e-15,MRO-60015;MRO-10047;MRO-30012,MRO-10047;MRO-80001;MRO-10045,EOT Crane,PUN-01,test,12,normal,normal,approved_on_validation,우선 점검 후보
2024-07-07,AST-1041,A2,0,0.0032238906584993,6.4405014758964226e-12,6.5120726616602316e-15,MRO-10045;MRO-10046;MRO-20031,MRO-10045;MRO-10046;MRO-20031,CNC Lathe,PUN-01,test,12,normal,normal,approved_on_validation,우선 점검 후보
2024-07-07,AST-1042,A2,0,0.0032334117844133,6.560333037745763e-12,6.624408063663957e-15,MRO-10045;MRO-10047;MRO-50009,MRO-10045;MRO-10047;MRO-50009,CNC Lathe,PUN-01,test,12,normal,normal,approved_on_validation,우선 점검 후보
2024-07-07,AST-2017,A2,0,0.0032645291233228,6.656216041234965e-12,6.821918817203077e-15,MRO-60015;MRO-60016;MRO-70005,MRO-10047;MRO-10045;MRO-10046,Hydraulic Press,PUN-01,test,12,normal,normal,approved_on_validation,우선 점검 후보
2024-07-07,AST-2031,A2,0,0.0032296761540614,6.510082148749664e-12,6.5753972106814275e-15,MRO-60015;MRO-10045;MRO-10047,MRO-10045;MRO-10047;MRO-20031,Hydraulic Press,CHN-02,test,12,normal,normal,approved_on_validation,우선 점검 후보
2024-07-07,AST-3008,A2,0,0.003232844226343,6.601721810965085e-12,6.6288665919282346e-15,MRO-30011;MRO-10046;MRO-10047,MRO-10046;MRO-10047;MRO-20031,Belt Conveyor,CHN-02,test,12,normal,normal,approved_on_validation,우선 점검 후보
2024-07-07,AST-3019,A2,0,0.0032353113185069,6.519329742987099e-12,6.639996344639381e-15,MRO-90011;MRO-10045;MRO-10046,MRO-10045;MRO-10046;MRO-10047,Belt Conveyor,CHN-02,test,12,normal,normal,approved_on_validation,우선 점검 후보
2024-07-07,AST-4055,A2,0,0.0032437172750038,6.6122676469336705e-12,6.7091795350002e-15,MRO-10046;MRO-20031;MRO-80001,MRO-10046;MRO-20031;MRO-80001,Screw Compressor,DHR-03,test,12,normal,normal,approved_on_validation,우선 점검 후보
2024-07-07,AST-4061,A2,0,0.0032348293856437,6.492861083376613e-12,6.591025745061823e-15,MRO-10046;MRO-10047;MRO-20031,MRO-10046;MRO-10047;MRO-20031,Screw Compressor,DHR-03,test,12,normal,normal,approved_on_validation,우선 점검 후보
2024-07-07,AST-5003,A2,0,0.0031365432933496,5.359166804145791e-12,5.428108628737047e-15,MRO-10045;MRO-10047;MRO-20033,MRO-10045;MRO-10047;MRO-80001,EOT Crane,DHR-03,test,12,normal,normal,approved_on_validation,우선 점검 후보
2024-07-07,AST-5007,A2,0,0.0032305767795889,6.533818656565542e-12,6.603308233892007e-15,MRO-10045;MRO-10046;MRO-10047,MRO-10045;MRO-10046;MRO-10047,EOT Crane,PUN-01,test,12,normal,normal,approved_on_validation,우선 점검 후보
2024-07-08,AST-1041,A2,13,6.653301635502523,0.1329438206324625,0.0896236187715904,MRO-10047;MRO-20031;MRO-10045,MRO-10047;MRO-20031;MRO-10045,CNC Lathe,PUN-01,test,12,high_risk,risk,approved_on_validation,우선 점검 후보
2024-07-08,AST-1042,A2,6,6.019012764390091,0.1024270695720489,0.0646790904841133,MRO-10047;MRO-50009;MRO-20031,MRO-10047;MRO-50009;MRO-20031,CNC Lathe,PUN-01,test,12,risk,risk,approved_on_validation,우선 점검 후보
2024-07-08,AST-2017,A2,0,8.184282337766163,0.2330866273222726,0.167577702545488,MRO-10047;MRO-10045;MRO-20031,MRO-10047;MRO-10045;MRO-20031,Hydraulic Press,PUN-01,test,12,normal,risk,approved_on_validation,우선 점검 후보
2024-07-08,AST-2031,A2,8,7.245556435352828,0.1693834522475868,0.117234185529891,MRO-10046;MRO-10045;MRO-50009,MRO-10046;MRO-10045;MRO-50009,Hydraulic Press,CHN-02,test,12,risk,risk,approved_on_validation,우선 점검 후보
2024-07-08,AST-3008,A2,2,6.4629978025065835,0.1235497334582786,0.0818120086649683,MRO-10045;MRO-10047;MRO-10046,MRO-10045;MRO-10047;MRO-10046,Belt Conveyor,CHN-02,test,12,caution,risk,approved_on_validation,우선 점검 후보
2024-07-08,AST-3019,A2,7,5.677947099518487,0.085702655571052,0.0537193818494861,MRO-80001;MRO-50009;MRO-20031,MRO-80001;MRO-50009;MRO-20031,Belt Conveyor,CHN-02,test,12,risk,caution,approved_on_validation,우선 점검 후보
2024-07-08,AST-4055,A2,3,8.14508971733562,0.2284901363397806,0.1649626016807079,MRO-10045;MRO-10047;MRO-50009,MRO-10045;MRO-10047;MRO-50009,Screw Compressor,DHR-03,test,12,caution,risk,approved_on_validation,우선 점검 후보
2024-07-08,AST-4061,A2,4,6.71115073200681,0.1374568472467675,0.0917790102621104,MRO-10046;MRO-50009;MRO-10045,MRO-10046;MRO-50009;MRO-10045,Screw Compressor,DHR-03,test,12,caution,risk,approved_on_validation,우선 점검 후보
2024-07-08,AST-5003,A2,12,8.594738750324643,0.2631992542172165,0.1923035775853057,MRO-10046;MRO-20031;MRO-50009,MRO-10046;MRO-20031;MRO-50009,EOT Crane,DHR-03,test,12,high_risk,risk,approved_on_validation,우선 점검 후보
2024-07-08,AST-5007,A2,6,5.4925830216644265,0.0764975751881757,0.0462292990090216,MRO-10047;MRO-80001;MRO-40022,MRO-10047;MRO-80001;MRO-20031,EOT Crane,PUN-01,test,12,risk,caution,approved_on_validation,우선 점검 후보
2024-07-09,AST-1041,A2,2,6.585073600101261,0.1258362549342967,0.0844424878327242,MRO-50009;MRO-80002;MRO-70005,MRO-50009;MRO-10045;MRO-10047,CNC Lathe,PUN-01,test,12,caution,risk,approved_on_validation,우선 점검 후보
2024-07-09,AST-1042,A2,6,6.2261724319078215,0.1124045469246255,0.0719041183245874,MRO-10046;MRO-20031;MRO-50009,MRO-10046;MRO-20031;MRO-50009,CNC Lathe,PUN-01,test,12,risk,risk,approved_on_validation,우선 점검 후보
2024-07-09,AST-2017,A2,2,7.24921495827564,0.1675818406591238,0.1157629420498421,MRO-10047;MRO-10045;MRO-20031,MRO-10047;MRO-10045;MRO-20031,Hydraulic Press,PUN-01,test,12,caution,risk,approved_on_validation,우선 점검 후보
2024-07-09,AST-2031,A2,4,7.18663850353383,0.166663393311601,0.1143812719422422,MRO-10046;MRO-10047;MRO-10045,MRO-10046;MRO-10047;MRO-10045,Hydraulic Press,CHN-02,test,12,caution,risk,approved_on_validation,우선 점검 후보
2024-07-09,AST-3008,A2,8,6.438020524167618,0.1231102665531113,0.0808515148334518,MRO-10045;MRO-10047;MRO-10046,MRO-10045;MRO-10047;MRO-10046,Belt Conveyor,CHN-02,test,12,risk,risk,approved_on_validation,우선 점검 후보
2024-07-09,AST-3019,A2,16,5.576177381296072,0.0826671320561573,0.0503000691443919,MRO-80001;MRO-50009;MRO-10045,MRO-80001;MRO-50009;MRO-10045,Belt Conveyor,CHN-02,test,12,high_risk,caution,approved_on_validation,우선 점검 후보
2024-07-09,AST-4055,A2,5,7.892395547163101,0.2133272311671387,0.1509866006931668,MRO-20031;MRO-10045;MRO-10047,MRO-20031;MRO-10045;MRO-10047,Screw Compressor,DHR-03,test,12,caution,risk,approved_on_validation,우선 점검 후보
2024-07-09,AST-4061,A2,13,6.500243382880553,0.1278956458608547,0.0835581829628762,MRO-80001;MRO-10045;MRO-10046,MRO-80001;MRO-10045;MRO-10046,Screw Compressor,DHR-03,test,12,high_risk,risk,approved_on_validation,우선 점검 후보
2024-07-09,AST-5003,A2,9,9.294123142581276,0.3143682467560894,0.2388359073678634,MRO-10046;MRO-50009;MRO-20031,MRO-10046;MRO-50009;MRO-20031,EOT Crane,DHR-03,test,12,risk,risk,approved_on_validation,우선 점검 후보
2024-07-09,AST-5007,A2,2,5.459110715527089,0.0735288731366936,0.0457595713089775,MRO-80001;MRO-10046;MRO-10047,MRO-80001;MRO-10046;MRO-10047,EOT Crane,PUN-01,test,12,caution,caution,approved_on_validation,우선 점검 후보
2024-07-10,AST-1041,A2,11,6.948107419555612,0.1529216103174495,0.1035204194628622,MRO-10045;MRO-50009;MRO-10047,MRO-10045;MRO-50009;MRO-10047,CNC Lathe,PUN-01,test,12,risk,risk,approved_on_validation,우선 점검 후보
2024-07-10,AST-1042,A2,0,6.170087951622225,0.1118791974506693,0.0703309003163851,MRO-10047;MRO-10046;MRO-20031,MRO-10047;MRO-10046;MRO-20031,CNC Lathe,PUN-01,test,12,normal,risk,approved_on_validation,우선 점검 후보
2024-07-10,AST-2017,A2,16,8.582889310953629,0.2626589874447406,0.1919428874604179,MRO-20031;MRO-10046;MRO-80001,MRO-20031;MRO-10046;MRO-80001,Hydraulic Press,PUN-01,test,12,high_risk,risk,approved_on_validation,우선 점검 후보
2024-07-10,AST-2031,A2,10,7.3842000185720735,0.1783285223649499,0.1242688396978627,MRO-80001;MRO-10046;MRO-10047,MRO-80001;MRO-10046;MRO-10047,Hydraulic Press,CHN-02,test,12,risk,risk,approved_on_validation,우선 점검 후보
2024-07-10,AST-3008,A2,14,7.456717961441868,0.180172278066582,0.1280754845651235,MRO-10047;MRO-10046;MRO-50009,MRO-10047;MRO-10046;MRO-50009,Belt Conveyor,CHN-02,test,12,high_risk,risk,approved_on_validation,우선 점검 후보
2024-07-10,AST-3019,A2,6,5.523260911533412,0.082240379166293,0.0493385857208498,MRO-10046;MRO-20031;MRO-50009,MRO-10046;MRO-20031;MRO-50009,Belt Conveyor,CHN-02,test,12,risk,caution,approved_on_validation,우선 점검 후보
2024-07-10,AST-4055,A2,12,8.25733762700256,0.2399559155486584,0.1721856382048936,MRO-20031;MRO-10045;MRO-10047,MRO-20031;MRO-10045;MRO-10047,Screw Compressor,DHR-03,test,12,high_risk,risk,approved_on_validation,우선 점검 후보
2024-07-10,AST-4061,A2,2,6.58936000678649,0.1324666597707912,0.086390649474658,MRO-80001;MRO-50009;MRO-10045,MRO-80001;MRO-50009;MRO-10045,Screw Compressor,DHR-03,test,12,caution,risk,approved_on_validation,우선 점검 후보
2024-07-10,AST-5003,A2,4,7.914436394052413,0.2129820039219327,0.1515648277434521,MRO-80001;MRO-10045;MRO-10047,MRO-80001;MRO-10045;MRO-10047,EOT Crane,DHR-03,test,12,caution,risk,approved_on_validation,우선 점검 후보
2024-07-10,AST-5007,A2,1,5.239903560979149,0.0664445052549219,0.0395537763859615,MRO-80001;MRO-10047;MRO-10045,MRO-80001;MRO-10047;MRO-10045,EOT Crane,PUN-01,test,12,caution,caution,approved_on_validation,우선 점검 후보
2024-07-11,AST-1041,A2,5,7.65732894071835,0.1912172514323936,0.1377656182153162,MRO-10047;MRO-70005;MRO-10045,MRO-10047;MRO-10045;MRO-50009,CNC Lathe,PUN-01,test,12,caution,risk,approved_on_validation,우선 점검 후보
2024-07-11,AST-1042,A2,2,7.517763026926742,0.1827905922430364,0.1282959941068096,MRO-60015;MRO-40021;MRO-10047,MRO-10047;MRO-20031;MRO-10046,CNC Lathe,PUN-01,test,12,caution,risk,approved_on_validation,우선 점검 후보
2024-07-11,AST-2017,A2,5,8.290135928422009,0.2403170740425702,0.1735281880850975,MRO-50009;MRO-10045;MRO-10046,MRO-50009;MRO-10045;MRO-10046,Hydraulic Press,PUN-01,test,12,caution,risk,approved_on_validation,우선 점검 후보
2024-07-11,AST-2031,A2,8,7.528723305064946,0.1879303652982348,0.130734642998843,MRO-10047;MRO-20031;MRO-10045,MRO-10047;MRO-20031;MRO-10045,Hydraulic Press,CHN-02,test,12,risk,risk,approved_on_validation,우선 점검 후보
2024-07-11,AST-3008,A2,6,6.954471904146766,0.1487762642170982,0.1031089960621355,MRO-70005;MRO-20031;MRO-10046,MRO-20031;MRO-10046;MRO-10047,Belt Conveyor,CHN-02,test,12,risk,risk,approved_on_validation,우선 점검 후보
2024-07-11,AST-3019,A2,12,5.788555554371815,0.0918399016293745,0.0572748151460251,MRO-10046;MRO-20031;MRO-50009,MRO-10046;MRO-20031;MRO-50009,Belt Conveyor,CHN-02,test,12,high_risk,caution,approved_on_validation,우선 점검 후보
2024-07-11,AST-4055,A2,3,7.437637680873698,0.1838567660439971,0.1266007870176966,MRO-10046;MRO-50009;MRO-80001,MRO-10046;MRO-50009;MRO-80001,Screw Compressor,DHR-03,test,12,caution,risk,approved_on_validation,우선 점검 후보
2024-07-11,AST-4061,A2,2,6.456513790632109,0.1252848284666391,0.0812351554508037,MRO-50009;MRO-10045;MRO-10046,MRO-50009;MRO-10045;MRO-10046,Screw Compressor,DHR-03,test,12,caution,risk,approved_on_validation,우선 점검 후보
2024-07-11,AST-5003,A2,8,8.529725612586018,0.2572834615012822,0.1883421425152188,MRO-80001;MRO-10045;MRO-10047,MRO-80001;MRO-10045;MRO-10047,EOT Crane,DHR-03,test,12,risk,risk,approved_on_validation,우선 점검 후보
2024-07-11,AST-5007,A2,2,5.598275031967147,0.0819753995199587,0.0501385928705847,MRO-50009;MRO-10046;MRO-10047,MRO-50009;MRO-10046;MRO-10047,EOT Crane,PUN-01,test,12,caution,caution,approved_on_validation,우선 점검 후보
2024-07-12,AST-1041,A2,4,6.4469230909803645,0.1221189530622706,0.0814710126906692,MRO-10047;MRO-80001;MRO-50009,MRO-10047;MRO-80001;MRO-50009,CNC Lathe,PUN-01,test,12,caution,risk,approved_on_validation,우선 점검 후보
2024-07-12,AST-1042,A2,8,6.335237620948928,0.1184182400838395,0.076795508112112,MRO-10047;MRO-10046;MRO-20031,MRO-10047;MRO-10046;MRO-20031,CNC Lathe,PUN-01,test,12,risk,risk,approved_on_validation,우선 점검 후보
2024-07-12,AST-2017,A2,10,8.702997636882678,0.2695730288186356,0.2009245127068194,MRO-50009;MRO-10045;MRO-10046,MRO-50009;MRO-10045;MRO-10046,Hydraulic Press,PUN-01,test,12,risk,risk,approved_on_validation,우선 점검 후보
2024-07-12,AST-2031,A2,14,7.658493429411878,0.1960156262563425,0.1381072971534749,MRO-80001;MRO-20031;MRO-10047,MRO-80001;MRO-20031;MRO-10047,Hydraulic Press,CHN-02,test,12,high_risk,risk,approved_on_validation,우선 점검 후보
2024-07-12,AST-3008,A2,4,6.033467442513249,0.1003934390111005,0.0647982226727775,MRO-20031;MRO-10046;MRO-80001,MRO-20031;MRO-10046;MRO-80001,Belt Conveyor,CHN-02,test,12,caution,risk,approved_on_validation,우선 점검 후보
2024-07-12,AST-3019,A2,5,5.619146363422069,0.083022578348043,0.0514899790325145,MRO-10046;MRO-20031;MRO-50009,MRO-10046;MRO-20031;MRO-50009,Belt Conveyor,CHN-02,test,12,caution,caution,approved_on_validation,우선 점검 후보
2024-07-12,AST-4055,A2,22,8.236974026671104,0.2360762408628423,0.1711294473371481,MRO-80001;MRO-20031;MRO-50009,MRO-80001;MRO-20031;MRO-50009,Screw Compressor,DHR-03,test,12,high_risk,risk,approved_on_validation,우선 점검 후보
2024-07-12,AST-4061,A2,12,6.419769271334133,0.123410240295999,0.0802699098643356,MRO-50009;MRO-10045;MRO-80001,MRO-50009;MRO-10045;MRO-80001,Screw Compressor,DHR-03,test,12,high_risk,risk,approved_on_validation,우선 점검 후보
2024-07-12,AST-5003,A2,0,7.218841624010237,0.1653595944872073,0.1141273686952961,MRO-10045;MRO-80001;MRO-50009,MRO-10045;MRO-80001;MRO-50009,EOT Crane,DHR-03,test,12,normal,risk,approved_on_validation,우선 점검 후보
2024-07-12,AST-5007,A2,6,5.9504342384978015,0.0996269394735348,0.0625710211058135,MRO-10045;MRO-50009;MRO-10046,MRO-10045;MRO-50009;MRO-10046,EOT Crane,PUN-01,test,12,risk,risk,approved_on_validation,우선 점검 후보
2024-07-13,AST-1041,A2,0,0.0030262605639449,4.856197588499583e-12,4.678215629307827e-15,MRO-60016;MRO-10045;MRO-10046,MRO-10045;MRO-10046;MRO-10047,CNC Lathe,PUN-01,test,12,normal,normal,approved_on_validation,우선 점검 후보
2024-07-13,AST-1042,A2,0,0.0031291745590487,6.935495995233968e-12,6.343041023428095e-15,MRO-10047;MRO-10045;MRO-10046,MRO-10047;MRO-10045;MRO-10046,CNC Lathe,PUN-01,test,12,normal,normal,approved_on_validation,우선 점검 후보
2024-07-13,AST-2017,A2,0,0.0033073460773085,7.0329690208764646e-12,7.259050938344957e-15,MRO-50008;MRO-20032;MRO-10045,MRO-10045;MRO-80001;MRO-10046,Hydraulic Press,PUN-01,test,12,normal,normal,approved_on_validation,우선 점검 후보
2024-07-13,AST-2031,A2,0,0.0032356201336651,6.621901626536348e-12,6.684659651472156e-15,MRO-20031;MRO-60015;MRO-10045,MRO-20031;MRO-10045;MRO-50009,Hydraulic Press,CHN-02,test,12,normal,normal,approved_on_validation,우선 점검 후보
2024-07-13,AST-3008,A2,0,0.0032256213800793,6.5839150964991476e-12,6.5923533354260244e-15,MRO-10045;MRO-10047;MRO-20031,MRO-10045;MRO-10047;MRO-20031,Belt Conveyor,CHN-02,test,12,normal,normal,approved_on_validation,우선 점검 후보
2024-07-13,AST-3019,A2,0,0.0032403043006531,6.693097081866916e-12,6.763090064189922e-15,MRO-80001;MRO-20032;MRO-10045,MRO-80001;MRO-10045;MRO-10046,Belt Conveyor,CHN-02,test,12,normal,normal,approved_on_validation,우선 점검 후보
2024-07-13,AST-4055,A2,0,0.0032668887176981,6.602760205659753e-12,6.854557342989241e-15,MRO-90012;MRO-50009;MRO-20031,MRO-50009;MRO-20031;MRO-80001,Screw Compressor,DHR-03,test,12,normal,normal,approved_on_validation,우선 점검 후보
2024-07-13,AST-4061,A2,0,0.0032892353016083,7.1378682184094275e-12,7.263162082965674e-15,MRO-10046;MRO-20031;MRO-80001,MRO-10046;MRO-20031;MRO-80001,Screw Compressor,DHR-03,test,12,normal,normal,approved_on_validation,우선 점검 후보
2024-07-13,AST-5003,A2,0,0.003521281375807,1.0116989116269699e-11,1.0350330882413684e-14,MRO-10047;MRO-10046;MRO-20033,MRO-10047;MRO-10046;MRO-10045,EOT Crane,DHR-03,test,12,normal,normal,approved_on_validation,우선 점검 후보
2024-07-13,AST-5007,A2,0,0.0033035434848599,6.730769673852364e-12,6.967887908252488e-15,MRO-60015;MRO-60016;MRO-50009,MRO-50009;MRO-10045;MRO-10046,EOT Crane,PUN-01,test,12,normal,normal,approved_on_validation,우선 점검 후보
2024-07-14,AST-1041,A2,0,0.003231820771898,6.574217134099669e-12,6.627765758072315e-15,MRO-10045;MRO-10046;MRO-10047,MRO-10045;MRO-10046;MRO-10047,CNC Lathe,PUN-01,test,12,normal,normal,approved_on_validation,우선 점검 후보
2024-07-14,AST-1042,A2,0,0.0029253707523822,4.849548868509668e-12,4.437926530005009e-15,MRO-10045;MRO-10046;MRO-20031,MRO-10045;MRO-10046;MRO-20031,CNC Lathe,PUN-01,test,12,normal,normal,approved_on_validation,우선 점검 후보
2024-07-14,AST-2017,A2,0,0.0032593683788923,6.738499228569649e-12,6.853920496880569e-15,MRO-30011;MRO-10045;MRO-80001,MRO-10045;MRO-80001;MRO-10046,Hydraulic Press,PUN-01,test,12,normal,normal,approved_on_validation,우선 점검 후보
2024-07-14,AST-2031,A2,0,0.0032345289466703,6.615042404182246e-12,6.6759679148166836e-15,MRO-20031;MRO-60015;MRO-10045,MRO-20031;MRO-10045;MRO-50009,Hydraulic Press,CHN-02,test,12,normal,normal,approved_on_validation,우선 점검 후보
2024-07-14,AST-3008,A2,0,0.0032174267535051,6.4957563406947106e-12,6.494483116669921e-15,MRO-30011;MRO-10045;MRO-10046,MRO-10045;MRO-10046;MRO-10047,Belt Conveyor,CHN-02,test,12,normal,normal,approved_on_validation,우선 점검 후보
2024-07-14,AST-3019,A2,0,0.0032260304509278,6.538159626631307e-12,6.58850827787887e-15,MRO-80001;MRO-10045;MRO-10046,MRO-80001;MRO-10045;MRO-10046,Belt Conveyor,CHN-02,test,12,normal,normal,approved_on_validation,우선 점검 후보
2024-07-14,AST-4055,A2,0,0.0032691688606398,6.617262848998079e-12,6.8739685938822805e-15,MRO-90012;MRO-50009;MRO-20031,MRO-50009;MRO-20031;MRO-80001,Screw Compressor,DHR-03,test,12,normal,normal,approved_on_validation,우선 점검 후보
2024-07-14,AST-4061,A2,0,0.0032437001221194,6.5675941817324055e-12,6.677311684082231e-15,MRO-10045;MRO-10047;MRO-50009,MRO-10045;MRO-10047;MRO-50009,Screw Compressor,DHR-03,test,12,normal,normal,approved_on_validation,우선 점검 후보
2024-07-14,AST-5003,A2,0,0.0032292521992327,6.556519864503358e-12,6.5980487824284186e-15,MRO-10045;MRO-10046;MRO-10047,MRO-10045;MRO-10046;MRO-10047,EOT Crane,DHR-03,test,12,normal,normal,approved_on_validation,우선 점검 후보
2024-07-14,AST-5007,A2,0,0.0032298227744687,6.5338517111831485e-12,6.5928689953491455e-15,MRO-10045;MRO-10046;MRO-10047,MRO-10045;MRO-10046;MRO-10047,EOT Crane,PUN-01,test,12,normal,normal,approved_on_validation,우선 점검 후보
2024-07-15,AST-1041,A2,10,7.948335443868761,0.2154975611928379,0.1561213010661316,MRO-10046;MRO-20031;MRO-10045,MRO-10046;MRO-20031;MRO-10045,CNC Lathe,PUN-01,test,12,risk,risk,approved_on_validation,우선 점검 후보
2024-07-15,AST-1042,A2,10,6.506849862855139,0.1283757990397058,0.0837409705917944,MRO-10045;MRO-80001;MRO-10047,MRO-10045;MRO-80001;MRO-10047,CNC Lathe,PUN-01,test,12,risk,risk,approved_on_validation,우선 점검 후보
2024-07-15,AST-2017,A2,12,9.097059336336123,0.2940828189197484,0.2245321025205945,MRO-80001;MRO-20031;MRO-60016,MRO-80001;MRO-20031;MRO-10045,Hydraulic Press,PUN-01,test,12,high_risk,risk,approved_on_validation,우선 점검 후보
2024-07-15,AST-2031,A2,11,7.419638756835652,0.1785659301112818,0.1254399402068107,MRO-50009;MRO-10047;MRO-10046,MRO-50009;MRO-10047;MRO-10046,Hydraulic Press,CHN-02,test,12,risk,risk,approved_on_validation,우선 점검 후보
2024-07-15,AST-3008,A2,10,6.500169223668487,0.1263077788442727,0.0831759105167415,MRO-50009;MRO-10046;MRO-20031,MRO-50009;MRO-10046;MRO-20031,Belt Conveyor,CHN-02,test,12,risk,risk,approved_on_validation,우선 점검 후보
2024-07-15,AST-3019,A2,8,5.653368875553511,0.0859045113619752,0.052577141160252,MRO-80001;MRO-10047;MRO-20031,MRO-80001;MRO-10047;MRO-20031,Belt Conveyor,CHN-02,test,12,risk,caution,approved_on_validation,우선 점검 후보
2024-07-15,AST-4055,A2,12,7.360120860267273,0.1782133274173083,0.1227637221146917,MRO-10046;MRO-10045;MRO-10047,MRO-10046;MRO-10045;MRO-10047,Screw Compressor,DHR-03,test,12,high_risk,risk,approved_on_validation,우선 점검 후보
2024-07-15,AST-4061,A2,6,6.105162890276507,0.107072281735934,0.0677677639872373,MRO-10046;MRO-20031;MRO-10047,MRO-10046;MRO-20031;MRO-10047,Screw Compressor,DHR-03,test,12,risk,risk,approved_on_validation,우선 점검 후보
2024-07-15,AST-5003,A2,4,7.245232160311477,0.168204634951173,0.1159698741948626,MRO-10047;MRO-10045;MRO-80001,MRO-10047;MRO-10045;MRO-80001,EOT Crane,DHR-03,test,12,caution,risk,approved_on_validation,우선 점검 후보
2024-07-15,AST-5007,A2,6,5.662930861793257,0.0855545629841052,0.0524803907590537,MRO-50009;MRO-10046;MRO-10047,MRO-50009;MRO-10046;MRO-10047,EOT Crane,PUN-01,test,12,risk,caution,approved_on_validation,우선 점검 후보
2024-07-16,AST-1041,A2,6,6.440066909065805,0.1214724429365639,0.0812876446074474,MRO-10047;MRO-80001;MRO-50009,MRO-10047;MRO-80001;MRO-50009,CNC Lathe,PUN-01,test,12,risk,risk,approved_on_validation,우선 점검 후보
2024-07-16,AST-1042,A2,7,6.907919816013154,0.1495130139203168,0.0997933808124029,MRO-40022;MRO-80001;MRO-10045,MRO-80001;MRO-10045;MRO-10046,CNC Lathe,PUN-01,test,12,risk,risk,approved_on_validation,우선 점검 후보
2024-07-16,AST-2017,A2,7,7.210527855228668,0.1659295540576917,0.1140996550548884,MRO-20031;MRO-80001;MRO-40021,MRO-20031;MRO-80001;MRO-10045,Hydraulic Press,PUN-01,test,12,risk,risk,approved_on_validation,우선 점검 후보
2024-07-16,AST-2031,A2,6,7.280777544531311,0.1725057541204727,0.1193769519355975,MRO-50009;MRO-10046;MRO-10047,MRO-50009;MRO-10046;MRO-10047,Hydraulic Press,CHN-02,test,12,risk,risk,approved_on_validation,우선 점검 후보
2024-07-16,AST-3008,A2,4,7.431344701013677,0.1813396047974989,0.126014004809223,MRO-50009;MRO-10046;MRO-20031,MRO-50009;MRO-10046;MRO-20031,Belt Conveyor,CHN-02,test,12,caution,risk,approved_on_validation,우선 점검 후보
2024-07-16,AST-3019,A2,4,5.432082572107817,0.076240036166196,0.0461009513549969,MRO-20031;MRO-50009;MRO-10045,MRO-20031;MRO-50009;MRO-10045,Belt Conveyor,CHN-02,test,12,caution,caution,approved_on_validation,우선 점검 후보
2024-07-16,AST-4055,A2,4,8.187491729842163,0.2353276384584789,0.1681482376656897,MRO-20031;MRO-80001;MRO-10045,MRO-20031;MRO-80001;MRO-10045,Screw Compressor,DHR-03,test,12,caution,risk,approved_on_validation,우선 점검 후보
2024-07-16,AST-4061,A2,15,6.5318796618363,0.1297410105564421,0.0845956646923028,MRO-10046;MRO-80001;MRO-20031,MRO-10046;MRO-80001;MRO-20031,Screw Compressor,DHR-03,test,12,high_risk,risk,approved_on_validation,우선 점검 후보
2024-07-16,AST-5003,A2,5,6.8521010353601,0.1437491785967489,0.097307088283843,MRO-10047;MRO-10046;MRO-10045,MRO-10047;MRO-10046;MRO-10045,EOT Crane,DHR-03,test,12,caution,risk,approved_on_validation,우선 점검 후보
2024-07-16,AST-5007,A2,10,5.56939878328391,0.0794097361211113,0.0486526989993489,MRO-50009;MRO-40022;MRO-10046,MRO-50009;MRO-10046;MRO-10047,EOT Crane,PUN-01,test,12,risk,caution,approved_on_validation,우선 점검 후보
2024-07-17,AST-1041,A2,9,6.604988791887522,0.1326500191290753,0.0874127512101809,MRO-50009;MRO-10047;MRO-80001,MRO-50009;MRO-10047;MRO-80001,CNC Lathe,PUN-01,test,12,risk,risk,approved_on_validation,우선 점검 후보
2024-07-17,AST-1042,A2,4,6.208315926390172,0.1118867632067382,0.0713009723192407,MRO-10047;MRO-10045;MRO-10046,MRO-10047;MRO-10045;MRO-10046,CNC Lathe,PUN-01,test,12,caution,risk,approved_on_validation,우선 점검 후보
2024-07-17,AST-2017,A2,9,9.323303937298716,0.313309444792624,0.2420565196025124,MRO-10045;MRO-20031;MRO-80001,MRO-10045;MRO-20031;MRO-80001,Hydraulic Press,PUN-01,test,12,risk,risk,approved_on_validation,우선 점검 후보
2024-07-17,AST-2031,A2,9,7.416148397968792,0.1827333380564134,0.1257931192341725,MRO-50009;MRO-10047;MRO-10046,MRO-50009;MRO-10047;MRO-10046,Hydraulic Press,CHN-02,test,12,risk,risk,approved_on_validation,우선 점검 후보
2024-07-17,AST-3008,A2,4,6.477780078683275,0.1255245951710439,0.0825845819533899,MRO-10045;MRO-50009;MRO-20031,MRO-10045;MRO-50009;MRO-20031,Belt Conveyor,CHN-02,test,12,caution,risk,approved_on_validation,우선 점검 후보
2024-07-17,AST-3019,A2,2,5.945046989204944,0.0995556725863683,0.0624937927636773,MRO-10047;MRO-20031;MRO-80001,MRO-10047;MRO-20031;MRO-80001,Belt Conveyor,CHN-02,test,12,caution,risk,approved_on_validation,우선 점검 후보
2024-07-17,AST-4055,A2,10,8.176089333303018,0.2330137182570605,0.1681258129193795,MRO-10045;MRO-20031;MRO-80001,MRO-10045;MRO-20031;MRO-80001,Screw Compressor,DHR-03,test,12,risk,risk,approved_on_validation,우선 점검 후보
2024-07-17,AST-4061,A2,10,6.42505273657752,0.1238012051216299,0.0801148148498278,MRO-20031;MRO-80001;MRO-10045,MRO-20031;MRO-80001;MRO-10045,Screw Compressor,DHR-03,test,12,risk,risk,approved_on_validation,우선 점검 후보
2024-07-17,AST-5003,A2,5,7.995432951638215,0.2180160944217586,0.1556837393067074,MRO-10045;MRO-10046;MRO-10047,MRO-10045;MRO-10046;MRO-10047,EOT Crane,DHR-03,test,12,caution,risk,approved_on_validation,우선 점검 후보
2024-07-17,AST-5007,A2,8,5.45686886675221,0.0752311338682756,0.0456788945909662,MRO-10046;MRO-10047;MRO-50009,MRO-10046;MRO-10047;MRO-50009,EOT Crane,PUN-01,test,12,risk,caution,approved_on_validation,우선 점검 후보
2024-07-18,AST-1041,A2,12,7.47235815857501,0.1818974523434386,0.1272769386879986,MRO-50009;MRO-30011;MRO-30012,MRO-50009;MRO-10045;MRO-80001,CNC Lathe,PUN-01,test,12,high_risk,risk,approved_on_validation,우선 점검 후보
2024-07-18,AST-1042,A2,5,7.832966745799503,0.2092004906002371,0.1458329975105271,MRO-10045;MRO-40022;MRO-10046,MRO-10045;MRO-10046;MRO-10047,CNC Lathe,PUN-01,test,12,caution,risk,approved_on_validation,우선 점검 후보
2024-07-18,AST-2017,A2,9,8.439780211354588,0.2515614850219753,0.1829571062872657,MRO-80001;MRO-10045;MRO-10046,MRO-80001;MRO-10045;MRO-10046,Hydraulic Press,PUN-01,test,12,risk,risk,approved_on_validation,우선 점검 후보
2024-07-18,AST-2031,A2,2,7.58514716215793,0.1915287368860659,0.1353108268358668,MRO-80001;MRO-10045;MRO-50009,MRO-80001;MRO-10045;MRO-50009,Hydraulic Press,CHN-02,test,12,caution,risk,approved_on_validation,우선 점검 후보
2024-07-18,AST-3008,A2,10,6.461882635457322,0.1255305587139768,0.0815827516815588,MRO-10045;MRO-10046;MRO-50009,MRO-10045;MRO-10046;MRO-50009,Belt Conveyor,CHN-02,test,12,risk,risk,approved_on_validation,우선 점검 후보
2024-07-18,AST-3019,A2,6,5.828787624365894,0.0935442706628764,0.0588798019096088,MRO-10047;MRO-20031;MRO-10045,MRO-10047;MRO-20031;MRO-10045,Belt Conveyor,CHN-02,test,12,risk,caution,approved_on_validation,우선 점검 후보
2024-07-18,AST-4055,A2,6,7.733532516216802,0.2026416343022315,0.1422085749404092,MRO-10046;MRO-20031;MRO-10045,MRO-10046;MRO-20031;MRO-10045,Screw Compressor,DHR-03,test,12,risk,risk,approved_on_validation,우선 점검 후보
2024-07-18,AST-4061,A2,5,6.366465588596858,0.119596414610127,0.0772949260464676,MRO-40022;MRO-20031;MRO-10046,MRO-20031;MRO-10046;MRO-10045,Screw Compressor,DHR-03,test,12,caution,risk,approved_on_validation,우선 점검 후보
2024-07-18,AST-5003,A2,6,7.425839013838934,0.180777073630874,0.1251371105276175,MRO-10046;MRO-20031;MRO-10047,MRO-10046;MRO-20031;MRO-10047,EOT Crane,DHR-03,test,12,risk,risk,approved_on_validation,우선 점검 후보
2024-07-18,AST-5007,A2,5,5.4114221413392505,0.0736067408018456,0.0443513431486468,MRO-10046;MRO-50009;MRO-10045,MRO-10046;MRO-50009;MRO-10045,EOT Crane,PUN-01,test,12,caution,caution,approved_on_validation,우선 점검 후보
2024-07-19,AST-1041,A2,8,6.257149449447136,0.1109244118769509,0.072438022187273,MRO-40022;MRO-50009;MRO-80001,MRO-50009;MRO-80001;MRO-10045,CNC Lathe,PUN-01,test,12,risk,risk,approved_on_validation,우선 점검 후보
2024-07-19,AST-1042,A2,6,6.148404197442373,0.1079433680080033,0.0698306247853632,MRO-50009;MRO-10046;MRO-10047,MRO-50009;MRO-10046;MRO-10047,CNC Lathe,PUN-01,test,12,risk,risk,approved_on_validation,우선 점검 후보
2024-07-19,AST-2017,A2,16,8.583132778520207,0.2595689106927343,0.1930724247825892,MRO-80001;MRO-20031;MRO-10046,MRO-80001;MRO-20031;MRO-10046,Hydraulic Press,PUN-01,test,12,high_risk,risk,approved_on_validation,우선 점검 후보
2024-07-19,AST-2031,A2,16,7.324464046481199,0.1756884348065767,0.1216167915694966,MRO-10046;MRO-10045;MRO-50009,MRO-10046;MRO-10045;MRO-50009,Hydraulic Press,CHN-02,test,12,high_risk,risk,approved_on_validation,우선 점검 후보
2024-07-19,AST-3008,A2,12,6.116887012557429,0.1068056985428065,0.0682204452613187,MRO-20031;MRO-10046;MRO-10045,MRO-20031;MRO-10046;MRO-10045,Belt Conveyor,CHN-02,test,12,high_risk,risk,approved_on_validation,우선 점검 후보
2024-07-19,AST-3019,A2,8,5.605041140999929,0.083231531533899,0.0513879577863426,MRO-20031;MRO-10047;MRO-80001,MRO-20031;MRO-10047;MRO-80001,Belt Conveyor,CHN-02,test,12,risk,caution,approved_on_validation,우선 점검 후보
2024-07-19,AST-4055,A2,11,8.129251772194737,0.2297281707063689,0.1645329819053951,MRO-10045;MRO-20031;MRO-80001,MRO-10045;MRO-20031;MRO-80001,Screw Compressor,DHR-03,test,12,risk,risk,approved_on_validation,우선 점검 후보
2024-07-19,AST-4061,A2,3,6.379493788606244,0.1216085347665583,0.0790887721799032,MRO-10046;MRO-20031;MRO-10045,MRO-10046;MRO-20031;MRO-10045,Screw Compressor,DHR-03,test,12,caution,risk,approved_on_validation,우선 점검 후보
2024-07-19,AST-5003,A2,4,8.077037001987247,0.2234206628853373,0.1602190175173433,MRO-10046;MRO-80001;MRO-20031,MRO-10046;MRO-80001;MRO-20031,EOT Crane,DHR-03,test,12,caution,risk,approved_on_validation,우선 점검 후보
2024-07-19,AST-5007,A2,7,5.450568302681837,0.0753860335902903,0.045687145399156,MRO-10047;MRO-10046;MRO-10045,MRO-10047;MRO-10046;MRO-10045,EOT Crane,PUN-01,test,12,risk,caution,approved_on_validation,우선 점검 후보
2024-07-20,AST-1041,A2,0,0.0034482397990182,9.692764468102171e-12,9.41991913409294e-15,MRO-10045;MRO-10046;MRO-30012,MRO-10045;MRO-10046;MRO-10047,CNC Lathe,PUN-01,test,12,normal,normal,approved_on_validation,우선 점검 후보
2024-07-20,AST-1042,A2,0,0.0034567019116581,9.712435897992562e-12,9.491809509162514e-15,MRO-10047;MRO-50009;MRO-20033,MRO-10047;MRO-50009;MRO-10045,CNC Lathe,PUN-01,test,12,normal,normal,approved_on_validation,우선 점검 후보
2024-07-20,AST-2017,A2,0,0.0033140023853588,7.461551887414352e-12,7.609166839272973e-15,MRO-50009;MRO-70005;MRO-10045,MRO-50009;MRO-10045;MRO-10047,Hydraulic Press,PUN-01,test,12,normal,normal,approved_on_validation,우선 점검 후보
2024-07-20,AST-2031,A2,0,0.0033912677955845,7.972366725296846e-12,8.236609676178537e-15,MRO-20031;MRO-60015;MRO-10045,MRO-20031;MRO-10045;MRO-10046,Hydraulic Press,CHN-02,test,12,normal,normal,approved_on_validation,우선 점검 후보
2024-07-20,AST-3008,A2,0,0.0032180322368176,6.474752980544249e-12,6.497316507124394e-15,MRO-30011;MRO-10045;MRO-10046,MRO-10045;MRO-10046;MRO-10047,Belt Conveyor,CHN-02,test,12,normal,normal,approved_on_validation,우선 점검 후보
2024-07-20,AST-3019,A2,0,0.0031721083782889,5.9070230669295834e-12,5.9406851583005845e-15,MRO-10046;MRO-10047;MRO-20031,MRO-10046;MRO-10047;MRO-20031,Belt Conveyor,CHN-02,test,12,normal,normal,approved_on_validation,우선 점검 후보
2024-07-20,AST-4055,A2,0,0.0032462784352196,6.5934235222738514e-12,6.7152035048133296e-15,MRO-90012;MRO-20031;MRO-10046,MRO-20031;MRO-10046;MRO-10047,Screw Compressor,DHR-03,test,12,normal,normal,approved_on_validation,우선 점검 후보
2024-07-20,AST-4061,A2,0,0.0032482143352185,6.657208063899685e-12,6.756832824737419e-15,MRO-10045;MRO-10046;MRO-10047,MRO-10045;MRO-10046;MRO-10047,Screw Compressor,DHR-03,test,12,normal,normal,approved_on_validation,우선 점검 후보
2024-07-20,AST-5003,A2,0,0.0034141670835791,8.261615560511446e-12,8.673089570657998e-15,MRO-10046;MRO-70004;MRO-10045,MRO-10046;MRO-10045;MRO-10047,EOT Crane,DHR-03,test,12,normal,normal,approved_on_validation,우선 점검 후보
2024-07-20,AST-5007,A2,0,0.0032792826548453,7.237671282933308e-12,7.241254227119385e-15,MRO-50009;MRO-10045;MRO-10046,MRO-50009;MRO-10045;MRO-10046,EOT Crane,PUN-01,test,12,normal,normal,approved_on_validation,우선 점검 후보
2024-07-21,AST-1041,A2,0,0.0032404478628763,6.894242119100531e-12,6.7023384738764115e-15,MRO-30012;MRO-10046;MRO-10045,MRO-10046;MRO-10045;MRO-10047,CNC Lathe,PUN-01,test,12,normal,normal,approved_on_validation,우선 점검 후보
2024-07-21,AST-1042,A2,0,0.003236618746559,6.5742487377273336e-12,6.654008403511652e-15,MRO-10045;MRO-10046;MRO-10047,MRO-10045;MRO-10046;MRO-10047,CNC Lathe,PUN-01,test,12,normal,normal,approved_on_validation,우선 점검 후보
2024-07-21,AST-2017,A2,0,0.0032730926320164,6.859739828446614e-12,6.991876505133348e-15,MRO-10045;MRO-10047;MRO-80001,MRO-10045;MRO-10047;MRO-80001,Hydraulic Press,PUN-01,test,12,normal,normal,approved_on_validation,우선 점검 후보
2024-07-21,AST-2031,A2,0,0.003226325823937,6.644675584813088e-12,6.671086256669414e-15,MRO-20031;MRO-10045;MRO-10046,MRO-20031;MRO-10045;MRO-10046,Hydraulic Press,CHN-02,test,12,normal,normal,approved_on_validation,우선 점검 후보
2024-07-21,AST-3008,A2,0,0.0032288582164114,6.481872237772564e-12,6.5658024793199205e-15,MRO-70004;MRO-30011;MRO-10045,MRO-10045;MRO-10046;MRO-10047,Belt Conveyor,CHN-02,test,12,normal,normal,approved_on_validation,우선 점검 후보
2024-07-21,AST-3019,A2,0,0.0032128640769616,6.524215490175703e-12,6.496054142034081e-15,MRO-80001;MRO-10046;MRO-10047,MRO-80001;MRO-10046;MRO-10047,Belt Conveyor,CHN-02,test,12,normal,normal,approved_on_validation,우선 점검 후보
2024-07-21,AST-4055,A2,0,0.0031300508144244,5.6602235759330875e-12,5.613851526176693e-15,MRO-10046;MRO-10047;MRO-50009,MRO-10046;MRO-10047;MRO-50009,Screw Compressor,DHR-03,test,12,normal,normal,approved_on_validation,우선 점검 후보
2024-07-21,AST-4061,A2,0,0.0032357758664897,6.574241543384783e-12,6.649671004761427e-15,MRO-10045;MRO-10046;MRO-10047,MRO-10045;MRO-10046;MRO-10047,Screw Compressor,DHR-03,test,12,normal,normal,approved_on_validation,우선 점검 후보
2024-07-21,AST-5003,A2,0,0.0032716773996808,6.897348686386854e-12,7.020531440046857e-15,MRO-20031;MRO-10045;MRO-10046,MRO-20031;MRO-10045;MRO-10046,EOT Crane,DHR-03,test,12,normal,normal,approved_on_validation,우선 점검 후보
2024-07-21,AST-5007,A2,0,0.003263197011281,6.805166323598398e-12,6.904709282799735e-15,MRO-80001;MRO-30011;MRO-70005,MRO-80001;MRO-10045;MRO-10046,EOT Crane,PUN-01,test,12,normal,normal,approved_on_validation,우선 점검 후보
2024-07-22,AST-1041,A2,10,6.545234485694691,0.1300987435990426,0.0851057607748927,MRO-80001;MRO-50009;MRO-10047,MRO-80001;MRO-50009;MRO-10047,CNC Lathe,PUN-01,test,12,risk,risk,approved_on_validation,우선 점검 후보
2024-07-22,AST-1042,A2,6,6.302516788241576,0.1148142263423699,0.0745920541498298,MRO-30011;MRO-50009;MRO-10046,MRO-50009;MRO-10046;MRO-10047,CNC Lathe,PUN-01,test,12,risk,risk,approved_on_validation,우선 점검 후보
2024-07-22,AST-2017,A2,23,8.835160077898907,0.2793378884522176,0.2082330592615214,MRO-80001;MRO-50009;MRO-20031,MRO-80001;MRO-50009;MRO-20031,Hydraulic Press,PUN-01,test,12,high_risk,risk,approved_on_validation,우선 점검 후보
2024-07-22,AST-2031,A2,10,7.0303401683178155,0.1563167803299938,0.1070192321819953,MRO-10047;MRO-50009;MRO-20031,MRO-10047;MRO-50009;MRO-20031,Hydraulic Press,CHN-02,test,12,risk,risk,approved_on_validation,우선 점검 후보
2024-07-22,AST-3008,A2,7,6.281525012574765,0.116367794247596,0.0748297028731324,MRO-20031;MRO-50009;MRO-10046,MRO-20031;MRO-50009;MRO-10046,Belt Conveyor,CHN-02,test,12,risk,risk,approved_on_validation,우선 점검 후보
2024-07-22,AST-3019,A2,5,5.718875118006042,0.0882293937846515,0.0548332230659433,MRO-10045;MRO-80001;MRO-10047,MRO-10045;MRO-80001;MRO-10047,Belt Conveyor,CHN-02,test,12,caution,caution,approved_on_validation,우선 점검 후보
2024-07-22,AST-4055,A2,11,7.905491946069133,0.2128355633420379,0.1515456849228395,MRO-80001;MRO-20031;MRO-10046,MRO-80001;MRO-20031;MRO-10046,Screw Compressor,DHR-03,test,12,risk,risk,approved_on_validation,우선 점검 후보
2024-07-22,AST-4061,A2,0,6.555518863639386,0.1295692468056981,0.0860133491638159,MRO-10045;MRO-10047;MRO-10046,MRO-10045;MRO-10047;MRO-10046,Screw Compressor,DHR-03,test,12,normal,risk,approved_on_validation,우선 점검 후보
2024-07-22,AST-5003,A2,14,7.870965031318825,0.2087533863950553,0.1485771682915994,MRO-20031;MRO-10046;MRO-10045,MRO-20031;MRO-10046;MRO-10045,EOT Crane,DHR-03,test,12,high_risk,risk,approved_on_validation,우선 점검 후보
2024-07-22,AST-5007,A2,7,5.353007874184504,0.0702421965464293,0.0425581689003234,MRO-20031;MRO-40022;MRO-10047,MRO-20031;MRO-10047;MRO-10046,EOT Crane,PUN-01,test,12,risk,caution,approved_on_validation,우선 점검 후보
2024-07-23,AST-1041,A2,2,6.308847338856733,0.1174972657657853,0.0759198093510187,MRO-80001;MRO-10046;MRO-50009,MRO-80001;MRO-10046;MRO-50009,CNC Lathe,PUN-01,test,12,caution,risk,approved_on_validation,우선 점검 후보
2024-07-23,AST-1042,A2,4,6.173539450020353,0.1077571236571163,0.069580945818361,MRO-10046;MRO-30011;MRO-80001,MRO-10046;MRO-80001;MRO-50009,CNC Lathe,PUN-01,test,12,caution,risk,approved_on_validation,우선 점검 후보
2024-07-23,AST-2017,A2,12,10.598300936065568,0.4118384360800751,0.3341146748798389,MRO-20031;MRO-50009;MRO-10046,MRO-20031;MRO-50009;MRO-10046,Hydraulic Press,PUN-01,test,12,high_risk,risk,approved_on_validation,우선 점검 후보
2024-07-23,AST-2031,A2,14,7.343899380220347,0.1740786038115613,0.1222645601176378,MRO-10046;MRO-10047;MRO-20031,MRO-10046;MRO-10047;MRO-20031,Hydraulic Press,CHN-02,test,12,high_risk,risk,approved_on_validation,우선 점검 후보
2024-07-23,AST-3008,A2,4,6.06964058040593,0.1027847236152098,0.0655080049512815,MRO-10046;MRO-10045;MRO-10047,MRO-10046;MRO-10045;MRO-10047,Belt Conveyor,CHN-02,test,12,caution,risk,approved_on_validation,우선 점검 후보
2024-07-23,AST-3019,A2,7,5.595440022047347,0.0829638073642724,0.0513635143324692,MRO-10045;MRO-80001;MRO-20031,MRO-10045;MRO-80001;MRO-20031,Belt Conveyor,CHN-02,test,12,risk,caution,approved_on_validation,우선 점검 후보
2024-07-23,AST-4055,A2,6,7.877696970254291,0.2107485579117487,0.1510932618159652,MRO-20031;MRO-10045;MRO-10046,MRO-20031;MRO-10045;MRO-10046,Screw Compressor,DHR-03,test,12,risk,risk,approved_on_validation,우선 점검 후보
2024-07-23,AST-4061,A2,8,6.348267863223162,0.1190711079366121,0.0777003582900857,MRO-10045;MRO-10046;MRO-10047,MRO-10045;MRO-10046;MRO-10047,Screw Compressor,DHR-03,test,12,risk,risk,approved_on_validation,우선 점검 후보
2024-07-23,AST-5003,A2,8,7.788485910988491,0.2037500584905488,0.1442405509429096,MRO-20031;MRO-10047;MRO-80001,MRO-20031;MRO-10047;MRO-80001,EOT Crane,DHR-03,test,12,risk,risk,approved_on_validation,우선 점검 후보
2024-07-23,AST-5007,A2,4,5.731242169687794,0.0879790302387138,0.0546552546346134,MRO-50009;MRO-80001;MRO-10046,MRO-50009;MRO-80001;MRO-10046,EOT Crane,PUN-01,test,12,caution,caution,approved_on_validation,우선 점검 후보
2024-07-24,AST-1041,A2,8,5.871112275540491,0.0949256398836499,0.0598453507388247,MRO-80001;MRO-50009;MRO-10046,MRO-80001;MRO-50009;MRO-10046,CNC Lathe,PUN-01,test,12,risk,risk,approved_on_validation,우선 점검 후보
2024-07-24,AST-1042,A2,11,5.894145910112936,0.0972086133771795,0.0602380904400585,MRO-10045;MRO-80001;MRO-50009,MRO-10045;MRO-80001;MRO-50009,CNC Lathe,PUN-01,test,12,risk,risk,approved_on_validation,우선 점검 후보
2024-07-24,AST-2017,A2,16,9.1436366057648,0.3034291869441717,0.2287020084441653,MRO-10045;MRO-10047;MRO-80001,MRO-10045;MRO-10047;MRO-80001,Hydraulic Press,PUN-01,test,12,high_risk,risk,approved_on_validation,우선 점검 후보
2024-07-24,AST-2031,A2,0,7.281992578271931,0.1736252318409712,0.1194185612499581,MRO-10046;MRO-50009;MRO-10047,MRO-10046;MRO-50009;MRO-10047,Hydraulic Press,CHN-02,test,12,normal,risk,approved_on_validation,우선 점검 후보
2024-07-24,AST-3008,A2,8,6.616246955247518,0.1336706449572177,0.0883533473645968,MRO-80001;MRO-20031;MRO-50009,MRO-80001;MRO-20031;MRO-50009,Belt Conveyor,CHN-02,test,12,risk,risk,approved_on_validation,우선 점검 후보
2024-07-24,AST-3019,A2,14,5.4907443743727375,0.0796738835083476,0.048092902789126,MRO-10045;MRO-80001;MRO-20031,MRO-10045;MRO-80001;MRO-20031,Belt Conveyor,CHN-02,test,12,high_risk,caution,approved_on_validation,우선 점검 후보
2024-07-24,AST-4055,A2,6,7.882750402567624,0.213238395755606,0.1499269389293744,MRO-80001;MRO-10045;MRO-10046,MRO-80001;MRO-10045;MRO-10046,Screw Compressor,DHR-03,test,12,risk,risk,approved_on_validation,우선 점검 후보
2024-07-24,AST-4061,A2,1,7.5034970968037555,0.185077932461385,0.1281211624002562,MRO-10046;MRO-10047;MRO-20031,MRO-10046;MRO-10047;MRO-20031,Screw Compressor,DHR-03,test,12,caution,risk,approved_on_validation,우선 점검 후보
2024-07-24,AST-5003,A2,9,8.13013233823008,0.2273535377769537,0.1638251522774693,MRO-10045;MRO-10047;MRO-20031,MRO-10045;MRO-10047;MRO-20031,EOT Crane,DHR-03,test,12,risk,risk,approved_on_validation,우선 점검 후보
2024-07-24,AST-5007,A2,12,6.839605544865768,0.1403648285599021,0.0946600069241566,MRO-40021;MRO-40022;MRO-30012,MRO-10046;MRO-20031;MRO-80001,EOT Crane,PUN-01,test,12,high_risk,risk,approved_on_validation,우선 점검 후보
2024-07-25,AST-1041,A2,9,6.340111817617376,0.116669874356804,0.0768005926097779,MRO-80001;MRO-20031;MRO-10047,MRO-80001;MRO-20031;MRO-10047,CNC Lathe,PUN-01,test,12,risk,risk,approved_on_validation,우선 점검 후보
2024-07-25,AST-1042,A2,4,6.658295512552875,0.1332716641595299,0.0909213593847451,MRO-10045;MRO-80001;MRO-50009,MRO-10045;MRO-80001;MRO-50009,CNC Lathe,PUN-01,test,12,caution,risk,approved_on_validation,우선 점검 후보
2024-07-25,AST-2017,A2,8,8.287014798637749,0.2399090095025249,0.1739058464596546,MRO-10047;MRO-10045;MRO-10046,MRO-10047;MRO-10045;MRO-10046,Hydraulic Press,PUN-01,test,12,risk,risk,approved_on_validation,우선 점검 후보
2024-07-25,AST-2031,A2,4,7.276620533090852,0.1728767129075524,0.1195822257900046,MRO-10045;MRO-50009;MRO-10046,MRO-10045;MRO-50009;MRO-10046,Hydraulic Press,CHN-02,test,12,caution,risk,approved_on_validation,우선 점검 후보
2024-07-25,AST-3008,A2,6,6.843253055947082,0.1457562046769561,0.0982842940552448,MRO-80001;MRO-20031;MRO-50009,MRO-80001;MRO-20031;MRO-50009,Belt Conveyor,CHN-02,test,12,risk,risk,approved_on_validation,우선 점검 후보
2024-07-25,AST-3019,A2,4,5.6664878312550755,0.0870326517510951,0.0530350214926509,MRO-10045;MRO-50009;MRO-10046,MRO-10045;MRO-50009;MRO-10046,Belt Conveyor,CHN-02,test,12,caution,caution,approved_on_validation,우선 점검 후보
2024-07-25,AST-4055,A2,7,8.44882703813508,0.2520163914524755,0.1831727720259016,MRO-80001;MRO-10045;MRO-20031,MRO-80001;MRO-10045;MRO-20031,Screw Compressor,DHR-03,test,12,risk,risk,approved_on_validation,우선 점검 후보
2024-07-25,AST-4061,A2,13,6.5645496132809535,0.1314335890974629,0.0856723262476472,MRO-10046;MRO-10047;MRO-10045,MRO-10046;MRO-10047;MRO-10045,Screw Compressor,DHR-03,test,12,high_risk,risk,approved_on_validation,우선 점검 후보
2024-07-25,AST-5003,A2,8,7.884850121476982,0.2129057034378339,0.1502838740800665,MRO-10045;MRO-10046;MRO-50009,MRO-10045;MRO-10046;MRO-50009,EOT Crane,DHR-03,test,12,risk,risk,approved_on_validation,우선 점검 후보
2024-07-25,AST-5007,A2,4,5.45863085781572,0.0751160911888581,0.0460660131101665,MRO-10046;MRO-20031;MRO-50009,MRO-10046;MRO-20031;MRO-50009,EOT Crane,PUN-01,test,12,caution,caution,approved_on_validation,우선 점검 후보
2024-07-26,AST-1041,A2,16,6.947020525228869,0.151491423608386,0.1025635730648703,MRO-20031;MRO-10047;MRO-80001,MRO-20031;MRO-10047;MRO-80001,CNC Lathe,PUN-01,test,12,high_risk,risk,approved_on_validation,우선 점검 후보
2024-07-26,AST-1042,A2,4,6.566403888524406,0.1290715094154004,0.0858053980245055,MRO-80001;MRO-10045;MRO-10046,MRO-80001;MRO-10045;MRO-10046,CNC Lathe,PUN-01,test,12,caution,risk,approved_on_validation,우선 점검 후보
2024-07-26,AST-2017,A2,20,8.513319394263352,0.2577823134498831,0.1881300449164207,MRO-80001;MRO-10045;MRO-10047,MRO-80001;MRO-10045;MRO-10047,Hydraulic Press,PUN-01,test,12,high_risk,risk,approved_on_validation,우선 점검 후보
2024-07-26,AST-2031,A2,10,7.133887177424292,0.16222073558169,0.1117217503214001,MRO-50009;MRO-40021;MRO-10046,MRO-50009;MRO-10046;MRO-10045,Hydraulic Press,CHN-02,test,12,risk,risk,approved_on_validation,우선 점검 후보
2024-07-26,AST-3008,A2,2,6.5227754829884645,0.1283495575396344,0.0847020756064183,MRO-80001;MRO-20031;MRO-10047,MRO-80001;MRO-20031;MRO-10047,Belt Conveyor,CHN-02,test,12,caution,risk,approved_on_validation,우선 점검 후보
2024-07-26,AST-3019,A2,0,5.754591401283634,0.0903449559771928,0.0557321059552457,MRO-10045;MRO-50009;MRO-10046,MRO-10045;MRO-50009;MRO-10046,Belt Conveyor,CHN-02,test,12,normal,caution,approved_on_validation,우선 점검 후보
2024-07-26,AST-4055,A2,7,7.787364454809739,0.205619213531671,0.1451845746752871,MRO-80001;MRO-20031;MRO-10045,MRO-80001;MRO-20031;MRO-10045,Screw Compressor,DHR-03,test,12,risk,risk,approved_on_validation,우선 점검 후보
2024-07-26,AST-4061,A2,10,6.712369183867032,0.1391978979906141,0.0918092149564345,MRO-10046;MRO-10047;MRO-50009,MRO-10046;MRO-10047;MRO-50009,Screw Compressor,DHR-03,test,12,risk,risk,approved_on_validation,우선 점검 후보
2024-07-26,AST-5003,A2,10,8.484000564310444,0.2563295077287235,0.1867280202953816,MRO-80001;MRO-20031;MRO-10047,MRO-80001;MRO-20031;MRO-10047,EOT Crane,DHR-03,test,12,risk,risk,approved_on_validation,우선 점검 후보
2024-07-26,AST-5007,A2,0,5.861738129559187,0.094823018807361,0.0593768477893348,MRO-10047;MRO-50009;MRO-10045,MRO-10047;MRO-50009;MRO-10045,EOT Crane,PUN-01,test,12,normal,risk,approved_on_validation,우선 점검 후보
2024-07-27,AST-1041,A2,0,0.0031304357990788,6.856654124581183e-12,6.286268280203369e-15,MRO-10046;MRO-10045;MRO-50009,MRO-10046;MRO-10045;MRO-50009,CNC Lathe,PUN-01,test,12,normal,normal,approved_on_validation,우선 점검 후보
2024-07-27,AST-1042,A2,0,0.0030271748175811,4.8510157369851706e-12,4.685113354885261e-15,MRO-20033;MRO-10045;MRO-10046,MRO-10045;MRO-10046;MRO-10047,CNC Lathe,PUN-01,test,12,normal,normal,approved_on_validation,우선 점검 후보
2024-07-27,AST-2017,A2,0,0.0032934744114218,6.7168086944166415e-12,6.9615697902931384e-15,MRO-60015;MRO-10045;MRO-50009,MRO-10045;MRO-50009;MRO-80001,Hydraulic Press,PUN-01,test,12,normal,normal,approved_on_validation,우선 점검 후보
2024-07-27,AST-2031,A2,0,0.0032468024169883,6.5479837482883835e-12,6.665863804187757e-15,MRO-60015;MRO-30012;MRO-10045,MRO-10045;MRO-10046;MRO-10047,Hydraulic Press,CHN-02,test,12,normal,normal,approved_on_validation,우선 점검 후보
2024-07-27,AST-3008,A2,0,0.0032529011885806,6.601730539262111e-12,6.759741673673421e-15,MRO-70004;MRO-30011;MRO-10045,MRO-10045;MRO-10046;MRO-10047,Belt Conveyor,CHN-02,test,12,normal,normal,approved_on_validation,우선 점검 후보
2024-07-27,AST-3019,A2,0,0.0032219176795423,6.533242414783661e-12,6.563164294610015e-15,MRO-10045;MRO-10046;MRO-10047,MRO-10045;MRO-10046;MRO-10047,Belt Conveyor,CHN-02,test,12,normal,normal,approved_on_validation,우선 점검 후보
2024-07-27,AST-4055,A2,0,0.0032385327974215,6.641777919251712e-12,6.714072293139177e-15,MRO-10045;MRO-10046;MRO-20031,MRO-10045;MRO-10046;MRO-20031,Screw Compressor,DHR-03,test,12,normal,normal,approved_on_validation,우선 점검 후보
2024-07-27,AST-4061,A2,0,0.0032756768036073,6.912612429694983e-12,7.0429344726589955e-15,MRO-10047;MRO-20031;MRO-40021,MRO-10047;MRO-20031;MRO-10046,Screw Compressor,DHR-03,test,12,normal,normal,approved_on_validation,우선 점검 후보
2024-07-27,AST-5003,A2,0,0.0032298614205396,6.514489310259493e-12,6.586342665787034e-15,MRO-10045;MRO-10046;MRO-50009,MRO-10045;MRO-10046;MRO-50009,EOT Crane,DHR-03,test,12,normal,normal,approved_on_validation,우선 점검 후보
2024-07-27,AST-5007,A2,0,0.0032315159876616,6.5338848462001835e-12,6.5984043951837794e-15,MRO-10045;MRO-10046;MRO-20031,MRO-10045;MRO-10046;MRO-20031,EOT Crane,PUN-01,test,12,normal,normal,approved_on_validation,우선 점검 후보
2024-07-28,AST-1041,A2,0,0.0029145491837211,4.767680712870644e-12,4.349240713086466e-15,MRO-10045;MRO-50009;MRO-20033,MRO-10045;MRO-50009;MRO-10046,CNC Lathe,PUN-01,test,12,normal,normal,approved_on_validation,우선 점검 후보
2024-07-28,AST-1042,A2,0,0.0030325627198829,4.856245023997429e-12,4.701148914304989e-15,MRO-20033;MRO-10045;MRO-10046,MRO-10045;MRO-10046;MRO-10047,CNC Lathe,PUN-01,test,12,normal,normal,approved_on_validation,우선 점검 후보
2024-07-28,AST-2017,A2,0,0.0033608423683308,6.4152914332940154e-12,6.930575450830247e-15,MRO-60015;MRO-10047;MRO-20033,MRO-60015;MRO-10047;MRO-10045,Hydraulic Press,PUN-01,test,12,normal,normal,approved_on_validation,우선 점검 후보
2024-07-28,AST-2031,A2,0,0.0034975067751764,7.929917224947516e-12,8.627024989831688e-15,MRO-30012;MRO-10045;MRO-60015,MRO-10045;MRO-10046;MRO-10047,Hydraulic Press,CHN-02,test,12,normal,normal,approved_on_validation,우선 점검 후보
2024-07-28,AST-3008,A2,0,0.0032477686948142,6.6157174426858575e-12,6.753542077009526e-15,MRO-70004;MRO-10045;MRO-10046,MRO-10045;MRO-10046;MRO-10047,Belt Conveyor,CHN-02,test,12,normal,normal,approved_on_validation,우선 점검 후보
2024-07-28,AST-3019,A2,0,0.0032234394103056,6.53326523117868e-12,6.5692730319573554e-15,MRO-10045;MRO-10046;MRO-10047,MRO-10045;MRO-10046;MRO-10047,Belt Conveyor,CHN-02,test,12,normal,normal,approved_on_validation,우선 점검 후보
2024-07-28,AST-4055,A2,0,0.0032656280494025,6.603245063551403e-12,6.775837499479723e-15,MRO-30011;MRO-10046;MRO-20031,MRO-10046;MRO-20031;MRO-50009,Screw Compressor,DHR-03,test,12,normal,normal,approved_on_validation,우선 점검 후보
2024-07-28,AST-4061,A2,0,0.0032448085875074,6.597346065298784e-12,6.703053351132578e-15,MRO-10045;MRO-10046;MRO-50009,MRO-10045;MRO-10046;MRO-50009,Screw Compressor,DHR-03,test,12,normal,normal,approved_on_validation,우선 점검 후보
2024-07-28,AST-5003,A2,0,0.0032492331346957,7.466795647006273e-12,7.302335797775007e-15,MRO-20031;MRO-70005;MRO-80001,MRO-20031;MRO-80001;MRO-10045,EOT Crane,DHR-03,test,12,normal,normal,approved_on_validation,우선 점검 후보
2024-07-28,AST-5007,A2,0,0.0032295078355918,6.574265856131858e-12,6.604430347675805e-15,MRO-10045;MRO-10046;MRO-10047,MRO-10045;MRO-10046;MRO-10047,EOT Crane,PUN-01,test,12,normal,normal,approved_on_validation,우선 점검 후보
2024-07-29,AST-1041,A2,15,6.766227518417709,0.1352131405326085,0.093803340220072,MRO-60016;MRO-20031;MRO-10047,MRO-20031;MRO-10047;MRO-80001,CNC Lathe,PUN-01,test,12,high_risk,risk,approved_on_validation,우선 점검 후보
2024-07-29,AST-1042,A2,8,6.172228502386199,0.1102473024275859,0.0700006924447105,MRO-50009;MRO-10045;MRO-80001,MRO-50009;MRO-10045;MRO-80001,CNC Lathe,PUN-01,test,12,risk,risk,approved_on_validation,우선 점검 후보
2024-07-29,AST-2017,A2,14,7.520798775653222,0.1843006969042079,0.128431204978102,MRO-60015;MRO-10045;MRO-10047,MRO-10045;MRO-10047;MRO-50009,Hydraulic Press,PUN-01,test,12,high_risk,risk,approved_on_validation,우선 점검 후보
2024-07-29,AST-2031,A2,12,6.949379875602755,0.152776895066213,0.1035060471401455,MRO-10045;MRO-10046;MRO-50009,MRO-10045;MRO-10046;MRO-50009,Hydraulic Press,CHN-02,test,12,high_risk,risk,approved_on_validation,우선 점검 후보
2024-07-29,AST-3008,A2,6,6.478318164521374,0.1251453057994686,0.0821183649201325,MRO-80001;MRO-60016;MRO-10047,MRO-80001;MRO-10047;MRO-50009,Belt Conveyor,CHN-02,test,12,risk,risk,approved_on_validation,우선 점검 후보
2024-07-29,AST-3019,A2,10,5.4525377912052955,0.0772257213005424,0.0469072807965139,MRO-50009;MRO-10045;MRO-10047,MRO-50009;MRO-10045;MRO-10047,Belt Conveyor,CHN-02,test,12,risk,caution,approved_on_validation,우선 점검 후보
2024-07-29,AST-4055,A2,16,7.651226265013529,0.197546935521416,0.1379383525532928,MRO-80001;MRO-10047;MRO-10045,MRO-80001;MRO-10047;MRO-10045,Screw Compressor,DHR-03,test,12,high_risk,risk,approved_on_validation,우선 점검 후보
2024-07-29,AST-4061,A2,3,6.779796436785885,0.142198327587187,0.0956892968564073,MRO-80001;MRO-10045;MRO-10047,MRO-80001;MRO-10045;MRO-10047,Screw Compressor,DHR-03,test,12,caution,risk,approved_on_validation,우선 점검 후보
2024-07-29,AST-5003,A2,2,8.352555797862312,0.2441844520796403,0.1771323282908773,MRO-60015;MRO-10045;MRO-10047,MRO-10045;MRO-10047;MRO-20031,EOT Crane,DHR-03,test,12,caution,risk,approved_on_validation,우선 점검 후보
2024-07-29,AST-5007,A2,1,5.73437344855627,0.0878174972157317,0.0548677023256147,MRO-10047;MRO-10046;MRO-50009,MRO-10047;MRO-10046;MRO-50009,EOT Crane,PUN-01,test,12,caution,caution,approved_on_validation,우선 점검 후보
2024-07-30,AST-1041,A2,4,6.18444764158068,0.1102142706582424,0.0705157829794962,MRO-50009;MRO-10047;MRO-20031,MRO-50009;MRO-10047;MRO-20031,CNC Lathe,PUN-01,test,12,caution,risk,approved_on_validation,우선 점검 후보
2024-07-30,AST-1042,A2,1,5.8872053447635375,0.0970417305750555,0.0603270998266785,MRO-20031;MRO-50009;MRO-10045,MRO-20031;MRO-50009;MRO-10045,CNC Lathe,PUN-01,test,12,caution,risk,approved_on_validation,우선 점검 후보
2024-07-30,AST-2017,A2,14,8.304693659287217,0.2414266217516937,0.1749089903341365,MRO-50009;MRO-80001;MRO-10045,MRO-50009;MRO-80001;MRO-10045,Hydraulic Press,PUN-01,test,12,high_risk,risk,approved_on_validation,우선 점검 후보
2024-07-30,AST-2031,A2,10,6.597899935725527,0.132376675255969,0.0885132549558376,MRO-10046;MRO-50009;MRO-80001,MRO-10046;MRO-50009;MRO-80001,Hydraulic Press,CHN-02,test,12,risk,risk,approved_on_validation,우선 점검 후보
2024-07-30,AST-3008,A2,10,6.232488796677675,0.1121006606145745,0.0725288422430562,MRO-80001;MRO-10047;MRO-20031,MRO-80001;MRO-10047;MRO-20031,Belt Conveyor,CHN-02,test,12,risk,risk,approved_on_validation,우선 점검 후보
2024-07-30,AST-3019,A2,8,5.5446202018491,0.0813134678724811,0.0496230420053149,MRO-50009;MRO-10045;MRO-10047,MRO-50009;MRO-10045;MRO-10047,Belt Conveyor,CHN-02,test,12,risk,caution,approved_on_validation,우선 점검 후보
2024-07-30,AST-4055,A2,12,7.808935533519934,0.2083989029759257,0.1471767611075521,MRO-10046;MRO-10047;MRO-80001,MRO-10046;MRO-10047;MRO-80001,Screw Compressor,DHR-03,test,12,high_risk,risk,approved_on_validation,우선 점검 후보
2024-07-30,AST-4061,A2,0,6.418117250742113,0.1221006039151738,0.079347746903364,MRO-10047;MRO-20031;MRO-10046,MRO-10047;MRO-20031;MRO-10046,Screw Compressor,DHR-03,test,12,normal,risk,approved_on_validation,우선 점검 후보
2024-07-30,AST-5003,A2,14,7.474257102149148,0.1843648230179889,0.1277716133038085,MRO-20031;MRO-80001;MRO-10047,MRO-20031;MRO-80001;MRO-10047,EOT Crane,DHR-03,test,12,high_risk,risk,approved_on_validation,우선 점검 후보
2024-07-30,AST-5007,A2,4,5.615355265364757,0.0816729520745571,0.0503415719686596,MRO-10045;MRO-80002;MRO-10047,MRO-10045;MRO-10047;MRO-10046,EOT Crane,PUN-01,test,12,caution,caution,approved_on_validation,우선 점검 후보
2024-07-31,AST-1041,A2,2,6.681489185489916,0.1357825683716629,0.0910114273265855,MRO-10046;MRO-20031;MRO-10047,MRO-10046;MRO-20031;MRO-10047,CNC Lathe,PUN-01,test,12,caution,risk,approved_on_validation,우선 점검 후보
2024-07-31,AST-1042,A2,1,6.064828649394785,0.1054925545648923,0.0663251441037493,MRO-20031;MRO-10045;MRO-50009,MRO-20031;MRO-10045;MRO-50009,CNC Lathe,PUN-01,test,12,caution,risk,approved_on_validation,우선 점검 후보
2024-07-31,AST-2017,A2,10,8.156721560189562,0.2311360399645174,0.1667280333439383,MRO-80001;MRO-10046;MRO-10045,MRO-80001;MRO-10046;MRO-10045,Hydraulic Press,PUN-01,test,12,risk,risk,approved_on_validation,우선 점검 후보
2024-07-31,AST-2031,A2,8,7.28704559248055,0.1733782165986968,0.1195952717823751,MRO-10047;MRO-50009;MRO-80001,MRO-10047;MRO-50009;MRO-80001,Hydraulic Press,CHN-02,test,12,risk,risk,approved_on_validation,우선 점검 후보
2024-07-31,AST-3008,A2,4,6.255846044658619,0.1121470591584248,0.0725101862042743,MRO-40022;MRO-10047;MRO-80001,MRO-10047;MRO-80001;MRO-50009,Belt Conveyor,CHN-02,test,12,caution,risk,approved_on_validation,우선 점검 후보
2024-07-31,AST-3019,A2,14,6.730033427959382,0.1296191442007792,0.0893910656097278,MRO-90011;MRO-70004;MRO-30012,MRO-10046;MRO-50009;MRO-10047,Belt Conveyor,CHN-02,test,12,high_risk,risk,approved_on_validation,우선 점검 후보
2024-07-31,AST-4055,A2,10,8.258700562689505,0.2400514540726361,0.1715103304347562,MRO-20031;MRO-10047;MRO-80001,MRO-20031;MRO-10047;MRO-80001,Screw Compressor,DHR-03,test,12,risk,risk,approved_on_validation,우선 점검 후보
2024-07-31,AST-4061,A2,1,6.687587606215052,0.1370317829498497,0.0903846868619341,MRO-40022;MRO-10047;MRO-20031,MRO-10047;MRO-20031;MRO-10045,Screw Compressor,DHR-03,test,12,caution,risk,approved_on_validation,우선 점검 후보
2024-07-31,AST-5003,A2,22,9.72477156802713,0.343946810808202,0.2658259550726702,MRO-60016;MRO-50009;MRO-80001,MRO-50009;MRO-80001;MRO-20031,EOT Crane,DHR-03,test,12,high_risk,risk,approved_on_validation,우선 점검 후보
2024-07-31,AST-5007,A2,6,5.197852738524912,0.0667091293740871,0.0393348809416141,MRO-10047;MRO-50009;MRO-20031,MRO-10047;MRO-50009;MRO-20031,EOT Crane,PUN-01,test,12,risk,caution,approved_on_validation,우선 점검 후보
2024-08-01,AST-1041,A2,7,7.98348873242125,0.2222598066853483,0.1581169443522326,MRO-10045;MRO-10047;MRO-20031,MRO-10045;MRO-10047;MRO-20031,CNC Lathe,PUN-01,test,12,risk,risk,approved_on_validation,우선 점검 후보
2024-08-01,AST-1042,A2,4,6.999899985306807,0.1550255620048755,0.1053435541800082,MRO-20031;MRO-80001;MRO-50009,MRO-20031;MRO-80001;MRO-50009,CNC Lathe,PUN-01,test,12,caution,risk,approved_on_validation,우선 점검 후보
2024-08-01,AST-2017,A2,6,8.500120314349513,0.2563224872805298,0.1855798592296975,MRO-80001;MRO-10046;MRO-10047,MRO-80001;MRO-10046;MRO-10047,Hydraulic Press,PUN-01,test,12,risk,risk,approved_on_validation,우선 점검 후보
2024-08-01,AST-2031,A2,5,7.389054733163282,0.1802632188361025,0.1250964799286376,MRO-10047;MRO-50009;MRO-10046,MRO-10047;MRO-50009;MRO-10046,Hydraulic Press,CHN-02,test,12,caution,risk,approved_on_validation,우선 점검 후보
2024-08-01,AST-3008,A2,8,7.3082085693140435,0.173355299958559,0.1208012618302381,MRO-10046;MRO-80001;MRO-10047,MRO-10046;MRO-80001;MRO-10047,Belt Conveyor,CHN-02,test,12,risk,risk,approved_on_validation,우선 점검 후보
2024-08-01,AST-3019,A2,1,5.5572808062745835,0.081868913389672,0.0495415663147075,MRO-10047;MRO-80001;MRO-10045,MRO-10047;MRO-80001;MRO-10045,Belt Conveyor,CHN-02,test,12,caution,caution,approved_on_validation,우선 점검 후보
2024-08-01,AST-4055,A2,10,7.968935598151892,0.2197251636097674,0.154645825630607,MRO-10047;MRO-10045;MRO-50009,MRO-10047;MRO-10045;MRO-50009,Screw Compressor,DHR-03,test,12,risk,risk,approved_on_validation,우선 점검 후보
2024-08-01,AST-4061,A2,14,6.794367996393042,0.143040653351249,0.0948745004277389,MRO-10045;MRO-10047;MRO-20031,MRO-10045;MRO-10047;MRO-20031,Screw Compressor,DHR-03,test,12,high_risk,risk,approved_on_validation,우선 점검 후보
2024-08-01,AST-5003,A2,10,7.037840959674332,0.1557744306658287,0.1054475585288434,MRO-80001;MRO-50009;MRO-10045,MRO-80001;MRO-50009;MRO-10045,EOT Crane,DHR-03,test,12,risk,risk,approved_on_validation,우선 점검 후보
2024-08-01,AST-5007,A2,0,6.02687607283588,0.10214148123708,0.0641404586454435,MRO-40022;MRO-10046;MRO-80001,MRO-10046;MRO-80001;MRO-10047,EOT Crane,PUN-01,test,12,normal,risk,approved_on_validation,우선 점검 후보
2024-08-02,AST-1041,A2,7,7.56357805837265,0.1856726196642153,0.132957793950712,MRO-10045;MRO-20031;MRO-10046,MRO-10045;MRO-20031;MRO-10046,CNC Lathe,PUN-01,test,12,risk,risk,approved_on_validation,우선 점검 후보
2024-08-02,AST-1042,A2,8,7.532439070462435,0.1889096930376168,0.1339966833400911,MRO-50009;MRO-20031;MRO-10046,MRO-50009;MRO-20031;MRO-10046,CNC Lathe,PUN-01,test,12,risk,risk,approved_on_validation,우선 점검 후보
2024-08-02,AST-2017,A2,11,8.10539771614483,0.2279463338168736,0.1630693421279565,MRO-80001;MRO-10047;MRO-10045,MRO-80001;MRO-10047;MRO-10045,Hydraulic Press,PUN-01,test,12,risk,risk,approved_on_validation,우선 점검 후보
2024-08-02,AST-2031,A2,0,7.174988435513389,0.1663404160424322,0.113989547523296,MRO-10046;MRO-50009;MRO-20031,MRO-10046;MRO-50009;MRO-20031,Hydraulic Press,CHN-02,test,12,normal,risk,approved_on_validation,우선 점검 후보
2024-08-02,AST-3008,A2,4,7.103152622260787,0.1623548003647652,0.1109006749053921,MRO-80001;MRO-10046;MRO-10047,MRO-80001;MRO-10046;MRO-10047,Belt Conveyor,CHN-02,test,12,caution,risk,approved_on_validation,우선 점검 후보
2024-08-02,AST-3019,A2,8,5.975711503406276,0.1013504760838518,0.0636701986367568,MRO-10047;MRO-50009;MRO-80001,MRO-10047;MRO-50009;MRO-80001,Belt Conveyor,CHN-02,test,12,risk,risk,approved_on_validation,우선 점검 후보
2024-08-02,AST-4055,A2,6,7.799071901014666,0.2059871720678097,0.1467591978098162,MRO-10045;MRO-50009;MRO-10046,MRO-10045;MRO-50009;MRO-10046,Screw Compressor,DHR-03,test,12,risk,risk,approved_on_validation,우선 점검 후보
2024-08-02,AST-4061,A2,10,7.018144372327223,0.1516222419826877,0.1027624658821474,MRO-40021;MRO-80001;MRO-50008,MRO-80001;MRO-10047;MRO-20031,Screw Compressor,DHR-03,test,12,risk,risk,approved_on_validation,우선 점검 후보
2024-08-02,AST-5003,A2,5,8.232712079422901,0.2307014478242265,0.1707311236202631,MRO-10045;MRO-10046;MRO-50009,MRO-10045;MRO-10046;MRO-50009,EOT Crane,DHR-03,test,12,caution,risk,approved_on_validation,우선 점검 후보
2024-08-02,AST-5007,A2,0,5.554597603515427,0.0792995578333754,0.0484079816461572,MRO-80001;MRO-40021;MRO-10046,MRO-80001;MRO-10046;MRO-10047,EOT Crane,PUN-01,test,12,normal,caution,approved_on_validation,우선 점검 후보
2024-08-03,AST-1041,A2,0,0.0032307026340277,6.527062190919919e-12,6.5963287363612086e-15,MRO-10045;MRO-10046;MRO-10047,MRO-10045;MRO-10046;MRO-10047,CNC Lathe,PUN-01,test,12,normal,normal,approved_on_validation,우선 점검 후보
2024-08-03,AST-1042,A2,0,0.0032339342453061,6.569268874043743e-12,6.641464937109202e-15,MRO-40021;MRO-20031;MRO-10045,MRO-20031;MRO-10045;MRO-10046,CNC Lathe,PUN-01,test,12,normal,normal,approved_on_validation,우선 점검 후보
2024-08-03,AST-2017,A2,0,0.0032925861201742,6.836608358255701e-12,7.051350505444631e-15,MRO-60015;MRO-10046;MRO-20031,MRO-10046;MRO-20031;MRO-10045,Hydraulic Press,PUN-01,test,12,normal,normal,approved_on_validation,우선 점검 후보
2024-08-03,AST-2031,A2,0,0.0032604109027309,6.640331360627386e-12,6.7786970931044446e-15,MRO-20033;MRO-10047;MRO-10045,MRO-10047;MRO-10045;MRO-10046,Hydraulic Press,CHN-02,test,12,normal,normal,approved_on_validation,우선 점검 후보
2024-08-03,AST-3008,A2,0,0.0032076132084511,6.495704614137946e-12,6.4394028772564545e-15,MRO-30011;MRO-10045;MRO-10046,MRO-10045;MRO-10046;MRO-10047,Belt Conveyor,CHN-02,test,12,normal,normal,approved_on_validation,우선 점검 후보
2024-08-03,AST-3019,A2,0,0.0035083976698623,6.850163556330959e-12,7.744731747613052e-15,MRO-80002;MRO-10045;MRO-10046,MRO-80002;MRO-10045;MRO-10046,Belt Conveyor,CHN-02,test,12,normal,normal,approved_on_validation,우선 점검 후보
2024-08-03,AST-4055,A2,0,0.0032438350221581,6.62772073903299e-12,6.723195885568754e-15,MRO-10045;MRO-20031;MRO-50009,MRO-10045;MRO-20031;MRO-50009,Screw Compressor,DHR-03,test,12,normal,normal,approved_on_validation,우선 점검 후보
2024-08-03,AST-4061,A2,0,0.0032387555146288,6.561937838628236e-12,6.652798738976361e-15,MRO-20031;MRO-50009;MRO-20033,MRO-20031;MRO-50009;MRO-10045,Screw Compressor,DHR-03,test,12,normal,normal,approved_on_validation,우선 점검 후보
2024-08-03,AST-5003,A2,0,0.0032126710417157,5.969980209108974e-12,6.201435398486445e-15,MRO-70004;MRO-10045;MRO-10046,MRO-10045;MRO-10046;MRO-10047,EOT Crane,DHR-03,test,12,normal,normal,approved_on_validation,우선 점검 후보
2024-08-03,AST-5007,A2,0,0.0029996373533161,5.25637362584197e-12,4.9126664910985386e-15,MRO-10045;MRO-10046;MRO-10047,MRO-10045;MRO-10046;MRO-10047,EOT Crane,PUN-01,test,12,normal,normal,approved_on_validation,우선 점검 후보
2024-08-04,AST-1041,A2,0,0.0030482079509537,4.845882799084734e-12,4.772504065241629e-15,MRO-80002;MRO-70004;MRO-10045,MRO-10045;MRO-10046;MRO-10047,CNC Lathe,PUN-01,test,12,normal,normal,approved_on_validation,우선 점검 후보
2024-08-04,AST-1042,A2,0,0.0032363257416044,6.567287954138168e-12,6.647795151792925e-15,MRO-10045;MRO-10046;MRO-10047,MRO-10045;MRO-10046;MRO-10047,CNC Lathe,PUN-01,test,12,normal,normal,approved_on_validation,우선 점검 후보
2024-08-04,AST-2017,A2,0,0.0032088122529875,6.22848490793229e-12,6.311836534019372e-15,MRO-10045;MRO-50008;MRO-60016,MRO-10045;MRO-20031;MRO-10047,Hydraulic Press,PUN-01,test,12,normal,normal,approved_on_validation,우선 점검 후보
2024-08-04,AST-2031,A2,0,0.0032336522108943,6.709884251367174e-12,6.743677426365526e-15,MRO-10045;MRO-80001;MRO-40021,MRO-10045;MRO-80001;MRO-10046,Hydraulic Press,CHN-02,test,12,normal,normal,approved_on_validation,우선 점검 후보
2024-08-04,AST-3008,A2,0,0.0032194431546748,6.509618518562985e-12,6.5179251783128244e-15,MRO-30011;MRO-10045;MRO-10046,MRO-10045;MRO-10046;MRO-10047,Belt Conveyor,CHN-02,test,12,normal,normal,approved_on_validation,우선 점검 후보
2024-08-04,AST-3019,A2,0,0.0032293047819389,6.519561997666505e-12,6.5780565910193985e-15,MRO-30011;MRO-10047;MRO-20031,MRO-10047;MRO-20031;MRO-50009,Belt Conveyor,CHN-02,test,12,normal,normal,approved_on_validation,우선 점검 후보
2024-08-04,AST-4055,A2,0,0.0032419004142451,6.595680307748358e-12,6.692561842725196e-15,MRO-10047;MRO-20031;MRO-50009,MRO-10047;MRO-20031;MRO-50009,Screw Compressor,DHR-03,test,12,normal,normal,approved_on_validation,우선 점검 후보
2024-08-04,AST-4061,A2,0,0.0032314196907814,6.515110977234204e-12,6.592859735206876e-15,MRO-10047;MRO-20031;MRO-50009,MRO-10047;MRO-20031;MRO-50009,Screw Compressor,DHR-03,test,12,normal,normal,approved_on_validation,우선 점검 후보
2024-08-04,AST-5003,A2,0,0.0034550218380026,9.624936995905844e-12,9.443604317174491e-15,MRO-20031;MRO-20033;MRO-80001,MRO-20031;MRO-80001;MRO-10045,EOT Crane,DHR-03,test,12,normal,normal,approved_on_validation,우선 점검 후보
2024-08-04,AST-5007,A2,0,0.0032317527121193,6.574265883372227e-12,6.619174818262783e-15,MRO-10045;MRO-10046;MRO-10047,MRO-10045;MRO-10046;MRO-10047,EOT Crane,PUN-01,test,12,normal,normal,approved_on_validation,우선 점검 후보
2024-08-05,AST-1041,A2,0,6.509369219976336,0.125818465931853,0.0833415966603385,MRO-50009;MRO-20031;MRO-10047,MRO-50009;MRO-20031;MRO-10047,CNC Lathe,PUN-01,test,12,normal,risk,approved_on_validation,우선 점검 후보
2024-08-05,AST-1042,A2,4,6.386092132332834,0.1207963912262777,0.0783977083842654,MRO-50009;MRO-20031;MRO-10045,MRO-50009;MRO-20031;MRO-10045,CNC Lathe,PUN-01,test,12,caution,risk,approved_on_validation,우선 점검 후보
2024-08-05,AST-2017,A2,6,8.11777488298114,0.2278617042120856,0.1634904209694769,MRO-80001;MRO-10047;MRO-20031,MRO-80001;MRO-10047;MRO-20031,Hydraulic Press,PUN-01,test,12,risk,risk,approved_on_validation,우선 점검 후보
2024-08-05,AST-2031,A2,9,7.491809492306673,0.1827981424762123,0.1289171549572016,MRO-50009;MRO-10046;MRO-10047,MRO-50009;MRO-10046;MRO-10047,Hydraulic Press,CHN-02,test,12,risk,risk,approved_on_validation,우선 점검 후보
2024-08-05,AST-3008,A2,12,6.550615363758506,0.1271358691118114,0.08517524794208,MRO-80001;MRO-60015;MRO-10045,MRO-80001;MRO-10045;MRO-10046,Belt Conveyor,CHN-02,test,12,high_risk,risk,approved_on_validation,우선 점검 후보
2024-08-05,AST-3019,A2,9,5.704299177051218,0.0881795460644584,0.0546820300987954,MRO-10045;MRO-10046;MRO-10047,MRO-10045;MRO-10046;MRO-10047,Belt Conveyor,CHN-02,test,12,risk,caution,approved_on_validation,우선 점검 후보
2024-08-05,AST-4055,A2,6,7.714359526958537,0.2002820144985561,0.1410985639371199,MRO-10046;MRO-10045;MRO-50009,MRO-10046;MRO-10045;MRO-50009,Screw Compressor,DHR-03,test,12,risk,risk,approved_on_validation,우선 점검 후보
2024-08-05,AST-4061,A2,16,6.5734752007745625,0.128047827151938,0.0853014089971591,MRO-80001;MRO-60015;MRO-10045,MRO-80001;MRO-10045;MRO-10046,Screw Compressor,DHR-03,test,12,high_risk,risk,approved_on_validation,우선 점검 후보
2024-08-05,AST-5003,A2,3,7.446413908601318,0.1819768777431426,0.1270977481109576,MRO-80001;MRO-10045;MRO-10046,MRO-80001;MRO-10045;MRO-10046,EOT Crane,DHR-03,test,12,caution,risk,approved_on_validation,우선 점검 후보
2024-08-05,AST-5007,A2,4,5.151693379102515,0.0637950457357715,0.0374650732749671,MRO-10046;MRO-40022;MRO-50009,MRO-10046;MRO-50009;MRO-80001,EOT Crane,PUN-01,test,12,caution,caution,approved_on_validation,우선 점검 후보
2024-08-06,AST-1041,A2,13,5.979673117869298,0.1000533752223371,0.0633541091417409,MRO-50009;MRO-20031;MRO-10046,MRO-50009;MRO-20031;MRO-10046,CNC Lathe,PUN-01,test,12,high_risk,risk,approved_on_validation,우선 점검 후보
2024-08-06,AST-1042,A2,0,6.5229161919236995,0.128249960099594,0.0848075946864387,MRO-80001;MRO-20031;MRO-50009,MRO-80001;MRO-20031;MRO-50009,CNC Lathe,PUN-01,test,12,normal,risk,approved_on_validation,우선 점검 후보
2024-08-06,AST-2017,A2,10,8.180057590958327,0.2322662035955077,0.1676911356667389,MRO-80001;MRO-50009;MRO-10046,MRO-80001;MRO-50009;MRO-10046,Hydraulic Press,PUN-01,test,12,risk,risk,approved_on_validation,우선 점검 후보
2024-08-06,AST-2031,A2,1,7.093391512673365,0.1607721074790055,0.1096986244371802,MRO-50009;MRO-20031;MRO-10047,MRO-50009;MRO-20031;MRO-10047,Hydraulic Press,CHN-02,test,12,caution,risk,approved_on_validation,우선 점검 후보
2024-08-06,AST-3008,A2,1,6.920387051555286,0.1496405130540631,0.1017423089919598,MRO-20031;MRO-50009;MRO-80001,MRO-20031;MRO-50009;MRO-80001,Belt Conveyor,CHN-02,test,12,caution,risk,approved_on_validation,우선 점검 후보
2024-08-06,AST-3019,A2,5,5.493276379229877,0.0792093239452192,0.048665983936717,MRO-50009;MRO-80001;MRO-10045,MRO-50009;MRO-80001;MRO-10045,Belt Conveyor,CHN-02,test,12,caution,caution,approved_on_validation,우선 점검 후보
2024-08-06,AST-4055,A2,2,7.496890429683614,0.1866017287158948,0.1296849658498347,MRO-10046;MRO-10047;MRO-10045,MRO-10046;MRO-10047;MRO-10045,Screw Compressor,DHR-03,test,12,caution,risk,approved_on_validation,우선 점검 후보
2024-08-06,AST-4061,A2,9,6.639203924969251,0.1350348539077698,0.0889915468963423,MRO-10045;MRO-10046;MRO-20031,MRO-10045;MRO-10046;MRO-20031,Screw Compressor,DHR-03,test,12,risk,risk,approved_on_validation,우선 점검 후보
2024-08-06,AST-5003,A2,11,7.3502236713369005,0.1756349544763616,0.1212753299907841,MRO-80001;MRO-10045;MRO-10046,MRO-80001;MRO-10045;MRO-10046,EOT Crane,DHR-03,test,12,risk,risk,approved_on_validation,우선 점검 후보
2024-08-06,AST-5007,A2,14,5.5803166339243235,0.0811486303560582,0.0494522746476533,MRO-50009;MRO-80001;MRO-10046,MRO-50009;MRO-80001;MRO-10046,EOT Crane,PUN-01,test,12,high_risk,caution,approved_on_validation,우선 점검 후보
2024-08-07,AST-1041,A2,7,6.9726289103251275,0.1521428250274479,0.1035444554523603,MRO-10047;MRO-80001;MRO-50009,MRO-10047;MRO-80001;MRO-50009,CNC Lathe,PUN-01,test,12,risk,risk,approved_on_validation,우선 점검 후보
2024-08-07,AST-1042,A2,0,6.878775390248885,0.1451139004815989,0.0986189465323518,MRO-20031;MRO-50008;MRO-50009,MRO-20031;MRO-50009;MRO-10045,CNC Lathe,PUN-01,test,12,normal,risk,approved_on_validation,우선 점검 후보
2024-08-07,AST-2017,A2,8,8.40825896383641,0.2489639831753082,0.1814451428189343,MRO-80001;MRO-10046;MRO-20031,MRO-80001;MRO-10046;MRO-20031,Hydraulic Press,PUN-01,test,12,risk,risk,approved_on_validation,우선 점검 후보
2024-08-07,AST-2031,A2,19,7.216735715358174,0.1683936399923119,0.1159190670461577,MRO-10046;MRO-20031;MRO-10045,MRO-10046;MRO-20031;MRO-10045,Hydraulic Press,CHN-02,test,12,high_risk,risk,approved_on_validation,우선 점검 후보
2024-08-07,AST-3008,A2,1,6.639829589107694,0.1305541418075184,0.08774793731261,MRO-60015;MRO-80001;MRO-10046,MRO-80001;MRO-10046;MRO-10047,Belt Conveyor,CHN-02,test,12,caution,risk,approved_on_validation,우선 점검 후보
2024-08-07,AST-3019,A2,6,5.826393694827608,0.0945534787791088,0.0592354480047228,MRO-10047;MRO-50009;MRO-80001,MRO-10047;MRO-50009;MRO-80001,Belt Conveyor,CHN-02,test,12,risk,caution,approved_on_validation,우선 점검 후보
2024-08-07,AST-4055,A2,11,7.920695525616075,0.2162484081211617,0.1526423497278168,MRO-10046;MRO-10047;MRO-20031,MRO-10046;MRO-10047;MRO-20031,Screw Compressor,DHR-03,test,12,risk,risk,approved_on_validation,우선 점검 후보
2024-08-07,AST-4061,A2,10,6.767820441920625,0.1430037762169755,0.0940710180188125,MRO-20031;MRO-50009;MRO-10046,MRO-20031;MRO-50009;MRO-10046,Screw Compressor,DHR-03,test,12,risk,risk,approved_on_validation,우선 점검 후보
2024-08-07,AST-5003,A2,4,7.745880980886598,0.2019021911360742,0.1429879714138532,MRO-80001;MRO-50009;MRO-10045,MRO-80001;MRO-50009;MRO-10045,EOT Crane,DHR-03,test,12,caution,risk,approved_on_validation,우선 점검 후보
2024-08-07,AST-5007,A2,10,5.793691961693848,0.091005927735618,0.0565173252845373,MRO-80001;MRO-10045;MRO-10047,MRO-80001;MRO-10045;MRO-10047,EOT Crane,PUN-01,test,12,risk,caution,approved_on_validation,우선 점검 후보
2024-08-08,AST-1041,A2,8,7.424473495347293,0.1779765103910006,0.124543663743104,MRO-10047;MRO-20033;MRO-80001,MRO-10047;MRO-80001;MRO-20031,CNC Lathe,PUN-01,test,12,risk,risk,approved_on_validation,우선 점검 후보
2024-08-08,AST-1042,A2,4,7.716491476241626,0.1934009664153837,0.1402831305055518,MRO-50008;MRO-20032;MRO-10045,MRO-10045;MRO-80001;MRO-20031,CNC Lathe,PUN-01,test,12,caution,risk,approved_on_validation,우선 점검 후보
2024-08-08,AST-2017,A2,8,8.13444057252654,0.2282820009731132,0.1648183552639523,MRO-50009;MRO-80001;MRO-20031,MRO-50009;MRO-80001;MRO-20031,Hydraulic Press,PUN-01,test,12,risk,risk,approved_on_validation,우선 점검 후보
2024-08-08,AST-2031,A2,2,7.193581109187896,0.1656034370988455,0.1143859338895797,MRO-80001;MRO-10045;MRO-10047,MRO-80001;MRO-10045;MRO-10047,Hydraulic Press,CHN-02,test,12,caution,risk,approved_on_validation,우선 점검 후보
2024-08-08,AST-3008,A2,4,7.021126066800668,0.1562529180845537,0.1065150785868157,MRO-20031;MRO-50009;MRO-80001,MRO-20031;MRO-50009;MRO-80001,Belt Conveyor,CHN-02,test,12,caution,risk,approved_on_validation,우선 점검 후보
2024-08-08,AST-3019,A2,6,5.756241431744485,0.0898841912089255,0.0561848525025161,MRO-50009;MRO-80001;MRO-10047,MRO-50009;MRO-80001;MRO-10047,Belt Conveyor,CHN-02,test,12,risk,caution,approved_on_validation,우선 점검 후보
2024-08-08,AST-4055,A2,8,7.701931149932995,0.20234447337663,0.1415490421524682,MRO-10047;MRO-10046;MRO-80001,MRO-10047;MRO-10046;MRO-80001,Screw Compressor,DHR-03,test,12,risk,risk,approved_on_validation,우선 점검 후보
2024-08-08,AST-4061,A2,10,6.598479391629871,0.13295897960488,0.087470105436486,MRO-20031;MRO-10046;MRO-50009,MRO-20031;MRO-10046;MRO-50009,Screw Compressor,DHR-03,test,12,risk,risk,approved_on_validation,우선 점검 후보
2024-08-08,AST-5003,A2,14,8.085512542008683,0.2260641124801792,0.1623545348580546,MRO-50009;MRO-80001;MRO-10045,MRO-50009;MRO-80001;MRO-10045,EOT Crane,DHR-03,test,12,high_risk,risk,approved_on_validation,우선 점검 후보
2024-08-08,AST-5007,A2,9,5.243814251303775,0.0676179093333006,0.0399425167257614,MRO-10045;MRO-80001;MRO-20031,MRO-10045;MRO-80001;MRO-20031,EOT Crane,PUN-01,test,12,risk,caution,approved_on_validation,우선 점검 후보
2024-08-09,AST-1041,A2,9,7.108502087492889,0.1620330229223767,0.1109911016082251,MRO-10047;MRO-80001;MRO-20031,MRO-10047;MRO-80001;MRO-20031,CNC Lathe,PUN-01,test,12,risk,risk,approved_on_validation,우선 점검 후보
2024-08-09,AST-1042,A2,2,6.707313681132064,0.1377938185373774,0.0911244457414268,MRO-20031;MRO-50009;MRO-10045,MRO-20031;MRO-50009;MRO-10045,CNC Lathe,PUN-01,test,12,caution,risk,approved_on_validation,우선 점검 후보
2024-08-09,AST-2017,A2,5,8.592353464763699,0.26237963777443,0.1926939153201913,MRO-80001;MRO-50009;MRO-10046,MRO-80001;MRO-50009;MRO-10046,Hydraulic Press,PUN-01,test,12,caution,risk,approved_on_validation,우선 점검 후보
2024-08-09,AST-2031,A2,10,7.198138319060833,0.1671422381815888,0.1150851569850395,MRO-10045;MRO-10046;MRO-20031,MRO-10045;MRO-10046;MRO-20031,Hydraulic Press,CHN-02,test,12,risk,risk,approved_on_validation,우선 점검 후보
2024-08-09,AST-3008,A2,8,6.15895561180681,0.1069713758815839,0.0692749850569965,MRO-10045;MRO-80001;MRO-20031,MRO-10045;MRO-80001;MRO-20031,Belt Conveyor,CHN-02,test,12,risk,risk,approved_on_validation,우선 점검 후보
2024-08-09,AST-3019,A2,3,5.416893406309366,0.0771205386751358,0.0463140592510391,MRO-80001;MRO-10047;MRO-50009,MRO-80001;MRO-10047;MRO-50009,Belt Conveyor,CHN-02,test,12,caution,caution,approved_on_validation,우선 점검 후보
2024-08-09,AST-4055,A2,1,7.1352868583213285,0.1648549342610359,0.1114229264230435,MRO-10046;MRO-20031;MRO-10047,MRO-10046;MRO-20031;MRO-10047,Screw Compressor,DHR-03,test,12,caution,risk,approved_on_validation,우선 점검 후보
2024-08-09,AST-4061,A2,3,6.644634693684251,0.1360866826512229,0.0895529395627947,MRO-10046;MRO-20031;MRO-80001,MRO-10046;MRO-20031;MRO-80001,Screw Compressor,DHR-03,test,12,caution,risk,approved_on_validation,우선 점검 후보
2024-08-09,AST-5003,A2,5,8.764583730234826,0.2714827004274947,0.2023690684089654,MRO-20031;MRO-50009;MRO-80001,MRO-20031;MRO-50009;MRO-80001,EOT Crane,DHR-03,test,12,caution,risk,approved_on_validation,우선 점검 후보
2024-08-09,AST-5007,A2,6,5.566920393676822,0.0816068139329065,0.0496665809873408,MRO-10045;MRO-10047;MRO-80001,MRO-10045;MRO-10047;MRO-80001,EOT Crane,PUN-01,test,12,risk,caution,approved_on_validation,우선 점검 후보
2024-08-10,AST-1041,A2,0,0.0035367981512843,9.670024069602032e-12,1.0253840911538935e-14,MRO-10046;MRO-80001;MRO-30012,MRO-10046;MRO-80001;MRO-10045,CNC Lathe,PUN-01,test,12,normal,normal,approved_on_validation,우선 점검 후보
2024-08-10,AST-1042,A2,0,0.0029633791629809,5.2206172771667246e-12,4.7830119556225935e-15,MRO-20031;MRO-10045;MRO-10046,MRO-20031;MRO-10045;MRO-10046,CNC Lathe,PUN-01,test,12,normal,normal,approved_on_validation,우선 점검 후보
2024-08-10,AST-2017,A2,0,0.0032900955390809,6.944334096362454e-12,7.136534460568454e-15,MRO-30012;MRO-40021;MRO-50009,MRO-50009;MRO-80001;MRO-10045,Hydraulic Press,PUN-01,test,12,normal,normal,approved_on_validation,우선 점검 후보
2024-08-10,AST-2031,A2,0,0.0032262980880466,6.5219211128860655e-12,6.577004667951305e-15,MRO-30012;MRO-10045;MRO-10047,MRO-10045;MRO-10047;MRO-20031,Hydraulic Press,CHN-02,test,12,normal,normal,approved_on_validation,우선 점검 후보
2024-08-10,AST-3008,A2,0,0.0032354189348803,6.5803020147395795e-12,6.657012446611217e-15,MRO-10045;MRO-10046;MRO-50009,MRO-10045;MRO-10046;MRO-50009,Belt Conveyor,CHN-02,test,12,normal,normal,approved_on_validation,우선 점검 후보
2024-08-10,AST-3019,A2,0,0.0032239153263736,6.5264682837254315e-12,6.5479528129116246e-15,MRO-40021;MRO-70005;MRO-10045,MRO-10045;MRO-10046;MRO-10047,Belt Conveyor,CHN-02,test,12,normal,normal,approved_on_validation,우선 점검 후보
2024-08-10,AST-4055,A2,0,0.003277594844319,6.861421587394864e-12,7.00208803327767e-15,MRO-60016;MRO-20031;MRO-10046,MRO-20031;MRO-10046;MRO-10047,Screw Compressor,DHR-03,test,12,normal,normal,approved_on_validation,우선 점검 후보
2024-08-10,AST-4061,A2,0,0.0032450908687551,6.627191000108406e-12,6.725845099852293e-15,MRO-10045;MRO-10046;MRO-10047,MRO-10045;MRO-10046;MRO-10047,Screw Compressor,DHR-03,test,12,normal,normal,approved_on_validation,우선 점검 후보
2024-08-10,AST-5003,A2,0,0.003206755797555,6.126910929008031e-12,6.220128179496718e-15,MRO-10045;MRO-10046;MRO-50009,MRO-10045;MRO-10046;MRO-50009,EOT Crane,DHR-03,test,12,normal,normal,approved_on_validation,우선 점검 후보
2024-08-10,AST-5007,A2,0,0.0032732102865459,6.787242702874773e-12,6.933696933740771e-15,MRO-20031;MRO-20033;MRO-60016,MRO-20031;MRO-10045;MRO-10047,EOT Crane,PUN-01,test,12,normal,normal,approved_on_validation,우선 점검 후보
2024-08-11,AST-1041,A2,0,0.0034505224921343,9.632512614849111e-12,9.392716826776291e-15,MRO-10046;MRO-30012;MRO-80001,MRO-10046;MRO-80001;MRO-10045,CNC Lathe,PUN-01,test,12,normal,normal,approved_on_validation,우선 점검 후보
2024-08-11,AST-1042,A2,0,0.0029261637009977,4.854697422653829e-12,4.443357362914035e-15,MRO-10045;MRO-10046;MRO-10047,MRO-10045;MRO-10046;MRO-10047,CNC Lathe,PUN-01,test,12,normal,normal,approved_on_validation,우선 점검 후보
2024-08-11,AST-2017,A2,0,0.0032539669001293,6.605422918929772e-12,6.743694972424311e-15,MRO-10045;MRO-10047;MRO-20033,MRO-10045;MRO-10047;MRO-50009,Hydraulic Press,PUN-01,test,12,normal,normal,approved_on_validation,우선 점검 후보
2024-08-11,AST-2031,A2,0,0.003219733739791,6.509877840716406e-12,6.545019993046432e-15,MRO-10045;MRO-10047;MRO-20031,MRO-10045;MRO-10047;MRO-20031,Hydraulic Press,CHN-02,test,12,normal,normal,approved_on_validation,우선 점검 후보
2024-08-11,AST-3008,A2,0,0.0032071698851632,6.481894760173761e-12,6.421562632658195e-15,MRO-30011;MRO-10045;MRO-10046,MRO-10045;MRO-10046;MRO-50009,Belt Conveyor,CHN-02,test,12,normal,normal,approved_on_validation,우선 점검 후보
2024-08-11,AST-3019,A2,0,0.0032300357502152,6.533396866286418e-12,6.590362185349099e-15,MRO-30011;MRO-10045;MRO-10046,MRO-10045;MRO-10046;MRO-10047,Belt Conveyor,CHN-02,test,12,normal,normal,approved_on_validation,우선 점검 후보
2024-08-11,AST-4055,A2,0,0.0032350404543373,6.609644848610773e-12,6.6795662662828595e-15,MRO-10046;MRO-10047;MRO-20031,MRO-10046;MRO-10047;MRO-20031,Screw Compressor,DHR-03,test,12,normal,normal,approved_on_validation,우선 점검 후보
2024-08-11,AST-4061,A2,0,0.0032493254870179,6.657222805628101e-12,6.761761263965685e-15,MRO-10045;MRO-10046;MRO-10047,MRO-10045;MRO-10046;MRO-10047,Screw Compressor,DHR-03,test,12,normal,normal,approved_on_validation,우선 점검 후보
2024-08-11,AST-5003,A2,0,0.0032902870862012,7.222122900800677e-12,7.323448066529294e-15,MRO-20031;MRO-10047;MRO-20032,MRO-20031;MRO-10047;MRO-10045,EOT Crane,DHR-03,test,12,normal,normal,approved_on_validation,우선 점검 후보
2024-08-11,AST-5007,A2,0,0.0032783364259883,7.256533437003119e-12,7.279301682051784e-15,MRO-10046;MRO-10045;MRO-10047,MRO-10046;MRO-10045;MRO-10047,EOT Crane,PUN-01,test,12,normal,normal,approved_on_validation,우선 점검 후보
2024-08-12,AST-1041,A2,4,11.065604257595064,0.4543658326280711,0.368888288317856,MRO-80001;MRO-10047;MRO-10046,MRO-80001;MRO-10047;MRO-10046,CNC Lathe,PUN-01,test,12,caution,high_risk,approved_on_validation,우선 점검 후보
2024-08-12,AST-1042,A2,4,6.561003742011047,0.1298250710090724,0.0847626564151648,MRO-10045;MRO-80001;MRO-10047,MRO-10045;MRO-80001;MRO-10047,CNC Lathe,PUN-01,test,12,caution,risk,approved_on_validation,우선 점검 후보
2024-08-12,AST-2017,A2,8,8.298217545402393,0.2412709145612876,0.1744317991847691,MRO-10046;MRO-80001;MRO-50009,MRO-10046;MRO-80001;MRO-50009,Hydraulic Press,PUN-01,test,12,risk,risk,approved_on_validation,우선 점검 후보
2024-08-12,AST-2031,A2,11,7.255244134582232,0.1693554966332141,0.1160516082620758,MRO-50009;MRO-40021;MRO-80002,MRO-50009;MRO-10046;MRO-10045,Hydraulic Press,CHN-02,test,12,risk,risk,approved_on_validation,우선 점검 후보
2024-08-12,AST-3008,A2,3,6.505631706694155,0.1267590784291561,0.0839417982312284,MRO-10047;MRO-20031;MRO-10045,MRO-10047;MRO-20031;MRO-10045,Belt Conveyor,CHN-02,test,12,caution,risk,approved_on_validation,우선 점검 후보
2024-08-12,AST-3019,A2,2,5.606800225881232,0.0829746812449314,0.051327753253868,MRO-10047;MRO-50009;MRO-10045,MRO-10047;MRO-50009;MRO-10045,Belt Conveyor,CHN-02,test,12,caution,caution,approved_on_validation,우선 점검 후보
2024-08-12,AST-4055,A2,5,8.080917317752466,0.225129578640065,0.1617387312414725,MRO-10047;MRO-10046;MRO-50009,MRO-10047;MRO-10046;MRO-50009,Screw Compressor,DHR-03,test,12,caution,risk,approved_on_validation,우선 점검 후보
2024-08-12,AST-4061,A2,10,6.4124733674766174,0.1227413309253739,0.0796523797210745,MRO-50009;MRO-80001;MRO-10046,MRO-50009;MRO-80001;MRO-10046,Screw Compressor,DHR-03,test,12,risk,risk,approved_on_validation,우선 점검 후보
2024-08-12,AST-5003,A2,7,7.587295887903826,0.1902125108561249,0.1328513385715424,MRO-10047;MRO-80001;MRO-20031,MRO-10047;MRO-80001;MRO-20031,EOT Crane,DHR-03,test,12,risk,risk,approved_on_validation,우선 점검 후보
2024-08-12,AST-5007,A2,6,5.302633899461181,0.0696680199562554,0.04141374467619,MRO-10047;MRO-10046;MRO-20031,MRO-10047;MRO-10046;MRO-20031,EOT Crane,PUN-01,test,12,risk,caution,approved_on_validation,우선 점검 후보
2024-08-13,AST-1041,A2,5,6.298156003030062,0.1162582775525124,0.075730891629975,MRO-20031;MRO-80001;MRO-10047,MRO-20031;MRO-80001;MRO-10047,CNC Lathe,PUN-01,test,12,caution,risk,approved_on_validation,우선 점검 후보
2024-08-13,AST-1042,A2,10,6.608234914380519,0.1299945380042395,0.0857769849161225,MRO-40022;MRO-20031;MRO-50008,MRO-20031;MRO-10045;MRO-50009,CNC Lathe,PUN-01,test,12,risk,risk,approved_on_validation,우선 점검 후보
2024-08-13,AST-2017,A2,1,8.216273773029092,0.2353017436975826,0.1699263136970195,MRO-80001;MRO-50009;MRO-10045,MRO-80001;MRO-50009;MRO-10045,Hydraulic Press,PUN-01,test,12,caution,risk,approved_on_validation,우선 점검 후보
2024-08-13,AST-2031,A2,13,7.074112894105854,0.158446013460699,0.1091452381971656,MRO-10046;MRO-10045;MRO-10047,MRO-10046;MRO-10045;MRO-10047,Hydraulic Press,CHN-02,test,12,high_risk,risk,approved_on_validation,우선 점검 후보
2024-08-13,AST-3008,A2,0,6.270890682896692,0.115146098588685,0.0744468028105752,MRO-10047;MRO-20031;MRO-50009,MRO-10047;MRO-20031;MRO-50009,Belt Conveyor,CHN-02,test,12,normal,risk,approved_on_validation,우선 점검 후보
2024-08-13,AST-3019,A2,7,7.267538025327559,0.1684986009751592,0.1174783001986032,MRO-40022;MRO-80001;MRO-10047,MRO-80001;MRO-10047;MRO-50009,Belt Conveyor,CHN-02,test,12,risk,risk,approved_on_validation,우선 점검 후보
2024-08-13,AST-4055,A2,4,7.423409113265546,0.1819541974221215,0.1253136687367554,MRO-10046;MRO-80001;MRO-50009,MRO-10046;MRO-80001;MRO-50009,Screw Compressor,DHR-03,test,12,caution,risk,approved_on_validation,우선 점검 후보
2024-08-13,AST-4061,A2,10,6.605387224912189,0.1331593059982591,0.0877806599160331,MRO-50009;MRO-10046;MRO-80001,MRO-50009;MRO-10046;MRO-80001,Screw Compressor,DHR-03,test,12,risk,risk,approved_on_validation,우선 점검 후보
2024-08-13,AST-5003,A2,7,8.077443719336863,0.2240853341999794,0.1606201426760036,MRO-10045;MRO-10047;MRO-50009,MRO-10045;MRO-10047;MRO-50009,EOT Crane,DHR-03,test,12,risk,risk,approved_on_validation,우선 점검 후보
2024-08-13,AST-5007,A2,5,5.988854739994274,0.1010769692796972,0.0632917862477983,MRO-10046;MRO-10045;MRO-10047,MRO-10046;MRO-10045;MRO-10047,EOT Crane,PUN-01,test,12,caution,risk,approved_on_validation,우선 점검 후보
2024-08-14,AST-1041,A2,2,5.949252408936972,0.0962859376213509,0.0613576198617996,MRO-20031;MRO-80001;MRO-30012,MRO-20031;MRO-80001;MRO-10047,CNC Lathe,PUN-01,test,12,caution,risk,approved_on_validation,우선 점검 후보
2024-08-14,AST-1042,A2,2,6.019862974620006,0.1038072411389483,0.0649011550812412,MRO-10047;MRO-80001;MRO-20031,MRO-10047;MRO-80001;MRO-20031,CNC Lathe,PUN-01,test,12,caution,risk,approved_on_validation,우선 점검 후보
2024-08-14,AST-2017,A2,4,8.179435611719482,0.2329417860137237,0.1673130590912524,MRO-80001;MRO-10045;MRO-50009,MRO-80001;MRO-10045;MRO-50009,Hydraulic Press,PUN-01,test,12,caution,risk,approved_on_validation,우선 점검 후보
2024-08-14,AST-2031,A2,3,6.944332216299301,0.1506368478867171,0.1029583940017588,MRO-10047;MRO-50009;MRO-10046,MRO-10047;MRO-50009;MRO-10046,Hydraulic Press,CHN-02,test,12,caution,risk,approved_on_validation,우선 점검 후보
2024-08-14,AST-3008,A2,11,6.081345223265512,0.1036413415782589,0.0669161595106395,MRO-10045;MRO-10047;MRO-20031,MRO-10045;MRO-10047;MRO-20031,Belt Conveyor,CHN-02,test,12,risk,risk,approved_on_validation,우선 점검 후보
2024-08-14,AST-3019,A2,4,5.771720268257204,0.0885829452950825,0.056542073817805,MRO-70004;MRO-10047;MRO-80001,MRO-10047;MRO-80001;MRO-10045,Belt Conveyor,CHN-02,test,12,caution,caution,approved_on_validation,우선 점검 후보
2024-08-14,AST-4055,A2,17,9.741322954327938,0.3457691664169612,0.2681222721943846,MRO-40021;MRO-40022;MRO-10046,MRO-10046;MRO-50009;MRO-80001,Screw Compressor,DHR-03,test,12,high_risk,risk,approved_on_validation,우선 점검 후보
2024-08-14,AST-4061,A2,4,6.577367914617919,0.1316873209331213,0.0866823335443124,MRO-10045;MRO-10047;MRO-50009,MRO-10045;MRO-10047;MRO-50009,Screw Compressor,DHR-03,test,12,caution,risk,approved_on_validation,우선 점검 후보
2024-08-14,AST-5003,A2,0,7.588099032146962,0.1911423623548364,0.1335586626995295,MRO-80001;MRO-20031;MRO-50009,MRO-80001;MRO-20031;MRO-50009,EOT Crane,DHR-03,test,12,normal,risk,approved_on_validation,우선 점검 후보
2024-08-14,AST-5007,A2,0,5.979488576564112,0.1004602773833506,0.0627465445602251,MRO-80001;MRO-10046;MRO-40022,MRO-80001;MRO-10046;MRO-10047,EOT Crane,PUN-01,test,12,normal,risk,approved_on_validation,우선 점검 후보
2024-08-15,AST-1041,A2,4,7.063493318388086,0.1563531170833218,0.1063995749539564,MRO-80002;MRO-50008;MRO-80001,MRO-80001;MRO-10046;MRO-20031,CNC Lathe,PUN-01,test,12,caution,risk,approved_on_validation,우선 점검 후보
2024-08-15,AST-1042,A2,14,6.981496539442041,0.1534104222293504,0.1050308133380382,MRO-80001;MRO-10045;MRO-20031,MRO-80001;MRO-10045;MRO-20031,CNC Lathe,PUN-01,test,12,high_risk,risk,approved_on_validation,우선 점검 후보
2024-08-15,AST-2017,A2,12,8.425290116141214,0.2508957686875248,0.1820097763189877,MRO-80001;MRO-10046;MRO-10045,MRO-80001;MRO-10046;MRO-10045,Hydraulic Press,PUN-01,test,12,high_risk,risk,approved_on_validation,우선 점검 후보
2024-08-15,AST-2031,A2,11,6.852837184334667,0.1466836054019583,0.0989376679384657,MRO-10047;MRO-50009;MRO-10046,MRO-10047;MRO-50009;MRO-10046,Hydraulic Press,CHN-02,test,12,risk,risk,approved_on_validation,우선 점검 후보
2024-08-15,AST-3008,A2,6,6.597878947457292,0.1321981048461243,0.0872103625722761,MRO-80001;MRO-10047;MRO-20031,MRO-80001;MRO-10047;MRO-20031,Belt Conveyor,CHN-02,test,12,risk,risk,approved_on_validation,우선 점검 후보
2024-08-15,AST-3019,A2,0,5.790746356543449,0.0929189579350888,0.0571980224398313,MRO-10046;MRO-10047;MRO-80001,MRO-10046;MRO-10047;MRO-80001,Belt Conveyor,CHN-02,test,12,normal,caution,approved_on_validation,우선 점검 후보
2024-08-15,AST-4055,A2,4,7.764439597949804,0.2062834165265698,0.1439822517969243,MRO-80001;MRO-20031;MRO-50009,MRO-80001;MRO-20031;MRO-50009,Screw Compressor,DHR-03,test,12,caution,risk,approved_on_validation,우선 점검 후보
2024-08-15,AST-4061,A2,8,6.412721626862742,0.1226022653828425,0.079477444877688,MRO-80001;MRO-10046;MRO-20031,MRO-80001;MRO-10046;MRO-20031,Screw Compressor,DHR-03,test,12,risk,risk,approved_on_validation,우선 점검 후보
2024-08-15,AST-5003,A2,10,8.313590133703507,0.2416353728422509,0.1750835614569839,MRO-80001;MRO-50009;MRO-20031,MRO-80001;MRO-50009;MRO-20031,EOT Crane,DHR-03,test,12,risk,risk,approved_on_validation,우선 점검 후보
2024-08-15,AST-5007,A2,6,5.863094667926555,0.0945177428489748,0.0587308081385097,MRO-80001;MRO-10046;MRO-10047,MRO-80001;MRO-10046;MRO-10047,EOT Crane,PUN-01,test,12,risk,risk,approved_on_validation,우선 점검 후보
2024-08-16,AST-1041,A2,8,5.807422160081562,0.0890096675353343,0.0559214233606322,MRO-20031;MRO-80002;MRO-50008,MRO-20031;MRO-10045;MRO-80001,CNC Lathe,PUN-01,test,12,risk,caution,approved_on_validation,우선 점검 후보
2024-08-16,AST-1042,A2,8,6.2020056548648,0.111464778876325,0.071595632544056,MRO-80001;MRO-10045;MRO-10047,MRO-80001;MRO-10045;MRO-10047,CNC Lathe,PUN-01,test,12,risk,risk,approved_on_validation,우선 점검 후보
2024-08-16,AST-2017,A2,2,7.481408112815674,0.1819495342231695,0.1273082720363409,MRO-80001;MRO-10045;MRO-50009,MRO-80001;MRO-10045;MRO-50009,Hydraulic Press,PUN-01,test,12,caution,risk,approved_on_validation,우선 점검 후보
2024-08-16,AST-2031,A2,9,7.162839885069646,0.1661242197040726,0.1138929878882237,MRO-10045;MRO-10046;MRO-20031,MRO-10045;MRO-10046;MRO-20031,Hydraulic Press,CHN-02,test,12,risk,risk,approved_on_validation,우선 점검 후보
2024-08-16,AST-3008,A2,9,6.74459928158746,0.1382675102229672,0.0937899674617144,MRO-10046;MRO-80001;MRO-20032,MRO-10046;MRO-80001;MRO-10047,Belt Conveyor,CHN-02,test,12,risk,risk,approved_on_validation,우선 점검 후보
2024-08-16,AST-3019,A2,10,5.7982033888041915,0.0889940190210094,0.0572606429076192,MRO-10046;MRO-10047;MRO-70004,MRO-10046;MRO-10047;MRO-10045,Belt Conveyor,CHN-02,test,12,risk,caution,approved_on_validation,우선 점검 후보
2024-08-16,AST-4055,A2,12,8.04453721907572,0.2250940749394799,0.1592597044756958,MRO-10046;MRO-20031;MRO-50009,MRO-10046;MRO-20031;MRO-50009,Screw Compressor,DHR-03,test,12,high_risk,risk,approved_on_validation,우선 점검 후보
2024-08-16,AST-4061,A2,2,6.568745538151299,0.1321250006936006,0.0864417792195514,MRO-10045;MRO-10047;MRO-50009,MRO-10045;MRO-10047;MRO-50009,Screw Compressor,DHR-03,test,12,caution,risk,approved_on_validation,우선 점검 후보
2024-08-16,AST-5003,A2,6,7.623629735180794,0.1909518969384945,0.1339195287995705,MRO-80001;MRO-40022;MRO-30011,MRO-80001;MRO-20031;MRO-10046,EOT Crane,DHR-03,test,12,risk,risk,approved_on_validation,우선 점검 후보
2024-08-16,AST-5007,A2,5,5.2187853808968425,0.0658361783082405,0.0388901318914061,MRO-80002;MRO-20031;MRO-80001,MRO-20031;MRO-80001;MRO-10046,EOT Crane,PUN-01,test,12,caution,caution,approved_on_validation,우선 점검 후보
2024-08-17,AST-1041,A2,0,0.0032201349593685,6.435344541888427e-12,6.4853377772394635e-15,MRO-10045;MRO-10047;MRO-20031,MRO-10045;MRO-10047;MRO-20031,CNC Lathe,PUN-01,test,12,normal,normal,approved_on_validation,우선 점검 후보
2024-08-17,AST-1042,A2,0,0.0032330755455744,6.532130303503352e-12,6.610643297022751e-15,MRO-10046;MRO-20031;MRO-80001,MRO-10046;MRO-20031;MRO-80001,CNC Lathe,PUN-01,test,12,normal,normal,approved_on_validation,우선 점검 후보
2024-08-17,AST-2017,A2,0,0.0033965984495414,8.286666729888114e-12,8.485100332381152e-15,MRO-50009;MRO-20033;MRO-30012,MRO-50009;MRO-80001;MRO-10045,Hydraulic Press,PUN-01,test,12,normal,normal,approved_on_validation,우선 점검 후보
2024-08-17,AST-2031,A2,0,0.0036282592254302,1.0176389193488995e-11,1.0930050998716991e-14,MRO-20033;MRO-20031;MRO-80001,MRO-20031;MRO-80001;MRO-10045,Hydraulic Press,CHN-02,test,12,normal,normal,approved_on_validation,우선 점검 후보
2024-08-17,AST-3008,A2,0,0.0032279987107918,6.515839027867025e-12,6.578344938831621e-15,MRO-30011;MRO-10045;MRO-10047,MRO-10045;MRO-10047;MRO-20031,Belt Conveyor,CHN-02,test,12,normal,normal,approved_on_validation,우선 점검 후보
2024-08-17,AST-3019,A2,0,0.0032584136941748,6.8449236465445745e-12,6.927060487898783e-15,MRO-70005;MRO-10045;MRO-10046,MRO-10045;MRO-10046;MRO-10047,Belt Conveyor,CHN-02,test,12,normal,normal,approved_on_validation,우선 점검 후보
2024-08-17,AST-4055,A2,0,0.0032362215111961,6.6203206262330466e-12,6.6924919242592025e-15,MRO-10045;MRO-10047;MRO-20031,MRO-10045;MRO-10047;MRO-20031,Screw Compressor,DHR-03,test,12,normal,normal,approved_on_validation,우선 점검 후보
2024-08-17,AST-4061,A2,0,0.003253987181596,6.627359948116769e-12,6.7565663069045705e-15,MRO-40021;MRO-10045;MRO-10046,MRO-10045;MRO-10046;MRO-10047,Screw Compressor,DHR-03,test,12,normal,normal,approved_on_validation,우선 점검 후보
2024-08-17,AST-5003,A2,0,0.0033134031406498,7.420695373037824e-12,7.55984581087637e-15,MRO-80001;MRO-50009;MRO-10045,MRO-80001;MRO-50009;MRO-10045,EOT Crane,DHR-03,test,12,normal,normal,approved_on_validation,우선 점검 후보
2024-08-17,AST-5007,A2,0,0.0029686598145636,4.8250510464185435e-12,4.606274112471771e-15,MRO-70004;MRO-30012;MRO-50008,MRO-10045;MRO-10046;MRO-10047,EOT Crane,PUN-01,test,12,normal,normal,approved_on_validation,우선 점검 후보
2024-08-18,AST-1041,A2,0,0.0032239659771033,6.411976145257263e-12,6.4906433171623146e-15,MRO-10045;MRO-10047;MRO-20031,MRO-10045;MRO-10047;MRO-20031,CNC Lathe,PUN-01,test,12,normal,normal,approved_on_validation,우선 점검 후보
2024-08-18,AST-1042,A2,0,0.0029253699456889,4.844416159525379e-12,4.434421184501997e-15,MRO-10045;MRO-10046;MRO-20031,MRO-10045;MRO-10046;MRO-20031,CNC Lathe,PUN-01,test,12,normal,normal,approved_on_validation,우선 점검 후보
2024-08-18,AST-2017,A2,0,0.0033048007213032,6.514327260578844e-12,6.830763434386758e-15,MRO-40021;MRO-10047;MRO-30011,MRO-10047;MRO-10045;MRO-50009,Hydraulic Press,PUN-01,test,12,normal,normal,approved_on_validation,우선 점검 후보
2024-08-18,AST-2031,A2,0,0.0032523938973601,6.510497284711673e-12,6.653428686319914e-15,MRO-20033;MRO-10045;MRO-10046,MRO-10045;MRO-10046;MRO-20031,Hydraulic Press,CHN-02,test,12,normal,normal,approved_on_validation,우선 점검 후보
2024-08-18,AST-3008,A2,0,0.0032238006732418,6.519443755758163e-12,6.5459733382031385e-15,MRO-30011;MRO-10045;MRO-10047,MRO-10045;MRO-10047;MRO-20031,Belt Conveyor,CHN-02,test,12,normal,normal,approved_on_validation,우선 점검 후보
2024-08-18,AST-3019,A2,0,0.0032118501824411,6.505406244392122e-12,6.482645433094078e-15,MRO-10047;MRO-20031;MRO-50009,MRO-10047;MRO-20031;MRO-50009,Belt Conveyor,CHN-02,test,12,normal,normal,approved_on_validation,우선 점검 후보
2024-08-18,AST-4055,A2,0,0.0032506411583917,6.652889208855984e-12,6.764768813335961e-15,MRO-10045;MRO-10047;MRO-20031,MRO-10045;MRO-10047;MRO-20031,Screw Compressor,DHR-03,test,12,normal,normal,approved_on_validation,우선 점검 후보
2024-08-18,AST-4061,A2,0,0.0032499472480168,6.657222813274493e-12,6.765896543333398e-15,MRO-10045;MRO-10046;MRO-10047,MRO-10045;MRO-10046;MRO-10047,Screw Compressor,DHR-03,test,12,normal,normal,approved_on_validation,우선 점검 후보
2024-08-18,AST-5003,A2,0,0.003599431801174,1.4014695195119886e-11,1.2996377855528175e-14,MRO-80001;MRO-20031;MRO-50009,MRO-80001;MRO-20031;MRO-50009,EOT Crane,DHR-03,test,12,normal,normal,approved_on_validation,우선 점검 후보
2024-08-18,AST-5007,A2,0,0.0032342517589363,6.574217163589249e-12,6.643732506416014e-15,MRO-10045;MRO-10046;MRO-10047,MRO-10045;MRO-10046;MRO-10047,EOT Crane,PUN-01,test,12,normal,normal,approved_on_validation,우선 점검 후보
2024-08-19,AST-1041,A2,4,5.767047550704077,0.0886236504333871,0.0553572459794551,MRO-80001;MRO-10046;MRO-10047,MRO-80001;MRO-10046;MRO-10047,CNC Lathe,PUN-01,test,12,caution,caution,approved_on_validation,우선 점검 후보
2024-08-19,AST-1042,A2,2,6.889678667756305,0.144846756147032,0.1001809695740818,MRO-10047;MRO-10045;MRO-90012,MRO-10047;MRO-10045;MRO-50009,CNC Lathe,PUN-01,test,12,caution,risk,approved_on_validation,우선 점검 후보
2024-08-19,AST-2017,A2,13,7.425610391945078,0.1783423993965142,0.123723571449336,MRO-80001;MRO-40022;MRO-50009,MRO-80001;MRO-50009;MRO-10045,Hydraulic Press,PUN-01,test,12,high_risk,risk,approved_on_validation,우선 점검 후보
2024-08-19,AST-2031,A2,2,7.434696511922762,0.1827101372306692,0.126346937349465,MRO-80001;MRO-10047;MRO-20031,MRO-80001;MRO-10047;MRO-20031,Hydraulic Press,CHN-02,test,12,caution,risk,approved_on_validation,우선 점검 후보
2024-08-19,AST-3008,A2,8,6.462528243945875,0.1225894327557866,0.0822757891389849,MRO-10045;MRO-10046;MRO-80001,MRO-10045;MRO-10046;MRO-80001,Belt Conveyor,CHN-02,test,12,risk,risk,approved_on_validation,우선 점검 후보
2024-08-19,AST-3019,A2,8,6.061165160166882,0.1047864394786787,0.0673883599286803,MRO-10045;MRO-10046;MRO-10047,MRO-10045;MRO-10046;MRO-10047,Belt Conveyor,CHN-02,test,12,risk,risk,approved_on_validation,우선 점검 후보
2024-08-19,AST-4055,A2,7,8.259715462430519,0.2379860927381318,0.1715122015440932,MRO-10046;MRO-50009;MRO-10045,MRO-10046;MRO-50009;MRO-10045,Screw Compressor,DHR-03,test,12,risk,risk,approved_on_validation,우선 점검 후보
2024-08-19,AST-4061,A2,12,6.700188855519617,0.1382988089246531,0.0915830667518066,MRO-80001;MRO-50009;MRO-10045,MRO-80001;MRO-50009;MRO-10045,Screw Compressor,DHR-03,test,12,high_risk,risk,approved_on_validation,우선 점검 후보
2024-08-19,AST-5003,A2,10,7.83306345989388,0.2046437274245939,0.1459147857652536,MRO-10046;MRO-50009;MRO-20031,MRO-10046;MRO-50009;MRO-20031,EOT Crane,DHR-03,test,12,risk,risk,approved_on_validation,우선 점검 후보
2024-08-19,AST-5007,A2,0,6.033181208378522,0.1031197954131848,0.0649467200513518,MRO-10047;MRO-50009;MRO-20031,MRO-10047;MRO-50009;MRO-20031,EOT Crane,PUN-01,test,12,normal,risk,approved_on_validation,우선 점검 후보
2024-08-20,AST-1041,A2,4,6.764814133723011,0.1384068133311072,0.0947998706421132,MRO-50009;MRO-80001;MRO-10047,MRO-50009;MRO-80001;MRO-10047,CNC Lathe,PUN-01,test,12,caution,risk,approved_on_validation,우선 점검 후보
2024-08-20,AST-1042,A2,0,6.657243790563514,0.1345252794697966,0.0888610199099015,MRO-10047;MRO-50009;MRO-10045,MRO-10047;MRO-50009;MRO-10045,CNC Lathe,PUN-01,test,12,normal,risk,approved_on_validation,우선 점검 후보
2024-08-20,AST-2017,A2,5,7.960839732660338,0.2174816083815355,0.1546078893704727,MRO-80001;MRO-50009;MRO-20031,MRO-80001;MRO-50009;MRO-20031,Hydraulic Press,PUN-01,test,12,caution,risk,approved_on_validation,우선 점검 후보
2024-08-20,AST-2031,A2,11,6.8090365805233555,0.1435200960086269,0.0969079541917629,MRO-10047;MRO-10045;MRO-20031,MRO-10047;MRO-10045;MRO-20031,Hydraulic Press,CHN-02,test,12,risk,risk,approved_on_validation,우선 점검 후보
2024-08-20,AST-3008,A2,8,6.378598957621816,0.1204850073510659,0.0778944688322262,MRO-10046;MRO-10045;MRO-80001,MRO-10046;MRO-10045;MRO-80001,Belt Conveyor,CHN-02,test,12,risk,risk,approved_on_validation,우선 점검 후보
2024-08-20,AST-3019,A2,2,5.692804714592739,0.0862163913775939,0.0540469949057583,MRO-10045;MRO-10047;MRO-50009,MRO-10045;MRO-10047;MRO-50009,Belt Conveyor,CHN-02,test,12,caution,caution,approved_on_validation,우선 점검 후보
2024-08-20,AST-4055,A2,9,8.11582106267217,0.2280975644111011,0.1638597917838621,MRO-10046;MRO-10045;MRO-50009,MRO-10046;MRO-10045;MRO-50009,Screw Compressor,DHR-03,test,12,risk,risk,approved_on_validation,우선 점검 후보
2024-08-20,AST-4061,A2,6,6.812508785542911,0.1450261751337395,0.0963168705336166,MRO-80001;MRO-50009;MRO-10045,MRO-80001;MRO-50009;MRO-10045,Screw Compressor,DHR-03,test,12,risk,risk,approved_on_validation,우선 점검 후보
2024-08-20,AST-5003,A2,2,8.467182750146327,0.2506196568645655,0.1811947007636706,MRO-10045;MRO-40022;MRO-20033,MRO-10045;MRO-10046;MRO-20031,EOT Crane,DHR-03,test,12,caution,risk,approved_on_validation,우선 점검 후보
2024-08-20,AST-5007,A2,5,5.521275370746412,0.0774476724573023,0.0473091057022397,MRO-30011;MRO-50009;MRO-40022,MRO-50009;MRO-20031;MRO-10045,EOT Crane,PUN-01,test,12,caution,caution,approved_on_validation,우선 점검 후보
2024-08-21,AST-1041,A2,6,7.037716200825517,0.156591495516149,0.1080227972458161,MRO-80001;MRO-10045;MRO-10047,MRO-80001;MRO-10045;MRO-10047,CNC Lathe,PUN-01,test,12,risk,risk,approved_on_validation,우선 점검 후보
2024-08-21,AST-1042,A2,10,6.216865417952493,0.1118291035081633,0.07217887049763,MRO-10047;MRO-50009;MRO-10045,MRO-10047;MRO-50009;MRO-10045,CNC Lathe,PUN-01,test,12,risk,risk,approved_on_validation,우선 점검 후보
2024-08-21,AST-2017,A2,1,7.382934597502928,0.1769744429031666,0.1228312323076134,MRO-20031;MRO-50009;MRO-80001,MRO-20031;MRO-50009;MRO-80001,Hydraulic Press,PUN-01,test,12,caution,risk,approved_on_validation,우선 점검 후보
2024-08-21,AST-2031,A2,9,8.028638723564928,0.2193206127163454,0.1587315860730373,MRO-50009;MRO-10047;MRO-80001,MRO-50009;MRO-10047;MRO-80001,Hydraulic Press,CHN-02,test,12,risk,risk,approved_on_validation,우선 점검 후보
2024-08-21,AST-3008,A2,2,6.305609004661451,0.1134637567033122,0.0745103758867816,MRO-10046;MRO-40022;MRO-80001,MRO-10046;MRO-80001;MRO-10047,Belt Conveyor,CHN-02,test,12,caution,risk,approved_on_validation,우선 점검 후보
2024-08-21,AST-3019,A2,2,5.87963310156038,0.0961191019061566,0.0601766722091423,MRO-10046;MRO-20031;MRO-40022,MRO-10046;MRO-20031;MRO-10045,Belt Conveyor,CHN-02,test,12,caution,risk,approved_on_validation,우선 점검 후보
2024-08-21,AST-4055,A2,8,8.015642214010999,0.2225225642758442,0.1578432991927578,MRO-10045;MRO-80001;MRO-50009,MRO-10045;MRO-80001;MRO-50009,Screw Compressor,DHR-03,test,12,risk,risk,approved_on_validation,우선 점검 후보
2024-08-21,AST-4061,A2,6,8.290849613564482,0.2369113606904322,0.1718808421377728,MRO-40021;MRO-20031;MRO-10046,MRO-20031;MRO-10046;MRO-10045,Screw Compressor,DHR-03,test,12,risk,risk,approved_on_validation,우선 점검 후보
2024-08-21,AST-5003,A2,10,7.471398900515965,0.1837236193360874,0.1272363677509524,MRO-10047;MRO-20031;MRO-10046,MRO-10047;MRO-20031;MRO-10046,EOT Crane,DHR-03,test,12,risk,risk,approved_on_validation,우선 점검 후보
2024-08-21,AST-5007,A2,5,5.97313914187305,0.098764108875116,0.0624051229544669,MRO-10047;MRO-10045;MRO-10046,MRO-10047;MRO-10045;MRO-10046,EOT Crane,PUN-01,test,12,caution,risk,approved_on_validation,우선 점검 후보
2024-08-22,AST-1041,A2,7,7.30458360584257,0.1775984284903029,0.1206537167899978,MRO-10045;MRO-20031;MRO-80001,MRO-10045;MRO-20031;MRO-80001,CNC Lathe,PUN-01,test,12,risk,risk,approved_on_validation,우선 점검 후보
2024-08-22,AST-1042,A2,13,6.364097443402001,0.1198622291453997,0.0779118612033983,MRO-10047;MRO-20031;MRO-10045,MRO-10047;MRO-20031;MRO-10045,CNC Lathe,PUN-01,test,12,high_risk,risk,approved_on_validation,우선 점검 후보
2024-08-22,AST-2017,A2,0,8.312221231677734,0.2410179984350758,0.1747752684202565,MRO-50009;MRO-20031;MRO-10045,MRO-50009;MRO-20031;MRO-10045,Hydraulic Press,PUN-01,test,12,normal,risk,approved_on_validation,우선 점검 후보
2024-08-22,AST-2031,A2,10,7.688981870791212,0.1972388938832875,0.1401480300607808,MRO-80001;MRO-10047;MRO-10045,MRO-80001;MRO-10047;MRO-10045,Hydraulic Press,CHN-02,test,12,risk,risk,approved_on_validation,우선 점검 후보
2024-08-22,AST-3008,A2,6,6.712976275886086,0.1365211246094253,0.0919107450917456,MRO-10045;MRO-40021;MRO-70004,MRO-10045;MRO-10046;MRO-80001,Belt Conveyor,CHN-02,test,12,risk,risk,approved_on_validation,우선 점검 후보
2024-08-22,AST-3019,A2,0,5.464372098773328,0.0780086934334305,0.0470623291495385,MRO-10045;MRO-10047;MRO-80001,MRO-10045;MRO-10047;MRO-80001,Belt Conveyor,CHN-02,test,12,normal,caution,approved_on_validation,우선 점검 후보
2024-08-22,AST-4055,A2,16,8.415277985846723,0.249484723437478,0.1809088249283988,MRO-10047;MRO-80001;MRO-50009,MRO-10047;MRO-80001;MRO-50009,Screw Compressor,DHR-03,test,12,high_risk,risk,approved_on_validation,우선 점검 후보
2024-08-22,AST-4061,A2,11,6.216991182376876,0.1122563743933245,0.0716342294669509,MRO-10045;MRO-10046;MRO-50009,MRO-10045;MRO-10046;MRO-50009,Screw Compressor,DHR-03,test,12,risk,risk,approved_on_validation,우선 점검 후보
2024-08-22,AST-5003,A2,6,8.158966491339672,0.2294978946286603,0.1642529608705702,MRO-80001;MRO-20031;MRO-10047,MRO-80001;MRO-20031;MRO-10047,EOT Crane,DHR-03,test,12,risk,risk,approved_on_validation,우선 점검 후보
2024-08-22,AST-5007,A2,9,5.999485687075977,0.1013921521994029,0.0634191637630996,MRO-10047;MRO-10045;MRO-10046,MRO-10047;MRO-10045;MRO-10046,EOT Crane,PUN-01,test,12,risk,risk,approved_on_validation,우선 점검 후보
2024-08-23,AST-1041,A2,8,6.604622080278293,0.1328868491847154,0.0873607070372535,MRO-80001;MRO-10045;MRO-50009,MRO-80001;MRO-10045;MRO-50009,CNC Lathe,PUN-01,test,12,risk,risk,approved_on_validation,우선 점검 후보
2024-08-23,AST-1042,A2,8,6.110524058841508,0.108322338619874,0.0681200974579574,MRO-50009;MRO-80001;MRO-10047,MRO-50009;MRO-80001;MRO-10047,CNC Lathe,PUN-01,test,12,risk,risk,approved_on_validation,우선 점검 후보
2024-08-23,AST-2017,A2,8,7.980802949620657,0.2193158339897769,0.1563089425467172,MRO-80001;MRO-50009;MRO-20031,MRO-80001;MRO-50009;MRO-20031,Hydraulic Press,PUN-01,test,12,risk,risk,approved_on_validation,우선 점검 후보
2024-08-23,AST-2031,A2,13,7.04656707839821,0.1590740295832373,0.1079850129354264,MRO-50009;MRO-10047;MRO-80001,MRO-50009;MRO-10047;MRO-80001,Hydraulic Press,CHN-02,test,12,high_risk,risk,approved_on_validation,우선 점검 후보
2024-08-23,AST-3008,A2,7,6.229211723830791,0.1113827578843136,0.0724080172907302,MRO-10045;MRO-20031;MRO-10046,MRO-10045;MRO-20031;MRO-10046,Belt Conveyor,CHN-02,test,12,risk,risk,approved_on_validation,우선 점검 후보
2024-08-23,AST-3019,A2,7,5.784770988019955,0.0901374764801023,0.0569350437990991,MRO-10046;MRO-20031;MRO-10045,MRO-10046;MRO-20031;MRO-10045,Belt Conveyor,CHN-02,test,12,risk,caution,approved_on_validation,우선 점검 후보
2024-08-23,AST-4055,A2,12,8.494355212621736,0.2539240374295246,0.1853407090288868,MRO-40022;MRO-10047;MRO-50009,MRO-10047;MRO-50009;MRO-10046,Screw Compressor,DHR-03,test,12,high_risk,risk,approved_on_validation,우선 점검 후보
2024-08-23,AST-4061,A2,8,6.838620869845921,0.1463988219527872,0.0974356390603282,MRO-10046;MRO-50009;MRO-80001,MRO-10046;MRO-50009;MRO-80001,Screw Compressor,DHR-03,test,12,risk,risk,approved_on_validation,우선 점검 후보
2024-08-23,AST-5003,A2,18,7.880906163507474,0.2111268606034435,0.1497505426454194,MRO-10045;MRO-10047;MRO-20031,MRO-10045;MRO-10047;MRO-20031,EOT Crane,DHR-03,test,12,high_risk,risk,approved_on_validation,우선 점검 후보
2024-08-23,AST-5007,A2,4,5.869993210959437,0.0943888635517032,0.059060582974566,MRO-10047;MRO-10045;MRO-20031,MRO-10047;MRO-10045;MRO-20031,EOT Crane,PUN-01,test,12,caution,risk,approved_on_validation,우선 점검 후보
2024-08-24,AST-1041,A2,0,0.0033337074321231,9.476682783739216e-12,8.758861368822283e-15,MRO-10046;MRO-80001;MRO-10045,MRO-10046;MRO-80001;MRO-10045,CNC Lathe,PUN-01,test,12,normal,normal,approved_on_validation,우선 점검 후보
2024-08-24,AST-1042,A2,0,0.0029230941325159,4.828712118139715e-12,4.417894248017462e-15,MRO-10045;MRO-10046;MRO-10047,MRO-10045;MRO-10046;MRO-10047,CNC Lathe,PUN-01,test,12,normal,normal,approved_on_validation,우선 점검 후보
2024-08-24,AST-2017,A2,0,0.0032599136197585,6.684413185770937e-12,6.836019580422411e-15,MRO-80001;MRO-40022;MRO-90012,MRO-80001;MRO-10045;MRO-10046,Hydraulic Press,PUN-01,test,12,normal,normal,approved_on_validation,우선 점검 후보
2024-08-24,AST-2031,A2,0,0.0030520227293526,5.5015565816935995e-12,5.245013269171901e-15,MRO-30011;MRO-70005;MRO-90011,MRO-10046;MRO-10047;MRO-20031,Hydraulic Press,CHN-02,test,12,normal,normal,approved_on_validation,우선 점검 후보
2024-08-24,AST-3008,A2,0,0.0032525711634709,6.583912886906449e-12,6.7700350544382206e-15,MRO-90012;MRO-10045;MRO-10046,MRO-10045;MRO-10046;MRO-10047,Belt Conveyor,CHN-02,test,12,normal,normal,approved_on_validation,우선 점검 후보
2024-08-24,AST-3019,A2,0,0.0032205269075882,6.515750862207209e-12,6.5444137284210905e-15,MRO-10045;MRO-10046;MRO-10047,MRO-10045;MRO-10046;MRO-10047,Belt Conveyor,CHN-02,test,12,normal,normal,approved_on_validation,우선 점검 후보
2024-08-24,AST-4055,A2,0,0.0032417490187776,6.6135534020279106e-12,6.703668276455863e-15,MRO-10045;MRO-10047;MRO-20031,MRO-10045;MRO-10047;MRO-20031,Screw Compressor,DHR-03,test,12,normal,normal,approved_on_validation,우선 점검 후보
2024-08-24,AST-4061,A2,0,0.0032438591945196,6.609433380516867e-12,6.7075087785262905e-15,MRO-10046;MRO-20031;MRO-50009,MRO-10046;MRO-20031;MRO-50009,Screw Compressor,DHR-03,test,12,normal,normal,approved_on_validation,우선 점검 후보
2024-08-24,AST-5003,A2,0,0.0031699278300132,8.214914996177358e-12,7.161909517820417e-15,MRO-80001;MRO-50009;MRO-70005,MRO-80001;MRO-50009;MRO-10046,EOT Crane,DHR-03,test,12,normal,normal,approved_on_validation,우선 점검 후보
2024-08-24,AST-5007,A2,0,0.0032851866408377,6.805629788786206e-12,6.977187545539294e-15,MRO-20031;MRO-40022;MRO-50008,MRO-20031;MRO-10045;MRO-10046,EOT Crane,PUN-01,test,12,normal,normal,approved_on_validation,우선 점검 후보
2024-08-25,AST-1041,A2,0,0.0033328391366956,9.440080761827319e-12,8.734942627066148e-15,MRO-10046;MRO-80001;MRO-10045,MRO-10046;MRO-80001;MRO-10045,CNC Lathe,PUN-01,test,12,normal,normal,approved_on_validation,우선 점검 후보
2024-08-25,AST-1042,A2,0,0.0029253699456889,4.84441615952538e-12,4.4344211845019974e-15,MRO-10045;MRO-10046;MRO-10047,MRO-10045;MRO-10046;MRO-10047,CNC Lathe,PUN-01,test,12,normal,normal,approved_on_validation,우선 점검 후보
2024-08-25,AST-2017,A2,0,0.0032842411095981,6.763435513490505e-12,6.994270907619836e-15,MRO-40022;MRO-90012;MRO-70004,MRO-80001;MRO-10045;MRO-10047,Hydraulic Press,PUN-01,test,12,normal,normal,approved_on_validation,우선 점검 후보
2024-08-25,AST-2031,A2,0,0.003251484669467,6.481174143420624e-12,6.6279980574521575e-15,MRO-30011;MRO-10046;MRO-10047,MRO-10046;MRO-10047;MRO-20031,Hydraulic Press,CHN-02,test,12,normal,normal,approved_on_validation,우선 점검 후보
2024-08-25,AST-3008,A2,0,0.003223505418346,6.601606037191957e-12,6.586579973890269e-15,MRO-10045;MRO-10046;MRO-10047,MRO-10045;MRO-10046;MRO-10047,Belt Conveyor,CHN-02,test,12,normal,normal,approved_on_validation,우선 점검 후보
2024-08-25,AST-3019,A2,0,0.0032124736956024,6.519318086700408e-12,6.493157834974809e-15,MRO-10045;MRO-10046;MRO-10047,MRO-10045;MRO-10046;MRO-10047,Belt Conveyor,CHN-02,test,12,normal,normal,approved_on_validation,우선 점검 후보
2024-08-25,AST-4055,A2,0,0.0033198737540255,6.908365918728396e-12,7.184555144500408e-15,MRO-60016;MRO-30011;MRO-20031,MRO-20031;MRO-10046;MRO-10047,Screw Compressor,DHR-03,test,12,normal,normal,approved_on_validation,우선 점검 후보
2024-08-25,AST-4061,A2,0,0.0032326654239248,6.544598587791031e-12,6.619175094385317e-15,MRO-10046;MRO-10047;MRO-20031,MRO-10046;MRO-10047;MRO-20031,Screw Compressor,DHR-03,test,12,normal,normal,approved_on_validation,우선 점검 후보
2024-08-25,AST-5003,A2,0,0.0031973946626952,6.140439798044602e-12,6.182077869416505e-15,MRO-10046;MRO-10047;MRO-20033,MRO-10046;MRO-10047;MRO-10045,EOT Crane,DHR-03,test,12,normal,normal,approved_on_validation,우선 점검 후보
2024-08-25,AST-5007,A2,0,0.0032486247841336,6.574647694005967e-12,6.666556679226087e-15,MRO-30011;MRO-80002;MRO-10045,MRO-10045;MRO-10046;MRO-10047,EOT Crane,PUN-01,test,12,normal,normal,approved_on_validation,우선 점검 후보
2024-08-26,AST-1041,A2,12,11.60169667765007,0.495048116776263,0.4106606393625514,MRO-80001;MRO-10047;MRO-20031,MRO-80001;MRO-10047;MRO-20031,CNC Lathe,PUN-01,test,12,high_risk,high_risk,approved_on_validation,우선 점검 후보
2024-08-26,AST-1042,A2,4,6.411841022474185,0.1219150463272295,0.0800742965742323,MRO-50009;MRO-80001;MRO-10047,MRO-50009;MRO-80001;MRO-10047,CNC Lathe,PUN-01,test,12,caution,risk,approved_on_validation,우선 점검 후보
2024-08-26,AST-2017,A2,5,8.195538969839877,0.2341321628845725,0.1685256156072275,MRO-80001;MRO-10046;MRO-20031,MRO-80001;MRO-10046;MRO-20031,Hydraulic Press,PUN-01,test,12,caution,risk,approved_on_validation,우선 점검 후보
2024-08-26,AST-2031,A2,11,7.050443945783813,0.1574461553174196,0.1081025152440136,MRO-50009;MRO-10045;MRO-80001,MRO-50009;MRO-10045;MRO-80001,Hydraulic Press,CHN-02,test,12,risk,risk,approved_on_validation,우선 점검 후보
2024-08-26,AST-3008,A2,7,5.988684179466346,0.0998710755680254,0.0632261625101041,MRO-80001;MRO-20031;MRO-10045,MRO-80001;MRO-20031;MRO-10045,Belt Conveyor,CHN-02,test,12,risk,risk,approved_on_validation,우선 점검 후보
2024-08-26,AST-3019,A2,10,8.427653266791992,0.2398800257660271,0.1776968687787886,MRO-40021;MRO-20032;MRO-50008,MRO-10046;MRO-10045;MRO-80001,Belt Conveyor,CHN-02,test,12,risk,risk,approved_on_validation,우선 점검 후보
2024-08-26,AST-4055,A2,18,8.14628293423146,0.2320929295103973,0.1651104789178381,MRO-80001;MRO-20031;MRO-10045,MRO-80001;MRO-20031;MRO-10045,Screw Compressor,DHR-03,test,12,high_risk,risk,approved_on_validation,우선 점검 후보
2024-08-26,AST-4061,A2,4,6.590057791471842,0.130538541702279,0.0862171493342986,MRO-80001;MRO-10045;MRO-10047,MRO-80001;MRO-10045;MRO-10047,Screw Compressor,DHR-03,test,12,caution,risk,approved_on_validation,우선 점검 후보
2024-08-26,AST-5003,A2,13,11.054349563603324,0.4493476886928591,0.3684812052371884,MRO-10046;MRO-10047;MRO-50009,MRO-10046;MRO-10047;MRO-50009,EOT Crane,DHR-03,test,12,high_risk,high_risk,approved_on_validation,우선 점검 후보
2024-08-26,AST-5007,A2,8,5.45146738060652,0.0749249285953434,0.0452945972515763,MRO-20031;MRO-10047;MRO-10045,MRO-20031;MRO-10047;MRO-10045,EOT Crane,PUN-01,test,12,risk,caution,approved_on_validation,우선 점검 후보
2024-08-27,AST-1041,A2,3,7.210929709548515,0.1688021519654773,0.1158352244736643,MRO-80001;MRO-20031;MRO-50009,MRO-80001;MRO-20031;MRO-50009,CNC Lathe,PUN-01,test,12,caution,risk,approved_on_validation,우선 점검 후보
2024-08-27,AST-1042,A2,2,6.396794483883791,0.1201812646475335,0.077352788429616,MRO-40022;MRO-50009;MRO-80001,MRO-50009;MRO-80001;MRO-10047,CNC Lathe,PUN-01,test,12,caution,risk,approved_on_validation,우선 점검 후보
2024-08-27,AST-2017,A2,11,8.670709342631614,0.2664851914063691,0.1975249784641047,MRO-80001;MRO-10045;MRO-10046,MRO-80001;MRO-10045;MRO-10046,Hydraulic Press,PUN-01,test,12,risk,risk,approved_on_validation,우선 점검 후보
2024-08-27,AST-2031,A2,8,7.155947131185444,0.1635272592380034,0.1130170272425356,MRO-50009;MRO-10046;MRO-20031,MRO-50009;MRO-10046;MRO-20031,Hydraulic Press,CHN-02,test,12,risk,risk,approved_on_validation,우선 점검 후보
2024-08-27,AST-3008,A2,10,6.194628980355947,0.1101001341019761,0.0711700268740129,MRO-10045;MRO-80001;MRO-10046,MRO-10045;MRO-80001;MRO-10046,Belt Conveyor,CHN-02,test,12,risk,risk,approved_on_validation,우선 점검 후보
2024-08-27,AST-3019,A2,6,5.987410850430946,0.0998278320032942,0.0638011155720802,MRO-20031;MRO-10046;MRO-80001,MRO-20031;MRO-10046;MRO-80001,Belt Conveyor,CHN-02,test,12,risk,risk,approved_on_validation,우선 점검 후보
2024-08-27,AST-4055,A2,7,8.018876002636175,0.2227616608488544,0.158050119240416,MRO-20031;MRO-80001;MRO-10045,MRO-20031;MRO-80001;MRO-10045,Screw Compressor,DHR-03,test,12,risk,risk,approved_on_validation,우선 점검 후보
2024-08-27,AST-4061,A2,12,7.131843997892013,0.1634472129021986,0.1105061025595714,MRO-80001;MRO-40022;MRO-10045,MRO-80001;MRO-10045;MRO-10047,Screw Compressor,DHR-03,test,12,high_risk,risk,approved_on_validation,우선 점검 후보
2024-08-27,AST-5003,A2,7,7.339728085995855,0.1754280961224821,0.1197849397584045,MRO-80001;MRO-30011;MRO-10045,MRO-80001;MRO-10045;MRO-50009,EOT Crane,DHR-03,test,12,risk,risk,approved_on_validation,우선 점검 후보
2024-08-27,AST-5007,A2,10,5.875329451040057,0.0950644110716615,0.0592718600820912,MRO-20031;MRO-10046;MRO-10047,MRO-20031;MRO-10046;MRO-10047,EOT Crane,PUN-01,test,12,risk,risk,approved_on_validation,우선 점검 후보
2024-08-28,AST-1041,A2,0,6.26255382678355,0.1117760921600494,0.0735471345115012,MRO-50009;MRO-10046;MRO-20031,MRO-50009;MRO-10046;MRO-20031,CNC Lathe,PUN-01,test,12,normal,risk,approved_on_validation,우선 점검 후보
2024-08-28,AST-1042,A2,6,6.736745029409628,0.1388733684757335,0.0928932775349339,MRO-40022;MRO-50009;MRO-80001,MRO-50009;MRO-80001;MRO-10047,CNC Lathe,PUN-01,test,12,risk,risk,approved_on_validation,우선 점검 후보
2024-08-28,AST-2017,A2,17,8.13944201396485,0.2292999220626494,0.1641103437465279,MRO-80001;MRO-40022;MRO-20031,MRO-80001;MRO-20031;MRO-10045,Hydraulic Press,PUN-01,test,12,high_risk,risk,approved_on_validation,우선 점검 후보
2024-08-28,AST-2031,A2,4,7.921546188893448,0.2155927736200093,0.1538624530913522,MRO-50009;MRO-10045;MRO-20031,MRO-50009;MRO-10045;MRO-20031,Hydraulic Press,CHN-02,test,12,caution,risk,approved_on_validation,우선 점검 후보
2024-08-28,AST-3008,A2,3,6.286466512254494,0.1136488185119996,0.074604472342029,MRO-10046;MRO-20031;MRO-50009,MRO-10046;MRO-20031;MRO-50009,Belt Conveyor,CHN-02,test,12,caution,risk,approved_on_validation,우선 점검 후보
2024-08-28,AST-3019,A2,5,5.609553212491762,0.0827419472760263,0.0519013253340143,MRO-20031;MRO-50009;MRO-10045,MRO-20031;MRO-50009;MRO-10045,Belt Conveyor,CHN-02,test,12,caution,caution,approved_on_validation,우선 점검 후보
2024-08-28,AST-4055,A2,0,8.478206234590687,0.2562947738644074,0.1849380996949762,MRO-10046;MRO-10045;MRO-50009,MRO-10046;MRO-10045;MRO-50009,Screw Compressor,DHR-03,test,12,normal,risk,approved_on_validation,우선 점검 후보
2024-08-28,AST-4061,A2,8,6.730207884475634,0.140214447728821,0.0927166580471045,MRO-50009;MRO-80001;MRO-10045,MRO-50009;MRO-80001;MRO-10045,Screw Compressor,DHR-03,test,12,risk,risk,approved_on_validation,우선 점검 후보
2024-08-28,AST-5003,A2,5,7.447657580350373,0.1833326158484304,0.1262578722547626,MRO-10046;MRO-10045;MRO-20031,MRO-10046;MRO-10045;MRO-20031,EOT Crane,DHR-03,test,12,caution,risk,approved_on_validation,우선 점검 후보
2024-08-28,AST-5007,A2,5,6.017582428157158,0.1014988310840382,0.0641880114621059,MRO-20031;MRO-10045;MRO-10046,MRO-20031;MRO-10045;MRO-10046,EOT Crane,PUN-01,test,12,caution,risk,approved_on_validation,우선 점검 후보
2024-08-29,AST-1041,A2,10,5.86816614872772,0.0932773755179192,0.0588614838379501,MRO-10046;MRO-30011;MRO-80001,MRO-10046;MRO-80001;MRO-50009,CNC Lathe,PUN-01,test,12,risk,caution,approved_on_validation,우선 점검 후보
2024-08-29,AST-1042,A2,5,6.652916631159682,0.135326610645823,0.0893863245673377,MRO-10047;MRO-50009;MRO-80001,MRO-10047;MRO-50009;MRO-80001,CNC Lathe,PUN-01,test,12,caution,risk,approved_on_validation,우선 점검 후보
2024-08-29,AST-2017,A2,3,8.300736730823312,0.2400624305540152,0.1737859837019765,MRO-50009;MRO-80001;MRO-10045,MRO-50009;MRO-80001;MRO-10045,Hydraulic Press,PUN-01,test,12,caution,risk,approved_on_validation,우선 점검 후보
2024-08-29,AST-2031,A2,3,7.373853651167755,0.1794293569341146,0.1243713785275065,MRO-50009;MRO-10045;MRO-10047,MRO-50009;MRO-10045;MRO-10047,Hydraulic Press,CHN-02,test,12,caution,risk,approved_on_validation,우선 점검 후보
2024-08-29,AST-3008,A2,3,5.8818054909595325,0.0948804193636075,0.0598412994216815,MRO-10046;MRO-50009;MRO-10047,MRO-10046;MRO-50009;MRO-10047,Belt Conveyor,CHN-02,test,12,caution,risk,approved_on_validation,우선 점검 후보
2024-08-29,AST-3019,A2,4,5.933816069271294,0.0969726269953933,0.0615550110316316,MRO-20031;MRO-40022;MRO-10045,MRO-20031;MRO-10045;MRO-10046,Belt Conveyor,CHN-02,test,12,caution,risk,approved_on_validation,우선 점검 후보
2024-08-29,AST-4055,A2,7,7.105141643000344,0.1617743116912388,0.1105886892933727,MRO-10046;MRO-80001;MRO-20031,MRO-10046;MRO-80001;MRO-20031,Screw Compressor,DHR-03,test,12,risk,risk,approved_on_validation,우선 점검 후보
2024-08-29,AST-4061,A2,13,6.487786115417356,0.1269328043813866,0.0820822242898291,MRO-40022;MRO-50009;MRO-80001,MRO-50009;MRO-80001;MRO-10045,Screw Compressor,DHR-03,test,12,high_risk,risk,approved_on_validation,우선 점검 후보
2024-08-29,AST-5003,A2,4,7.530619944204621,0.1875652230567253,0.1303261792513037,MRO-40022;MRO-10045;MRO-20031,MRO-10045;MRO-20031;MRO-50009,EOT Crane,DHR-03,test,12,caution,risk,approved_on_validation,우선 점검 후보
2024-08-29,AST-5007,A2,12,9.154073765685148,0.3004734758408112,0.2273423413751645,MRO-50009;MRO-10047;MRO-10046,MRO-50009;MRO-10047;MRO-10046,EOT Crane,PUN-01,test,12,high_risk,risk,approved_on_validation,우선 점검 후보
2024-08-30,AST-1041,A2,4,6.271711441576036,0.1125319336532852,0.0740265217005833,MRO-50009;MRO-10046;MRO-20031,MRO-50009;MRO-10046;MRO-20031,CNC Lathe,PUN-01,test,12,caution,risk,approved_on_validation,우선 점검 후보
2024-08-30,AST-1042,A2,10,6.285058150844914,0.1156655402327336,0.0744535374733813,MRO-10047;MRO-50009;MRO-80001,MRO-10047;MRO-50009;MRO-80001,CNC Lathe,PUN-01,test,12,risk,risk,approved_on_validation,우선 점검 후보
2024-08-30,AST-2017,A2,13,7.286088421229535,0.1712659934185771,0.1176085564690251,MRO-80001;MRO-10045;MRO-50009,MRO-80001;MRO-10045;MRO-50009,Hydraulic Press,PUN-01,test,12,high_risk,risk,approved_on_validation,우선 점검 후보
2024-08-30,AST-2031,A2,10,7.1419625598225736,0.165009385665049,0.1124668064725069,MRO-10045;MRO-10047;MRO-20031,MRO-10045;MRO-10047;MRO-20031,Hydraulic Press,CHN-02,test,12,risk,risk,approved_on_validation,우선 점검 후보
2024-08-30,AST-3008,A2,14,6.647782874236164,0.1296483630344197,0.0883554013740764,MRO-70004;MRO-80001;MRO-30012,MRO-80001;MRO-10047;MRO-10045,Belt Conveyor,CHN-02,test,12,high_risk,risk,approved_on_validation,우선 점검 후보
2024-08-30,AST-3019,A2,0,5.548741752271549,0.081025389273584,0.049974579226511,MRO-20031;MRO-50009;MRO-10047,MRO-20031;MRO-50009;MRO-10047,Belt Conveyor,CHN-02,test,12,normal,caution,approved_on_validation,우선 점검 후보
2024-08-30,AST-4055,A2,3,8.976210307647229,0.2928173605749893,0.2159226989392679,MRO-10045;MRO-10046;MRO-50009,MRO-10045;MRO-10046;MRO-50009,Screw Compressor,DHR-03,test,12,caution,risk,approved_on_validation,우선 점검 후보
2024-08-30,AST-4061,A2,7,7.623453111675758,0.1953319774233398,0.1368988074102748,MRO-50009;MRO-20031;MRO-10045,MRO-50009;MRO-20031;MRO-10045,Screw Compressor,DHR-03,test,12,risk,risk,approved_on_validation,우선 점검 후보
2024-08-30,AST-5003,A2,8,7.977756651573503,0.218608854628085,0.1556803160515262,MRO-80001;MRO-10046;MRO-50009,MRO-80001;MRO-10046;MRO-50009,EOT Crane,DHR-03,test,12,risk,risk,approved_on_validation,우선 점검 후보
2024-08-30,AST-5007,A2,8,5.7986446389663895,0.0910226042259358,0.0563425009214162,MRO-10047;MRO-40022;MRO-10045,MRO-10047;MRO-10045;MRO-50009,EOT Crane,PUN-01,test,12,risk,caution,approved_on_validation,우선 점검 후보
2024-08-31,AST-1041,A2,0,0.0032306856967021,6.545935615225636e-12,6.602800817451943e-15,MRO-10046;MRO-10045;MRO-10047,MRO-10046;MRO-10045;MRO-10047,CNC Lathe,PUN-01,test,12,normal,normal,approved_on_validation,우선 점검 후보
2024-08-31,AST-1042,A2,0,0.003237337331315,6.578321538757613e-12,6.659715676292675e-15,MRO-10047;MRO-20031;MRO-10045,MRO-10047;MRO-20031;MRO-10045,CNC Lathe,PUN-01,test,12,normal,normal,approved_on_validation,우선 점검 후보
2024-08-31,AST-2017,A2,0,0.0033018602268934,6.878381499165274e-12,7.095272589516485e-15,MRO-30012;MRO-10045;MRO-50008,MRO-10045;MRO-10047;MRO-20031,Hydraulic Press,PUN-01,test,12,normal,normal,approved_on_validation,우선 점검 후보
2024-08-31,AST-2031,A2,0,0.0032170183939325,6.521738732858866e-12,6.547103638816807e-15,MRO-10045;MRO-10047;MRO-20031,MRO-10045;MRO-10047;MRO-20031,Hydraulic Press,CHN-02,test,12,normal,normal,approved_on_validation,우선 점검 후보
2024-08-31,AST-3008,A2,0,0.0032338700524863,6.5627798633323856e-12,6.617938126797056e-15,MRO-30011;MRO-10045;MRO-10046,MRO-10045;MRO-10046;MRO-50009,Belt Conveyor,CHN-02,test,12,normal,normal,approved_on_validation,우선 점검 후보
2024-08-31,AST-3019,A2,0,0.0032162173983346,6.533253989513152e-12,6.524000922691588e-15,MRO-10045;MRO-10046;MRO-10047,MRO-10045;MRO-10046;MRO-10047,Belt Conveyor,CHN-02,test,12,normal,normal,approved_on_validation,우선 점검 후보
2024-08-31,AST-4055,A2,0,0.0032364925797653,6.6403956840835666e-12,6.706286514348732e-15,MRO-10045;MRO-10046;MRO-20031,MRO-10045;MRO-10046;MRO-20031,Screw Compressor,DHR-03,test,12,normal,normal,approved_on_validation,우선 점검 후보
2024-08-31,AST-4061,A2,0,0.0032675292259713,6.772939808161832e-12,6.920930754667115e-15,MRO-10047;MRO-40021;MRO-70004,MRO-10047;MRO-10045;MRO-10046,Screw Compressor,DHR-03,test,12,normal,normal,approved_on_validation,우선 점검 후보
2024-08-31,AST-5003,A2,0,0.0033626401040593,8.068540654666522e-12,8.180900916227878e-15,MRO-80001;MRO-10045;MRO-10046,MRO-80001;MRO-10045;MRO-10046,EOT Crane,DHR-03,test,12,normal,normal,approved_on_validation,우선 점검 후보
2024-08-31,AST-5007,A2,0,0.003295017335654,6.689554805923884e-12,6.900793479450405e-15,MRO-60015;MRO-50009;MRO-50008,MRO-50009;MRO-10045;MRO-10047,EOT Crane,PUN-01,test,12,normal,normal,approved_on_validation,우선 점검 후보
2024-09-01,AST-1041,A2,0,0.0032264536491796,6.4411150004982235e-12,6.5206464465378826e-15,MRO-10045;MRO-10047;MRO-20031,MRO-10045;MRO-10047;MRO-20031,CNC Lathe,PUN-01,test,12,normal,normal,approved_on_validation,우선 점검 후보
2024-09-01,AST-1042,A2,0,0.0032360338847674,6.56033879774239e-12,6.640637972188967e-15,MRO-10045;MRO-10046;MRO-50009,MRO-10045;MRO-10046;MRO-50009,CNC Lathe,PUN-01,test,12,normal,normal,approved_on_validation,우선 점검 후보
2024-09-01,AST-2017,A2,0,0.0034257055898597,6.6594571769023906e-12,7.358496242748656e-15,MRO-30012;MRO-30011;MRO-50008,MRO-30012;MRO-10045;MRO-10046,Hydraulic Press,PUN-01,test,12,normal,normal,approved_on_validation,우선 점검 후보
2024-09-01,AST-2031,A2,0,0.0032114895809109,6.509693976374023e-12,6.522180277570534e-15,MRO-10045;MRO-10047;MRO-20031,MRO-10045;MRO-10047;MRO-20031,Hydraulic Press,CHN-02,test,12,normal,normal,approved_on_validation,우선 점검 후보
2024-09-01,AST-3008,A2,0,0.0032526581073363,6.468046128681049e-12,6.711032837105455e-15,MRO-70004;MRO-30011;MRO-10045,MRO-10045;MRO-10046;MRO-50009,Belt Conveyor,CHN-02,test,12,normal,normal,approved_on_validation,우선 점검 후보
2024-09-01,AST-3019,A2,0,0.0034683290361253,9.656651112028679e-12,9.731473516997904e-15,MRO-10047;MRO-50009;MRO-80001,MRO-10047;MRO-50009;MRO-80001,Belt Conveyor,CHN-02,test,12,normal,normal,approved_on_validation,우선 점검 후보
2024-09-01,AST-4055,A2,0,0.003249917560081,6.654826166150029e-12,6.762862356464266e-15,MRO-10045;MRO-10046;MRO-10047,MRO-10045;MRO-10046;MRO-10047,Screw Compressor,DHR-03,test,12,normal,normal,approved_on_validation,우선 점검 후보
2024-09-01,AST-4061,A2,0,0.0032468344572524,6.6272303861476866e-12,6.730816831203333e-15,MRO-10045;MRO-10046;MRO-20031,MRO-10045;MRO-10046;MRO-20031,Screw Compressor,DHR-03,test,12,normal,normal,approved_on_validation,우선 점검 후보
2024-09-01,AST-5003,A2,0,0.0031823964923467,7.230002316415703e-12,6.678222705125359e-15,MRO-80001;MRO-40021;MRO-80002,MRO-80001;MRO-10045;MRO-10046,EOT Crane,DHR-03,test,12,normal,normal,approved_on_validation,우선 점검 후보
2024-09-01,AST-5007,A2,0,0.0032676528250435,6.805362503270455e-12,6.902170632950078e-15,MRO-50009;MRO-50008;MRO-60015,MRO-50009;MRO-10045;MRO-10046,EOT Crane,PUN-01,test,12,normal,normal,approved_on_validation,우선 점검 후보
2024-09-02,AST-1041,A2,0,7.018272988972797,0.1583970973278352,0.1068898787379674,MRO-50009;MRO-80001;MRO-10047,MRO-50009;MRO-80001;MRO-10047,CNC Lathe,PUN-01,test,12,normal,risk,approved_on_validation,우선 점검 후보
2024-09-02,AST-1042,A2,5,6.245749439098372,0.1133549735356006,0.0728982092036177,MRO-10045;MRO-10047;MRO-20031,MRO-10045;MRO-10047;MRO-20031,CNC Lathe,PUN-01,test,12,caution,risk,approved_on_validation,우선 점검 후보
2024-09-02,AST-2017,A2,0,8.218648926125711,0.2373981170110375,0.1695756253859751,MRO-10046;MRO-80001;MRO-10045,MRO-10046;MRO-80001;MRO-10045,Hydraulic Press,PUN-01,test,12,normal,risk,approved_on_validation,우선 점검 후보
2024-09-02,AST-2031,A2,6,7.160632890113463,0.1664316505621964,0.1132492219531006,MRO-10046;MRO-50009;MRO-10045,MRO-10046;MRO-50009;MRO-10045,Hydraulic Press,CHN-02,test,12,risk,risk,approved_on_validation,우선 점검 후보
2024-09-02,AST-3008,A2,8,7.022522089700376,0.1553116927594275,0.1063814324282012,MRO-10047;MRO-20031;MRO-80001,MRO-10047;MRO-20031;MRO-80001,Belt Conveyor,CHN-02,test,12,risk,risk,approved_on_validation,우선 점검 후보
2024-09-02,AST-3019,A2,1,5.53087363596938,0.081317601420278,0.0492038574137415,MRO-50009;MRO-20031;MRO-10045,MRO-50009;MRO-20031;MRO-10045,Belt Conveyor,CHN-02,test,12,caution,caution,approved_on_validation,우선 점검 후보
2024-09-02,AST-4055,A2,12,7.994779672904718,0.2203419639827207,0.1557970036236135,MRO-20031;MRO-40021;MRO-10046,MRO-20031;MRO-10046;MRO-10047,Screw Compressor,DHR-03,test,12,high_risk,risk,approved_on_validation,우선 점검 후보
2024-09-02,AST-4061,A2,8,6.49105376035918,0.1277225025757228,0.0822804208133903,MRO-10047;MRO-20031;MRO-50009,MRO-10047;MRO-20031;MRO-50009,Screw Compressor,DHR-03,test,12,risk,risk,approved_on_validation,우선 점검 후보
2024-09-02,AST-5003,A2,14,7.648601835779718,0.1955281752144857,0.1368514428169042,MRO-40022;MRO-50009;MRO-10046,MRO-50009;MRO-10046;MRO-10045,EOT Crane,DHR-03,test,12,high_risk,risk,approved_on_validation,우선 점검 후보
2024-09-02,AST-5007,A2,2,6.073807051581627,0.103351920951204,0.0662495322587639,MRO-10046;MRO-50009;MRO-10047,MRO-10046;MRO-50009;MRO-10047,EOT Crane,PUN-01,test,12,caution,risk,approved_on_validation,우선 점검 후보
2024-09-03,AST-1041,A2,9,9.093136621969176,0.298543152467871,0.2233348190093108,MRO-80001;MRO-10045;MRO-10047,MRO-80001;MRO-10045;MRO-10047,CNC Lathe,PUN-01,test,12,risk,risk,approved_on_validation,우선 점검 후보
2024-09-03,AST-1042,A2,0,6.804156360304309,0.1417902237771684,0.0947794061101298,MRO-40022;MRO-10045;MRO-10047,MRO-10045;MRO-10047;MRO-20031,CNC Lathe,PUN-01,test,12,normal,risk,approved_on_validation,우선 점검 후보
2024-09-03,AST-2017,A2,14,7.496593226631852,0.1835010285819502,0.1284447158898937,MRO-80001;MRO-10045;MRO-20031,MRO-80001;MRO-10045;MRO-20031,Hydraulic Press,PUN-01,test,12,high_risk,risk,approved_on_validation,우선 점검 후보
2024-09-03,AST-2031,A2,14,7.0957915043759305,0.1603006246425213,0.1095035829538347,MRO-50009;MRO-10046;MRO-10047,MRO-50009;MRO-10046;MRO-10047,Hydraulic Press,CHN-02,test,12,high_risk,risk,approved_on_validation,우선 점검 후보
2024-09-03,AST-3008,A2,9,6.5578571351867305,0.1306196962328976,0.085925419142631,MRO-80001;MRO-10047;MRO-20031,MRO-80001;MRO-10047;MRO-20031,Belt Conveyor,CHN-02,test,12,risk,risk,approved_on_validation,우선 점검 후보
2024-09-03,AST-3019,A2,3,7.136033223209992,0.1507984545765839,0.1050072696544486,MRO-40022;MRO-30011;MRO-20032,MRO-10045;MRO-20031;MRO-50009,Belt Conveyor,CHN-02,test,12,caution,risk,approved_on_validation,우선 점검 후보
2024-09-03,AST-4055,A2,8,8.306055004733109,0.2382524651170728,0.1750902583026659,MRO-20031;MRO-40021;MRO-70004,MRO-20031;MRO-10046;MRO-10047,Screw Compressor,DHR-03,test,12,risk,risk,approved_on_validation,우선 점검 후보
2024-09-03,AST-4061,A2,6,6.5570750834485105,0.1295903563289066,0.0848233651862282,MRO-10047;MRO-20031;MRO-10045,MRO-10047;MRO-20031;MRO-10045,Screw Compressor,DHR-03,test,12,risk,risk,approved_on_validation,우선 점검 후보
2024-09-03,AST-5003,A2,6,8.328894602356417,0.2438409688796526,0.1761741042085524,MRO-80001;MRO-50009;MRO-10045,MRO-80001;MRO-50009;MRO-10045,EOT Crane,DHR-03,test,12,risk,risk,approved_on_validation,우선 점검 후보
2024-09-03,AST-5007,A2,3,5.312226908807987,0.0721210482740513,0.0424233107272723,MRO-50009;MRO-10046;MRO-20031,MRO-50009;MRO-10046;MRO-20031,EOT Crane,PUN-01,test,12,caution,caution,approved_on_validation,우선 점검 후보
2024-09-04,AST-1041,A2,4,12.997837195953204,0.6041699193552605,0.5177890626968681,MRO-50009;MRO-10046;MRO-10047,MRO-50009;MRO-10046;MRO-10047,CNC Lathe,PUN-01,test,12,caution,high_risk,approved_on_validation,우선 점검 후보
2024-09-04,AST-1042,A2,10,6.1681494048141365,0.1111749022434507,0.0707913991314358,MRO-10045;MRO-20031;MRO-10047,MRO-10045;MRO-20031;MRO-10047,CNC Lathe,PUN-01,test,12,risk,risk,approved_on_validation,우선 점검 후보
2024-09-04,AST-2017,A2,8,6.641903852657087,0.1332014659625957,0.0886455657679817,MRO-10045;MRO-50009;MRO-20031,MRO-10045;MRO-50009;MRO-20031,Hydraulic Press,PUN-01,test,12,risk,risk,approved_on_validation,우선 점검 후보
2024-09-04,AST-2031,A2,2,7.574063172689467,0.1909874422282952,0.13351746794332,MRO-10045;MRO-80001;MRO-10047,MRO-10045;MRO-80001;MRO-10047,Hydraulic Press,CHN-02,test,12,caution,risk,approved_on_validation,우선 점검 후보
2024-09-04,AST-3008,A2,10,6.9806630150110305,0.1530521990628718,0.1046680579568146,MRO-80001;MRO-20031;MRO-10047,MRO-80001;MRO-20031;MRO-10047,Belt Conveyor,CHN-02,test,12,risk,risk,approved_on_validation,우선 점검 후보
2024-09-04,AST-3019,A2,5,5.773508355580944,0.0902399196048761,0.056421347972256,MRO-50009;MRO-20031;MRO-10045,MRO-50009;MRO-20031;MRO-10045,Belt Conveyor,CHN-02,test,12,caution,caution,approved_on_validation,우선 점검 후보
2024-09-04,AST-4055,A2,17,8.270587428653336,0.2403991920796013,0.1725461958099581,MRO-10045;MRO-20031;MRO-50009,MRO-10045;MRO-20031;MRO-50009,Screw Compressor,DHR-03,test,12,high_risk,risk,approved_on_validation,우선 점검 후보
2024-09-04,AST-4061,A2,0,6.76837079147843,0.1432037045433443,0.0947536859110971,MRO-50009;MRO-80001;MRO-20031,MRO-50009;MRO-80001;MRO-20031,Screw Compressor,DHR-03,test,12,normal,risk,approved_on_validation,우선 점검 후보
2024-09-04,AST-5003,A2,9,7.425280777068449,0.1790216293024671,0.123365156943523,MRO-40022;MRO-80001;MRO-20031,MRO-80001;MRO-20031;MRO-10046,EOT Crane,DHR-03,test,12,risk,risk,approved_on_validation,우선 점검 후보
2024-09-04,AST-5007,A2,3,5.637805071132167,0.0838158420568044,0.051261162386046,MRO-10046;MRO-10047;MRO-10045,MRO-10046;MRO-10047;MRO-10045,EOT Crane,PUN-01,test,12,caution,caution,approved_on_validation,우선 점검 후보
2024-09-05,AST-1041,A2,11,6.318566637548854,0.1163165891702189,0.0759559899512333,MRO-50009;MRO-10045;MRO-80001,MRO-50009;MRO-10045;MRO-80001,CNC Lathe,PUN-01,test,12,risk,risk,approved_on_validation,우선 점검 후보
2024-09-05,AST-1042,A2,3,6.585392884180259,0.1314154569182815,0.0856272519859992,MRO-10046;MRO-20033;MRO-10045,MRO-10046;MRO-10045;MRO-50009,CNC Lathe,PUN-01,test,12,caution,risk,approved_on_validation,우선 점검 후보
2024-09-05,AST-2017,A2,6,8.627303947027892,0.2628490458196682,0.1954113349485637,MRO-10047;MRO-80001;MRO-10046,MRO-10047;MRO-80001;MRO-10046,Hydraulic Press,PUN-01,test,12,risk,risk,approved_on_validation,우선 점검 후보
2024-09-05,AST-2031,A2,2,6.735442124961808,0.1414224682053275,0.0938976563368602,MRO-10046;MRO-50009;MRO-10047,MRO-10046;MRO-50009;MRO-10047,Hydraulic Press,CHN-02,test,12,caution,risk,approved_on_validation,우선 점검 후보
2024-09-05,AST-3008,A2,2,6.501599477328872,0.1245515481262916,0.0830843719297996,MRO-20032;MRO-10047;MRO-80001,MRO-10047;MRO-80001;MRO-20031,Belt Conveyor,CHN-02,test,12,caution,risk,approved_on_validation,우선 점검 후보
2024-09-05,AST-3019,A2,7,5.59201823475627,0.0856872214629966,0.0514640606824526,MRO-10045;MRO-10046;MRO-50009,MRO-10045;MRO-10046;MRO-50009,Belt Conveyor,CHN-02,test,12,risk,caution,approved_on_validation,우선 점검 후보
2024-09-05,AST-4055,A2,2,7.919994427166795,0.2151136071355588,0.1529287884916748,MRO-80001;MRO-10046;MRO-50009,MRO-80001;MRO-10046;MRO-50009,Screw Compressor,DHR-03,test,12,caution,risk,approved_on_validation,우선 점검 후보
2024-09-05,AST-4061,A2,0,6.751446951678179,0.1417047535350421,0.0936773971949265,MRO-20031;MRO-10046;MRO-50009,MRO-20031;MRO-10046;MRO-50009,Screw Compressor,DHR-03,test,12,normal,risk,approved_on_validation,우선 점검 후보
2024-09-05,AST-5003,A2,5,7.8101696214211245,0.2051177945470352,0.1453810579359213,MRO-40022;MRO-50009;MRO-10047,MRO-50009;MRO-10047;MRO-80001,EOT Crane,DHR-03,test,12,caution,risk,approved_on_validation,우선 점검 후보
2024-09-05,AST-5007,A2,5,5.762831322411333,0.0900352867556876,0.0556416126333007,MRO-10046;MRO-50009;MRO-10047,MRO-10046;MRO-50009;MRO-10047,EOT Crane,PUN-01,test,12,caution,caution,approved_on_validation,우선 점검 후보
2024-09-06,AST-1041,A2,6,6.411417526998451,0.1203182073073526,0.0782635519789342,MRO-50009;MRO-40022;MRO-10045,MRO-50009;MRO-10045;MRO-80001,CNC Lathe,PUN-01,test,12,risk,risk,approved_on_validation,우선 점검 후보
2024-09-06,AST-1042,A2,4,6.276844236964649,0.1160939563880816,0.0743466917645035,MRO-10046;MRO-50009;MRO-10045,MRO-10046;MRO-50009;MRO-10045,CNC Lathe,PUN-01,test,12,caution,risk,approved_on_validation,우선 점검 후보
2024-09-06,AST-2017,A2,18,8.222797126971628,0.2363089225053534,0.1703801457766357,MRO-80001;MRO-10046;MRO-10045,MRO-80001;MRO-10046;MRO-10045,Hydraulic Press,PUN-01,test,12,high_risk,risk,approved_on_validation,우선 점검 후보
2024-09-06,AST-2031,A2,4,7.719320474721555,0.202324664505593,0.1428061642178933,MRO-10046;MRO-50009;MRO-10047,MRO-10046;MRO-50009;MRO-10047,Hydraulic Press,CHN-02,test,12,caution,risk,approved_on_validation,우선 점검 후보
2024-09-06,AST-3008,A2,6,7.303388844421546,0.1717025176355957,0.1201038391160988,MRO-20031;MRO-10047;MRO-80001,MRO-20031;MRO-10047;MRO-80001,Belt Conveyor,CHN-02,test,12,risk,risk,approved_on_validation,우선 점검 후보
2024-09-06,AST-3019,A2,6,8.493012260928824,0.2411914053126889,0.1800956259668232,MRO-30012;MRO-80002;MRO-70004,MRO-80001;MRO-10046;MRO-10045,Belt Conveyor,CHN-02,test,12,risk,risk,approved_on_validation,우선 점검 후보
2024-09-06,AST-4055,A2,15,8.22150806529526,0.2347875271078825,0.1705191519484765,MRO-10046;MRO-80001;MRO-10045,MRO-10046;MRO-80001;MRO-10045,Screw Compressor,DHR-03,test,12,high_risk,risk,approved_on_validation,우선 점검 후보
2024-09-06,AST-4061,A2,7,6.688664371379024,0.1383748415168485,0.0911689131871679,MRO-20031;MRO-50009;MRO-10046,MRO-20031;MRO-50009;MRO-10046,Screw Compressor,DHR-03,test,12,risk,risk,approved_on_validation,우선 점검 후보
2024-09-06,AST-5003,A2,8,8.189483048511791,0.2303512497004166,0.1666308733812736,MRO-40022;MRO-10046;MRO-80001,MRO-10046;MRO-80001;MRO-10045,EOT Crane,DHR-03,test,12,risk,risk,approved_on_validation,우선 점검 후보
2024-09-06,AST-5007,A2,10,5.532375702897465,0.0790850489371706,0.047846396415714,MRO-50009;MRO-10046;MRO-20031,MRO-50009;MRO-10046;MRO-20031,EOT Crane,PUN-01,test,12,risk,caution,approved_on_validation,우선 점검 후보
2024-09-07,AST-1041,A2,0,0.0033181186828874,7.839131463128925e-12,7.882021162420401e-15,MRO-10046;MRO-80001;MRO-70004,MRO-10046;MRO-80001;MRO-10045,CNC Lathe,PUN-01,test,12,normal,normal,approved_on_validation,우선 점검 후보
2024-09-07,AST-1042,A2,0,0.0032355782972181,6.55665044758353e-12,6.636839087721773e-15,MRO-10045;MRO-10046;MRO-10047,MRO-10045;MRO-10046;MRO-10047,CNC Lathe,PUN-01,test,12,normal,normal,approved_on_validation,우선 점검 후보
2024-09-07,AST-2017,A2,0,0.0032845317923283,7.038394512323696e-12,7.166304822270331e-15,MRO-80001;MRO-10045;MRO-20031,MRO-80001;MRO-10045;MRO-20031,Hydraulic Press,PUN-01,test,12,normal,normal,approved_on_validation,우선 점검 후보
2024-09-07,AST-2031,A2,0,0.0032136253471013,6.5216611943225116e-12,6.5380420199937905e-15,MRO-10045;MRO-10046;MRO-10047,MRO-10045;MRO-10046;MRO-10047,Hydraulic Press,CHN-02,test,12,normal,normal,approved_on_validation,우선 점검 후보
2024-09-07,AST-3008,A2,0,0.0032354227979316,6.598195571348586e-12,6.6303032752224105e-15,MRO-30011;MRO-10046;MRO-10047,MRO-10046;MRO-10047;MRO-20031,Belt Conveyor,CHN-02,test,12,normal,normal,approved_on_validation,우선 점검 후보
2024-09-07,AST-3019,A2,0,0.0032415197420058,6.680511929821577e-12,6.7585869863220754e-15,MRO-10046;MRO-20032;MRO-70004,MRO-10046;MRO-10047;MRO-20031,Belt Conveyor,CHN-02,test,12,normal,normal,approved_on_validation,우선 점검 후보
2024-09-07,AST-4055,A2,0,0.0033047894173446,6.59466199139926e-12,6.897114368891177e-15,MRO-30011;MRO-30012;MRO-10045,MRO-10045;MRO-10046;MRO-10047,Screw Compressor,DHR-03,test,12,normal,normal,approved_on_validation,우선 점검 후보
2024-09-07,AST-4061,A2,0,0.0032648599728575,6.703818672226021e-12,6.861855214764169e-15,MRO-60016;MRO-20032;MRO-80001,MRO-80001;MRO-10045;MRO-10046,Screw Compressor,DHR-03,test,12,normal,normal,approved_on_validation,우선 점검 후보
2024-09-07,AST-5003,A2,0,0.0032461232622568,6.6156772018503105e-12,6.720050653338325e-15,MRO-10046;MRO-10047;MRO-20031,MRO-10046;MRO-10047;MRO-20031,EOT Crane,DHR-03,test,12,normal,normal,approved_on_validation,우선 점검 후보
2024-09-07,AST-5007,A2,0,0.0032860707411157,7.127357220089314e-12,7.225942254292578e-15,MRO-20031;MRO-70005;MRO-10047,MRO-20031;MRO-10047;MRO-80001,EOT Crane,PUN-01,test,12,normal,normal,approved_on_validation,우선 점검 후보
2024-09-08,AST-1041,A2,0,0.0030781278517214,6.446536538007407e-12,5.871208461773654e-15,MRO-10046;MRO-70004;MRO-10045,MRO-10046;MRO-10045;MRO-10047,CNC Lathe,PUN-01,test,12,normal,normal,approved_on_validation,우선 점검 후보
2024-09-08,AST-1042,A2,0,0.003236909966666,6.567299424430794e-12,6.649714867763061e-15,MRO-10045;MRO-10046;MRO-10047,MRO-10045;MRO-10046;MRO-10047,CNC Lathe,PUN-01,test,12,normal,normal,approved_on_validation,우선 점검 후보
2024-09-08,AST-2017,A2,0,0.0033382006327813,7.262308036192648e-12,7.540576907129053e-15,MRO-10045;MRO-20031;MRO-30011,MRO-10045;MRO-20031;MRO-80001,Hydraulic Press,PUN-01,test,12,normal,normal,approved_on_validation,우선 점검 후보
2024-09-08,AST-2031,A2,0,0.0032440230407604,6.755328629754141e-12,6.812406825830016e-15,MRO-80001;MRO-10045;MRO-10046,MRO-80001;MRO-10045;MRO-10046,Hydraulic Press,CHN-02,test,12,normal,normal,approved_on_validation,우선 점검 후보
2024-09-08,AST-3008,A2,0,0.0032812602643468,5.755227556659324e-12,6.1329864120296825e-15,MRO-30011;MRO-20032;MRO-60015,MRO-20031;MRO-30011;MRO-10046,Belt Conveyor,CHN-02,test,12,normal,normal,approved_on_validation,우선 점검 후보
2024-09-08,AST-3019,A2,0,0.0032196218232949,6.526342068303302e-12,6.5411063474864456e-15,MRO-10045;MRO-10047;MRO-20031,MRO-10045;MRO-10047;MRO-20031,Belt Conveyor,CHN-02,test,12,normal,normal,approved_on_validation,우선 점검 후보
2024-09-08,AST-4055,A2,0,0.0032442271606604,6.6006737939340234e-12,6.7030259565413635e-15,MRO-10045;MRO-10046;MRO-10047,MRO-10045;MRO-10046;MRO-10047,Screw Compressor,DHR-03,test,12,normal,normal,approved_on_validation,우선 점검 후보
2024-09-08,AST-4061,A2,0,0.0032245925418024,6.441090918864324e-12,6.512659539473988e-15,MRO-10045;MRO-10046;MRO-10047,MRO-10045;MRO-10046;MRO-10047,Screw Compressor,DHR-03,test,12,normal,normal,approved_on_validation,우선 점검 후보
2024-09-08,AST-5003,A2,0,0.0032241471454978,6.5269326017633235e-12,6.55880181361493e-15,MRO-10045;MRO-10046;MRO-10047,MRO-10045;MRO-10046;MRO-10047,EOT Crane,DHR-03,test,12,normal,normal,approved_on_validation,우선 점검 후보
2024-09-08,AST-5007,A2,0,0.0032080238310611,6.328256626360834e-12,6.36528627811984e-15,MRO-10045;MRO-10046;MRO-20031,MRO-10045;MRO-10046;MRO-20031,EOT Crane,PUN-01,test,12,normal,normal,approved_on_validation,우선 점검 후보
2024-09-09,AST-1041,A2,11,7.843287853261856,0.2108359469061152,0.1490858253188486,MRO-50009;MRO-10047;MRO-20031,MRO-50009;MRO-10047;MRO-20031,CNC Lathe,PUN-01,test,12,risk,risk,approved_on_validation,우선 점검 후보
2024-09-09,AST-1042,A2,8,6.504314324300072,0.1255017985686013,0.082751089655812,MRO-10045;MRO-20033;MRO-40022,MRO-10045;MRO-10046;MRO-50009,CNC Lathe,PUN-01,test,12,risk,risk,approved_on_validation,우선 점검 후보
2024-09-09,AST-2017,A2,16,8.357315181034199,0.245515656778537,0.1778697865730585,MRO-10045;MRO-10047;MRO-20031,MRO-10045;MRO-10047;MRO-20031,Hydraulic Press,PUN-01,test,12,high_risk,risk,approved_on_validation,우선 점검 후보
2024-09-09,AST-2031,A2,2,7.451439825623268,0.1831541215473257,0.126977371551466,MRO-50009;MRO-10047;MRO-10046,MRO-50009;MRO-10047;MRO-10046,Hydraulic Press,CHN-02,test,12,caution,risk,approved_on_validation,우선 점검 후보
2024-09-09,AST-3008,A2,8,6.479229964774787,0.1250095279424553,0.0831704322175229,MRO-10047;MRO-20031;MRO-80001,MRO-10047;MRO-20031;MRO-80001,Belt Conveyor,CHN-02,test,12,risk,risk,approved_on_validation,우선 점검 후보
2024-09-09,AST-3019,A2,3,5.727445939023451,0.088306451229423,0.055404828757404,MRO-10046;MRO-10045;MRO-20031,MRO-10046;MRO-10045;MRO-20031,Belt Conveyor,CHN-02,test,12,caution,caution,approved_on_validation,우선 점검 후보
2024-09-09,AST-4055,A2,2,7.824677159084711,0.2078908508636102,0.1464181166680951,MRO-60015;MRO-20031;MRO-10046,MRO-20031;MRO-10046;MRO-10045,Screw Compressor,DHR-03,test,12,caution,risk,approved_on_validation,우선 점검 후보
2024-09-09,AST-4061,A2,4,6.831398161200586,0.1425950383491668,0.0971569568882108,MRO-10045;MRO-20031;MRO-50009,MRO-10045;MRO-20031;MRO-50009,Screw Compressor,DHR-03,test,12,caution,risk,approved_on_validation,우선 점검 후보
2024-09-09,AST-5003,A2,9,7.313409871912499,0.173624685654358,0.119934864538256,MRO-20031;MRO-10045;MRO-50009,MRO-20031;MRO-10045;MRO-50009,EOT Crane,DHR-03,test,12,risk,risk,approved_on_validation,우선 점검 후보
2024-09-09,AST-5007,A2,3,5.547059845026215,0.0791694180331774,0.0481914502777329,MRO-80002;MRO-10047;MRO-80001,MRO-10047;MRO-80001;MRO-20031,EOT Crane,PUN-01,test,12,caution,caution,approved_on_validation,우선 점검 후보
2024-09-10,AST-1041,A2,0,6.74390280998456,0.1411485379336215,0.0943488985637682,MRO-50009;MRO-20031;MRO-80001,MRO-50009;MRO-20031;MRO-80001,CNC Lathe,PUN-01,test,12,normal,risk,approved_on_validation,우선 점검 후보
2024-09-10,AST-1042,A2,4,6.347496018028588,0.1180590259217617,0.0770600063530296,MRO-80001;MRO-50009;MRO-10046,MRO-80001;MRO-50009;MRO-10046,CNC Lathe,PUN-01,test,12,caution,risk,approved_on_validation,우선 점검 후보
2024-09-10,AST-2017,A2,6,8.19893151260178,0.2337649198138785,0.1680408442922283,MRO-10047;MRO-10046;MRO-20031,MRO-10047;MRO-10046;MRO-20031,Hydraulic Press,PUN-01,test,12,risk,risk,approved_on_validation,우선 점검 후보
2024-09-10,AST-2031,A2,10,7.356194864069892,0.1758226567870342,0.1224268154585617,MRO-50009;MRO-80001;MRO-10047,MRO-50009;MRO-80001;MRO-10047,Hydraulic Press,CHN-02,test,12,risk,risk,approved_on_validation,우선 점검 후보
2024-09-10,AST-3008,A2,8,6.309771464228712,0.1175951411587788,0.0760740469846772,MRO-80001;MRO-10045;MRO-10046,MRO-80001;MRO-10045;MRO-10046,Belt Conveyor,CHN-02,test,12,risk,risk,approved_on_validation,우선 점검 후보
2024-09-10,AST-3019,A2,4,10.009232225603158,0.3591859119174858,0.2853285196329805,MRO-80002;MRO-30012;MRO-30011,MRO-80001;MRO-10046;MRO-10045,Belt Conveyor,CHN-02,test,12,caution,risk,approved_on_validation,우선 점검 후보
2024-09-10,AST-4055,A2,1,7.723432131963009,0.2024012392625026,0.1412072407628985,MRO-10046;MRO-20031;MRO-10045,MRO-10046;MRO-20031;MRO-10045,Screw Compressor,DHR-03,test,12,caution,risk,approved_on_validation,우선 점검 후보
2024-09-10,AST-4061,A2,8,6.6293238910785375,0.1350305340774637,0.0889910630805029,MRO-10045;MRO-20031;MRO-50009,MRO-10045;MRO-20031;MRO-50009,Screw Compressor,DHR-03,test,12,risk,risk,approved_on_validation,우선 점검 후보
2024-09-10,AST-5003,A2,20,7.520836419314717,0.1867431493232182,0.130107320225585,MRO-50009;MRO-10045;MRO-20031,MRO-50009;MRO-10045;MRO-20031,EOT Crane,DHR-03,test,12,high_risk,risk,approved_on_validation,우선 점검 후보
2024-09-10,AST-5007,A2,5,5.39668586485898,0.0699257144273445,0.0423838998928129,MRO-80002;MRO-40022;MRO-30011,MRO-10047;MRO-80001;MRO-20031,EOT Crane,PUN-01,test,12,caution,caution,approved_on_validation,우선 점검 후보
2024-09-11,AST-1041,A2,5,6.802689819713626,0.1427378235872432,0.0963901388803376,MRO-80001;MRO-50009;MRO-10047,MRO-80001;MRO-50009;MRO-10047,CNC Lathe,PUN-01,test,12,caution,risk,approved_on_validation,우선 점검 후보
2024-09-11,AST-1042,A2,15,6.586119374638345,0.1311311741471433,0.0860817132207588,MRO-10045;MRO-20033;MRO-80001,MRO-10045;MRO-80001;MRO-50009,CNC Lathe,PUN-01,test,12,high_risk,risk,approved_on_validation,우선 점검 후보
2024-09-11,AST-2017,A2,5,8.820733723457154,0.2772400137129929,0.2062622143845657,MRO-80001;MRO-20031;MRO-40022,MRO-80001;MRO-20031;MRO-10045,Hydraulic Press,PUN-01,test,12,caution,risk,approved_on_validation,우선 점검 후보
2024-09-11,AST-2031,A2,6,7.126758644443291,0.16212214085014,0.1114375376242279,MRO-50009;MRO-10045;MRO-10047,MRO-50009;MRO-10045;MRO-10047,Hydraulic Press,CHN-02,test,12,risk,risk,approved_on_validation,우선 점검 후보
2024-09-11,AST-3008,A2,11,7.025020437460093,0.1543423162632805,0.1063592555257901,MRO-10046;MRO-80001;MRO-20032,MRO-10046;MRO-80001;MRO-10047,Belt Conveyor,CHN-02,test,12,risk,risk,approved_on_validation,우선 점검 후보
2024-09-11,AST-3019,A2,4,6.085107218784382,0.1027551101548901,0.0665795936755991,MRO-70004;MRO-10046;MRO-10045,MRO-10046;MRO-10045;MRO-20031,Belt Conveyor,CHN-02,test,12,caution,risk,approved_on_validation,우선 점검 후보
2024-09-11,AST-4055,A2,13,8.166249725535573,0.231645610787627,0.1657595924084468,MRO-20031;MRO-10045;MRO-10046,MRO-20031;MRO-10045;MRO-10046,Screw Compressor,DHR-03,test,12,high_risk,risk,approved_on_validation,우선 점검 후보
2024-09-11,AST-4061,A2,0,6.870703771857974,0.1470140883589114,0.0992083811594835,MRO-10045;MRO-10046;MRO-40022,MRO-10045;MRO-10046;MRO-80001,Screw Compressor,DHR-03,test,12,normal,risk,approved_on_validation,우선 점검 후보
2024-09-11,AST-5003,A2,4,7.377457416481811,0.1770717461970887,0.1223377544122212,MRO-20031;MRO-80001;MRO-10047,MRO-20031;MRO-80001;MRO-10047,EOT Crane,DHR-03,test,12,caution,risk,approved_on_validation,우선 점검 후보
2024-09-11,AST-5007,A2,10,5.65473025293549,0.0835415122885113,0.0519105088606264,MRO-10047;MRO-80001;MRO-10045,MRO-10047;MRO-80001;MRO-10045,EOT Crane,PUN-01,test,12,risk,caution,approved_on_validation,우선 점검 후보
2024-09-12,AST-1041,A2,12,6.188774750995122,0.1114490599481977,0.0713216099668493,MRO-80001;MRO-50009;MRO-20031,MRO-80001;MRO-50009;MRO-20031,CNC Lathe,PUN-01,test,12,high_risk,risk,approved_on_validation,우선 점검 후보
2024-09-12,AST-1042,A2,14,6.328179649377593,0.1181856691962526,0.0762743270476931,MRO-10047;MRO-50009;MRO-80001,MRO-10047;MRO-50009;MRO-80001,CNC Lathe,PUN-01,test,12,high_risk,risk,approved_on_validation,우선 점검 후보
2024-09-12,AST-2017,A2,4,8.385592379897167,0.2467878739496796,0.1801924996670777,MRO-80001;MRO-10045;MRO-10047,MRO-80001;MRO-10045;MRO-10047,Hydraulic Press,PUN-01,test,12,caution,risk,approved_on_validation,우선 점검 후보
2024-09-12,AST-2031,A2,13,7.526514029769792,0.1863364942283728,0.1310210754006358,MRO-10047;MRO-10045;MRO-20031,MRO-10047;MRO-10045;MRO-20031,Hydraulic Press,CHN-02,test,12,high_risk,risk,approved_on_validation,우선 점검 후보
2024-09-12,AST-3008,A2,4,6.646739303154029,0.1360987598627482,0.0897298877231585,MRO-80001;MRO-10046;MRO-10047,MRO-80001;MRO-10046;MRO-10047,Belt Conveyor,CHN-02,test,12,caution,risk,approved_on_validation,우선 점검 후보
2024-09-12,AST-3019,A2,6,5.728942099421066,0.087563464394533,0.0546078682958112,MRO-80001;MRO-30011;MRO-10045,MRO-80001;MRO-10045;MRO-20031,Belt Conveyor,CHN-02,test,12,risk,caution,approved_on_validation,우선 점검 후보
2024-09-12,AST-4055,A2,10,7.489133053947004,0.1873885615874236,0.1294468095600023,MRO-10045;MRO-10046;MRO-20031,MRO-10045;MRO-10046;MRO-20031,Screw Compressor,DHR-03,test,12,risk,risk,approved_on_validation,우선 점검 후보
2024-09-12,AST-4061,A2,7,6.768759764972059,0.1426685678896602,0.094235095543414,MRO-80001;MRO-20031;MRO-10047,MRO-80001;MRO-20031;MRO-10047,Screw Compressor,DHR-03,test,12,risk,risk,approved_on_validation,우선 점검 후보
2024-09-12,AST-5003,A2,10,8.211855158534473,0.2339298588119038,0.1679701958950137,MRO-50009;MRO-10045;MRO-20031,MRO-50009;MRO-10045;MRO-20031,EOT Crane,DHR-03,test,12,risk,risk,approved_on_validation,우선 점검 후보
2024-09-12,AST-5007,A2,12,4.88907722349974,0.0527138716461024,0.030409759192671,MRO-40022;MRO-40021;MRO-50009,MRO-50009;MRO-80001;MRO-10047,EOT Crane,PUN-01,test,12,high_risk,caution,approved_on_validation,우선 점검 후보
2024-09-13,AST-1041,A2,8,6.518059598473176,0.1266265522744848,0.0842091618143793,MRO-20031;MRO-80001;MRO-10046,MRO-20031;MRO-80001;MRO-10046,CNC Lathe,PUN-01,test,12,risk,risk,approved_on_validation,우선 점검 후보
2024-09-13,AST-1042,A2,10,8.750576115617712,0.2692244741015193,0.2019792523173869,MRO-80001;MRO-10045;MRO-30012,MRO-80001;MRO-10045;MRO-10047,CNC Lathe,PUN-01,test,12,risk,risk,approved_on_validation,우선 점검 후보
2024-09-13,AST-2017,A2,10,7.858047855493666,0.2115154129857558,0.1497003587024963,MRO-80001;MRO-10045;MRO-10047,MRO-80001;MRO-10045;MRO-10047,Hydraulic Press,PUN-01,test,12,risk,risk,approved_on_validation,우선 점검 후보
2024-09-13,AST-2031,A2,5,6.654051221075669,0.1381791033192938,0.0893120539398062,MRO-10046;MRO-80001;MRO-10047,MRO-10046;MRO-80001;MRO-10047,Hydraulic Press,CHN-02,test,12,caution,risk,approved_on_validation,우선 점검 후보
2024-09-13,AST-3008,A2,3,7.2748450462726275,0.1677714174835922,0.1184859187299211,MRO-50008;MRO-90011;MRO-50009,MRO-50009;MRO-80001;MRO-10046,Belt Conveyor,CHN-02,test,12,caution,risk,approved_on_validation,우선 점검 후보
2024-09-13,AST-3019,A2,6,6.479911088127984,0.1216821305524082,0.0805714838410725,MRO-20031;MRO-80001;MRO-20033,MRO-20031;MRO-80001;MRO-10046,Belt Conveyor,CHN-02,test,12,risk,risk,approved_on_validation,우선 점검 후보
2024-09-13,AST-4055,A2,12,8.505735589919636,0.2563862329939971,0.1864238112214901,MRO-80001;MRO-10045;MRO-20031,MRO-80001;MRO-10045;MRO-20031,Screw Compressor,DHR-03,test,12,high_risk,risk,approved_on_validation,우선 점검 후보
2024-09-13,AST-4061,A2,11,6.53109110963113,0.1298675206638201,0.08437654589861,MRO-20031;MRO-80001;MRO-10047,MRO-20031;MRO-80001;MRO-10047,Screw Compressor,DHR-03,test,12,risk,risk,approved_on_validation,우선 점검 후보
2024-09-13,AST-5003,A2,8,8.281885645557935,0.2400613394183463,0.1736874790606506,MRO-10047;MRO-10045;MRO-50009,MRO-10047;MRO-10045;MRO-50009,EOT Crane,DHR-03,test,12,risk,risk,approved_on_validation,우선 점검 후보
2024-09-13,AST-5007,A2,4,6.270303061244091,0.1157563290283896,0.0742270212346021,MRO-50009;MRO-10047;MRO-80001,MRO-50009;MRO-10047;MRO-80001,EOT Crane,PUN-01,test,12,caution,risk,approved_on_validation,우선 점검 후보
2024-09-14,AST-1041,A2,0,0.0031306905089843,6.857378333256292e-12,6.297640179722793e-15,MRO-80001;MRO-10046;MRO-10047,MRO-80001;MRO-10046;MRO-10047,CNC Lathe,PUN-01,test,12,normal,normal,approved_on_validation,우선 점검 후보
2024-09-14,AST-1042,A2,0,0.0031509593493655,5.725745940914944e-12,5.746975545594097e-15,MRO-10046;MRO-10047;MRO-20031,MRO-10046;MRO-10047;MRO-20031,CNC Lathe,PUN-01,test,12,normal,normal,approved_on_validation,우선 점검 후보
2024-09-14,AST-2017,A2,0,0.0036843498985482,1.094202540711738e-11,1.1839707977376424e-14,MRO-80001;MRO-90012;MRO-40021,MRO-80001;MRO-10046;MRO-50009,Hydraulic Press,PUN-01,test,12,normal,normal,approved_on_validation,우선 점검 후보
2024-09-14,AST-2031,A2,0,0.0034771354490407,1.0172327644935868e-11,1.0160946789292404e-14,MRO-10045;MRO-80001;MRO-10046,MRO-10045;MRO-80001;MRO-10046,Hydraulic Press,CHN-02,test,12,normal,normal,approved_on_validation,우선 점검 후보
2024-09-14,AST-3008,A2,0,0.0031808228245732,6.4950252312645766e-12,6.3789240166188286e-15,MRO-10045;MRO-10047;MRO-20031,MRO-10045;MRO-10047;MRO-20031,Belt Conveyor,CHN-02,test,12,normal,normal,approved_on_validation,우선 점검 후보
2024-09-14,AST-3019,A2,0,0.0033000732373756,7.032601854456822e-12,7.20854795122823e-15,MRO-60016;MRO-20031;MRO-10046,MRO-20031;MRO-10046;MRO-10047,Belt Conveyor,CHN-02,test,12,normal,normal,approved_on_validation,우선 점검 후보
2024-09-14,AST-4055,A2,0,0.0032470624853761,6.613524353025068e-12,6.723087224898919e-15,MRO-10045;MRO-10046;MRO-50009,MRO-10045;MRO-10046;MRO-50009,Screw Compressor,DHR-03,test,12,normal,normal,approved_on_validation,우선 점검 후보
2024-09-14,AST-4061,A2,0,0.0032315486810169,6.8486102041610666e-12,6.829667768483343e-15,MRO-20031;MRO-80001;MRO-10047,MRO-20031;MRO-80001;MRO-10047,Screw Compressor,DHR-03,test,12,normal,normal,approved_on_validation,우선 점검 후보
2024-09-14,AST-5003,A2,0,0.0031768525671828,5.464560361056625e-12,5.715343670138957e-15,MRO-70004;MRO-10047;MRO-80001,MRO-10047;MRO-80001;MRO-10045,EOT Crane,DHR-03,test,12,normal,normal,approved_on_validation,우선 점검 후보
2024-09-14,AST-5007,A2,0,0.0033145466577967,6.6415919967676356e-12,7.040853418078168e-15,MRO-60015;MRO-70004;MRO-10046,MRO-10046;MRO-10047;MRO-50009,EOT Crane,PUN-01,test,12,normal,normal,approved_on_validation,우선 점검 후보
2024-09-15,AST-1041,A2,0,0.0031308287179922,6.893834066559442e-12,6.3088809704205606e-15,MRO-80001;MRO-10045;MRO-10046,MRO-80001;MRO-10045;MRO-10046,CNC Lathe,PUN-01,test,12,normal,normal,approved_on_validation,우선 점검 후보
2024-09-15,AST-1042,A2,0,0.0030868310464781,6.370604378367834e-12,5.877551425581857e-15,MRO-50009;MRO-10046;MRO-10047,MRO-50009;MRO-10046;MRO-10047,CNC Lathe,PUN-01,test,12,normal,normal,approved_on_validation,우선 점검 후보
2024-09-15,AST-2017,A2,0,0.0032324458121873,6.522908917678165e-12,6.6011214688891584e-15,MRO-10045;MRO-10046;MRO-10047,MRO-10045;MRO-10046;MRO-10047,Hydraulic Press,PUN-01,test,12,normal,normal,approved_on_validation,우선 점검 후보
2024-09-15,AST-2031,A2,0,0.0032425870563318,6.805684477048305e-12,6.839218150051211e-15,MRO-10046;MRO-10045;MRO-20031,MRO-10046;MRO-10045;MRO-20031,Hydraulic Press,CHN-02,test,12,normal,normal,approved_on_validation,우선 점검 후보
2024-09-15,AST-3008,A2,0,0.0033112531301668,6.5114490388762746e-12,6.809476144263037e-15,MRO-30011;MRO-10045;MRO-10046,MRO-10045;MRO-10046;MRO-10047,Belt Conveyor,CHN-02,test,12,normal,normal,approved_on_validation,우선 점검 후보
2024-09-15,AST-3019,A2,0,0.0031308151843113,5.943747672037204e-12,5.821034534427928e-15,MRO-10045;MRO-10047;MRO-20031,MRO-10045;MRO-10047;MRO-20031,Belt Conveyor,CHN-02,test,12,normal,normal,approved_on_validation,우선 점검 후보
2024-09-15,AST-4055,A2,0,0.0033154801114205,6.404616307642875e-12,6.766099184249321e-15,MRO-60016;MRO-20031;MRO-10046,MRO-20031;MRO-10046;MRO-50009,Screw Compressor,DHR-03,test,12,normal,normal,approved_on_validation,우선 점검 후보
2024-09-15,AST-4061,A2,0,0.0032133323978475,6.182646190203811e-12,6.297400310222712e-15,MRO-70004;MRO-10045;MRO-10047,MRO-10045;MRO-10047;MRO-20031,Screw Compressor,DHR-03,test,12,normal,normal,approved_on_validation,우선 점검 후보
2024-09-15,AST-5003,A2,0,0.0031897755450682,6.088143236886841e-12,6.118312792115557e-15,MRO-10045;MRO-10047;MRO-20031,MRO-10045;MRO-10047;MRO-20031,EOT Crane,DHR-03,test,12,normal,normal,approved_on_validation,우선 점검 후보
2024-09-15,AST-5007,A2,0,0.0032499332197741,6.654832071901632e-12,6.761980496483804e-15,MRO-10045;MRO-10046;MRO-10047,MRO-10045;MRO-10046;MRO-10047,EOT Crane,PUN-01,test,12,normal,normal,approved_on_validation,우선 점검 후보
2024-09-16,AST-1041,A2,6,6.1173755530369665,0.1073368737654313,0.0684458453369916,MRO-10046;MRO-50009;MRO-20031,MRO-10046;MRO-50009;MRO-20031,CNC Lathe,PUN-01,test,12,risk,risk,approved_on_validation,우선 점검 후보
2024-09-16,AST-1042,A2,6,6.547882930944085,0.1297289962457891,0.084449100431134,MRO-20033;MRO-20031;MRO-10046,MRO-20031;MRO-10046;MRO-10047,CNC Lathe,PUN-01,test,12,risk,risk,approved_on_validation,우선 점검 후보
2024-09-16,AST-2017,A2,4,8.287611078356944,0.2403780838246268,0.1741619839681405,MRO-80001;MRO-50009;MRO-10045,MRO-80001;MRO-50009;MRO-10045,Hydraulic Press,PUN-01,test,12,caution,risk,approved_on_validation,우선 점검 후보
2024-09-16,AST-2031,A2,21,7.275531355161321,0.1722130740203122,0.1176347889217118,MRO-80001;MRO-10045;MRO-10047,MRO-80001;MRO-10045;MRO-10047,Hydraulic Press,CHN-02,test,12,high_risk,risk,approved_on_validation,우선 점검 후보
2024-09-16,AST-3008,A2,0,6.462862182424663,0.1234327700681023,0.0816658098206261,MRO-80001;MRO-10046;MRO-70004,MRO-80001;MRO-10046;MRO-20031,Belt Conveyor,CHN-02,test,12,normal,risk,approved_on_validation,우선 점검 후보
2024-09-16,AST-3019,A2,4,5.602081871779439,0.0835917917310896,0.0515229999067889,MRO-10046;MRO-10045;MRO-80001,MRO-10046;MRO-10045;MRO-80001,Belt Conveyor,CHN-02,test,12,caution,caution,approved_on_validation,우선 점검 후보
2024-09-16,AST-4055,A2,1,8.795407571747623,0.2753283524509519,0.2055918169652117,MRO-20031;MRO-10047;MRO-10045,MRO-20031;MRO-10047;MRO-10045,Screw Compressor,DHR-03,test,12,caution,risk,approved_on_validation,우선 점검 후보
2024-09-16,AST-4061,A2,10,6.47131952622226,0.1249762023320434,0.0814777246038794,MRO-40022;MRO-10046;MRO-10045,MRO-10046;MRO-10045;MRO-10047,Screw Compressor,DHR-03,test,12,risk,risk,approved_on_validation,우선 점검 후보
2024-09-16,AST-5003,A2,9,7.55634419392158,0.194582712411917,0.1328086543151033,MRO-20031;MRO-10046;MRO-10045,MRO-20031;MRO-10046;MRO-10045,EOT Crane,DHR-03,test,12,risk,risk,approved_on_validation,우선 점검 후보
2024-09-16,AST-5007,A2,0,6.650086347268588,0.1327613088758369,0.0883922810670883,MRO-10046;MRO-20031;MRO-10045,MRO-10046;MRO-20031;MRO-10045,EOT Crane,PUN-01,test,12,normal,risk,approved_on_validation,우선 점검 후보
2024-09-17,AST-1041,A2,6,14.053058032603651,0.6775672658818698,0.594884895829485,MRO-50009;MRO-80001;MRO-10047,MRO-50009;MRO-80001;MRO-10047,CNC Lathe,PUN-01,test,12,risk,high_risk,approved_on_validation,우선 점검 후보
2024-09-17,AST-1042,A2,2,6.440777959659755,0.1227454248863925,0.0807752008920154,MRO-80001;MRO-20031;MRO-10045,MRO-80001;MRO-20031;MRO-10045,CNC Lathe,PUN-01,test,12,caution,risk,approved_on_validation,우선 점검 후보
2024-09-17,AST-2017,A2,0,8.19176919797002,0.2335136279174845,0.168643891914155,MRO-50009;MRO-80001;MRO-10047,MRO-50009;MRO-80001;MRO-10047,Hydraulic Press,PUN-01,test,12,normal,risk,approved_on_validation,우선 점검 후보
2024-09-17,AST-2031,A2,6,7.2313425313280995,0.1676907551875958,0.1159694708677125,MRO-50009;MRO-10045;MRO-40022,MRO-50009;MRO-10045;MRO-10047,Hydraulic Press,CHN-02,test,12,risk,risk,approved_on_validation,우선 점검 후보
2024-09-17,AST-3008,A2,15,6.248412456461302,0.1119060339791068,0.0734933946730069,MRO-10046;MRO-80001;MRO-10045,MRO-10046;MRO-80001;MRO-10045,Belt Conveyor,CHN-02,test,12,high_risk,risk,approved_on_validation,우선 점검 후보
2024-09-17,AST-3019,A2,4,6.553552909078574,0.1298435739865661,0.0847373411237053,MRO-10046;MRO-10045;MRO-80001,MRO-10046;MRO-10045;MRO-80001,Belt Conveyor,CHN-02,test,12,caution,risk,approved_on_validation,우선 점검 후보
2024-09-17,AST-4055,A2,13,7.7611127116635314,0.2046243213221673,0.1433968522343987,MRO-10046;MRO-10047;MRO-80001,MRO-10046;MRO-10047;MRO-80001,Screw Compressor,DHR-03,test,12,high_risk,risk,approved_on_validation,우선 점검 후보
2024-09-17,AST-4061,A2,8,9.884085472877082,0.3578913866749988,0.2789758159991011,MRO-10046;MRO-40022;MRO-20031,MRO-10046;MRO-20031;MRO-10045,Screw Compressor,DHR-03,test,12,risk,risk,approved_on_validation,우선 점검 후보
2024-09-17,AST-5003,A2,5,9.633774622314702,0.3383009349662993,0.2604845471049953,MRO-30011;MRO-20031;MRO-80001,MRO-20031;MRO-80001;MRO-10045,EOT Crane,DHR-03,test,12,caution,risk,approved_on_validation,우선 점검 후보
2024-09-17,AST-5007,A2,10,5.760538869787408,0.089359695918329,0.0553142675178102,MRO-10046;MRO-50009;MRO-10047,MRO-10046;MRO-50009;MRO-10047,EOT Crane,PUN-01,test,12,risk,caution,approved_on_validation,우선 점검 후보
2024-09-18,AST-1041,A2,6,7.743776223684813,0.2033954222793585,0.1451206147333256,MRO-80001;MRO-10045;MRO-20031,MRO-80001;MRO-10045;MRO-20031,CNC Lathe,PUN-01,test,12,risk,risk,approved_on_validation,우선 점검 후보
2024-09-18,AST-1042,A2,10,6.597175562741037,0.1309702197115818,0.0867067716105474,MRO-80001;MRO-10045;MRO-10047,MRO-80001;MRO-10045;MRO-10047,CNC Lathe,PUN-01,test,12,risk,risk,approved_on_validation,우선 점검 후보
2024-09-18,AST-2017,A2,0,7.8806707016547985,0.2126469119930769,0.1503983646263757,MRO-80001;MRO-10047;MRO-50009,MRO-80001;MRO-10047;MRO-50009,Hydraulic Press,PUN-01,test,12,normal,risk,approved_on_validation,우선 점검 후보
2024-09-18,AST-2031,A2,6,7.439391046663943,0.184310204129857,0.1273844263263812,MRO-80001;MRO-50009;MRO-10046,MRO-80001;MRO-50009;MRO-10046,Hydraulic Press,CHN-02,test,12,risk,risk,approved_on_validation,우선 점검 후보
2024-09-18,AST-3008,A2,7,6.617331271021357,0.1336649902704152,0.0887406857539457,MRO-20031;MRO-50009;MRO-10046,MRO-20031;MRO-50009;MRO-10046,Belt Conveyor,CHN-02,test,12,risk,risk,approved_on_validation,우선 점검 후보
2024-09-18,AST-3019,A2,0,6.075132449412444,0.1037561367654912,0.0664078324865774,MRO-20031;MRO-10046;MRO-10045,MRO-20031;MRO-10046;MRO-10045,Belt Conveyor,CHN-02,test,12,normal,risk,approved_on_validation,우선 점검 후보
2024-09-18,AST-4055,A2,11,7.877519340887241,0.2118039912838746,0.1485789559300855,MRO-10047;MRO-80001;MRO-10046,MRO-10047;MRO-80001;MRO-10046,Screw Compressor,DHR-03,test,12,risk,risk,approved_on_validation,우선 점검 후보
2024-09-18,AST-4061,A2,2,6.525437289362507,0.1288415326733778,0.0844327416028691,MRO-10047;MRO-80001;MRO-50009,MRO-10047;MRO-80001;MRO-50009,Screw Compressor,DHR-03,test,12,caution,risk,approved_on_validation,우선 점검 후보
2024-09-18,AST-5003,A2,12,7.665046653410148,0.1978551740577334,0.1375605944973371,MRO-50009;MRO-10045;MRO-10046,MRO-50009;MRO-10045;MRO-10046,EOT Crane,DHR-03,test,12,high_risk,risk,approved_on_validation,우선 점검 후보
2024-09-18,AST-5007,A2,7,5.491349634699281,0.0763472905871896,0.0467329522432131,MRO-40022;MRO-10046;MRO-20031,MRO-10046;MRO-20031;MRO-10045,EOT Crane,PUN-01,test,12,risk,caution,approved_on_validation,우선 점검 후보
2024-09-19,AST-1041,A2,5,9.581488056000053,0.335493842258839,0.2596071590166388,MRO-10046;MRO-10047;MRO-50009,MRO-10046;MRO-10047;MRO-50009,CNC Lathe,PUN-01,test,12,caution,risk,approved_on_validation,우선 점검 후보
2024-09-19,AST-1042,A2,8,6.861522989048496,0.1498280169166758,0.0987690526715106,MRO-10047;MRO-20031;MRO-20033,MRO-10047;MRO-20031;MRO-80001,CNC Lathe,PUN-01,test,12,risk,risk,approved_on_validation,우선 점검 후보
2024-09-19,AST-2017,A2,2,8.694297611376147,0.2642758269461275,0.2007015773948956,MRO-10047;MRO-50009;MRO-10045,MRO-10047;MRO-50009;MRO-10045,Hydraulic Press,PUN-01,test,12,caution,risk,approved_on_validation,우선 점검 후보
2024-09-19,AST-2031,A2,13,7.675885690982241,0.1989586651262133,0.1399733593017615,MRO-80001;MRO-10046;MRO-10047,MRO-80001;MRO-10046;MRO-10047,Hydraulic Press,CHN-02,test,12,high_risk,risk,approved_on_validation,우선 점검 후보
2024-09-19,AST-3008,A2,9,6.735903048607078,0.1435977749463645,0.0944004173088254,MRO-10045;MRO-20031;MRO-50009,MRO-10045;MRO-20031;MRO-50009,Belt Conveyor,CHN-02,test,12,risk,risk,approved_on_validation,우선 점검 후보
2024-09-19,AST-3019,A2,10,8.241359086116937,0.222984583894792,0.1652946782558987,MRO-70004;MRO-40021;MRO-40022,MRO-20031;MRO-10045;MRO-50009,Belt Conveyor,CHN-02,test,12,risk,risk,approved_on_validation,우선 점검 후보
2024-09-19,AST-4055,A2,12,7.877411488377701,0.2139141245669178,0.1491867744049418,MRO-10045;MRO-20031;MRO-10046,MRO-10045;MRO-20031;MRO-10046,Screw Compressor,DHR-03,test,12,high_risk,risk,approved_on_validation,우선 점검 후보
2024-09-19,AST-4061,A2,7,6.785935288876763,0.1438193684153249,0.095216394875692,MRO-10045;MRO-20031;MRO-50009,MRO-10045;MRO-20031;MRO-50009,Screw Compressor,DHR-03,test,12,risk,risk,approved_on_validation,우선 점검 후보
2024-09-19,AST-5003,A2,13,7.583473345622543,0.1913327982859346,0.1335989163752584,MRO-80001;MRO-10045;MRO-20031,MRO-80001;MRO-10045;MRO-20031,EOT Crane,DHR-03,test,12,high_risk,risk,approved_on_validation,우선 점검 후보
2024-09-19,AST-5007,A2,7,5.96845228393527,0.0995919570204207,0.0625833725885335,MRO-20031;MRO-10046;MRO-10045,MRO-20031;MRO-10046;MRO-10045,EOT Crane,PUN-01,test,12,risk,risk,approved_on_validation,우선 점검 후보
2024-09-20,AST-1041,A2,17,6.017583064072358,0.1020472147105173,0.06473689101522,MRO-20031;MRO-10045;MRO-80001,MRO-20031;MRO-10045;MRO-80001,CNC Lathe,PUN-01,test,12,high_risk,risk,approved_on_validation,우선 점검 후보
2024-09-20,AST-1042,A2,8,6.8282730551684985,0.1451565693377202,0.0965892874524936,MRO-20033;MRO-10047;MRO-20031,MRO-10047;MRO-20031;MRO-80001,CNC Lathe,PUN-01,test,12,risk,risk,approved_on_validation,우선 점검 후보
2024-09-20,AST-2017,A2,6,8.397421560668882,0.2490259928542056,0.1806805169917747,MRO-50009;MRO-10047;MRO-80001,MRO-50009;MRO-10047;MRO-80001,Hydraulic Press,PUN-01,test,12,risk,risk,approved_on_validation,우선 점검 후보
2024-09-20,AST-2031,A2,0,7.787327057790004,0.2056424459946692,0.1453518756325019,MRO-10046;MRO-20031;MRO-10045,MRO-10046;MRO-20031;MRO-10045,Hydraulic Press,CHN-02,test,12,normal,risk,approved_on_validation,우선 점검 후보
2024-09-20,AST-3008,A2,1,6.340339677717577,0.1179234839514912,0.0769415877224655,MRO-20031;MRO-50009;MRO-10046,MRO-20031;MRO-50009;MRO-10046,Belt Conveyor,CHN-02,test,12,caution,risk,approved_on_validation,우선 점검 후보
2024-09-20,AST-3019,A2,0,5.940823891283889,0.098018094057075,0.062079658310577,MRO-10046;MRO-80001;MRO-20031,MRO-10046;MRO-80001;MRO-20031,Belt Conveyor,CHN-02,test,12,normal,risk,approved_on_validation,우선 점검 후보
2024-09-20,AST-4055,A2,6,8.573682992719252,0.2613230892107858,0.1909813702742314,MRO-80001;MRO-10045;MRO-20031,MRO-80001;MRO-10045;MRO-20031,Screw Compressor,DHR-03,test,12,risk,risk,approved_on_validation,우선 점검 후보
2024-09-20,AST-4061,A2,18,6.627193480502776,0.1354506500306404,0.0889021338534981,MRO-10045;MRO-10046;MRO-20031,MRO-10045;MRO-10046;MRO-20031,Screw Compressor,DHR-03,test,12,high_risk,risk,approved_on_validation,우선 점검 후보
2024-09-20,AST-5003,A2,13,9.441141160339114,0.3229857186867786,0.2488761112646826,MRO-10046;MRO-80001;MRO-10047,MRO-10046;MRO-80001;MRO-10047,EOT Crane,DHR-03,test,12,high_risk,risk,approved_on_validation,우선 점검 후보
2024-09-20,AST-5007,A2,4,5.352070990557829,0.0711206953339899,0.0421315599416515,MRO-40022;MRO-80001;MRO-10046,MRO-80001;MRO-10046;MRO-10045,EOT Crane,PUN-01,test,12,caution,caution,approved_on_validation,우선 점검 후보
2024-09-21,AST-1041,A2,0,0.0032249378142748,6.4920923741034746e-12,6.540534206969764e-15,MRO-20031;MRO-80001;MRO-20033,MRO-20031;MRO-80001;MRO-10046,CNC Lathe,PUN-01,test,12,normal,normal,approved_on_validation,우선 점검 후보
2024-09-21,AST-1042,A2,0,0.003191423472914,6.0348792771739314e-12,6.099597034791188e-15,MRO-10045;MRO-10046;MRO-80001,MRO-10045;MRO-10046;MRO-80001,CNC Lathe,PUN-01,test,12,normal,normal,approved_on_validation,우선 점검 후보
2024-09-21,AST-2017,A2,0,0.0032668631098112,6.749628843130401e-12,6.9091788821387315e-15,MRO-80002;MRO-80001;MRO-70005,MRO-80001;MRO-10045;MRO-10046,Hydraulic Press,PUN-01,test,12,normal,normal,approved_on_validation,우선 점검 후보
2024-09-21,AST-2031,A2,0,0.0033043162926894,6.7560599981030186e-12,7.096888432447001e-15,MRO-70005;MRO-90011;MRO-90012,MRO-10047;MRO-10045;MRO-10046,Hydraulic Press,CHN-02,test,12,normal,normal,approved_on_validation,우선 점검 후보
2024-09-21,AST-3008,A2,0,0.0032078226450531,6.585421379420261e-12,6.557948768905114e-15,MRO-10045;MRO-10047;MRO-20031,MRO-10045;MRO-10047;MRO-20031,Belt Conveyor,CHN-02,test,12,normal,normal,approved_on_validation,우선 점검 후보
2024-09-21,AST-3019,A2,0,0.0033033776052233,6.526331740072668e-12,7.0891096997539825e-15,MRO-90012;MRO-10045;MRO-10046,MRO-10045;MRO-10046;MRO-10047,Belt Conveyor,CHN-02,test,12,normal,normal,approved_on_validation,우선 점검 후보
2024-09-21,AST-4055,A2,0,0.0032484156035324,6.6420825647416536e-12,6.7492038708499095e-15,MRO-10045;MRO-20031;MRO-50009,MRO-10045;MRO-20031;MRO-50009,Screw Compressor,DHR-03,test,12,normal,normal,approved_on_validation,우선 점검 후보
2024-09-21,AST-4061,A2,0,0.0033246696200707,6.7258060980729694e-12,7.0824693756796015e-15,MRO-60015;MRO-10045;MRO-20031,MRO-10045;MRO-20031;MRO-10046,Screw Compressor,DHR-03,test,12,normal,normal,approved_on_validation,우선 점검 후보
2024-09-21,AST-5003,A2,0,0.0032727618406291,6.703204152084971e-12,6.975399929223285e-15,MRO-70004;MRO-10046;MRO-50009,MRO-10046;MRO-50009;MRO-10045,EOT Crane,DHR-03,test,12,normal,normal,approved_on_validation,우선 점검 후보
2024-09-21,AST-5007,A2,0,0.0032642872039493,6.8051364078028955e-12,6.917133031871806e-15,MRO-20031;MRO-30012;MRO-90012,MRO-20031;MRO-10045;MRO-10046,EOT Crane,PUN-01,test,12,normal,normal,approved_on_validation,우선 점검 후보
2024-09-22,AST-1041,A2,0,0.0029140264445664,4.7892856631813816e-12,4.3614222510420775e-15,MRO-10045;MRO-20031;MRO-80001,MRO-10045;MRO-20031;MRO-80001,CNC Lathe,PUN-01,test,12,normal,normal,approved_on_validation,우선 점검 후보
2024-09-22,AST-1042,A2,0,0.0031390198491059,6.919108637802492e-12,6.36629867125402e-15,MRO-50009;MRO-10045;MRO-10046,MRO-50009;MRO-10045;MRO-10046,CNC Lathe,PUN-01,test,12,normal,normal,approved_on_validation,우선 점검 후보
2024-09-22,AST-2017,A2,0,0.0032583937533481,6.688027800670642e-12,6.808524160088192e-15,MRO-10045;MRO-50009;MRO-20033,MRO-10045;MRO-50009;MRO-10047,Hydraulic Press,PUN-01,test,12,normal,normal,approved_on_validation,우선 점검 후보
2024-09-22,AST-2031,A2,0,0.0032258215964865,6.539385662743045e-12,6.5909836297416526e-15,MRO-10045;MRO-10046;MRO-10047,MRO-10045;MRO-10046;MRO-10047,Hydraulic Press,CHN-02,test,12,normal,normal,approved_on_validation,우선 점검 후보
2024-09-22,AST-3008,A2,0,0.0032867542377413,6.615459123617849e-12,7.054399805251049e-15,MRO-90012;MRO-70004;MRO-10045,MRO-10045;MRO-10046;MRO-10047,Belt Conveyor,CHN-02,test,12,normal,normal,approved_on_validation,우선 점검 후보
2024-09-22,AST-3019,A2,0,0.0032260511831805,6.533265262399893e-12,6.5863204010571525e-15,MRO-10045;MRO-10046;MRO-10047,MRO-10045;MRO-10046;MRO-10047,Belt Conveyor,CHN-02,test,12,normal,normal,approved_on_validation,우선 점검 후보
2024-09-22,AST-4055,A2,0,0.0032452835961083,6.595747166477803e-12,6.703726946774661e-15,MRO-10046;MRO-20031;MRO-50009,MRO-10046;MRO-20031;MRO-50009,Screw Compressor,DHR-03,test,12,normal,normal,approved_on_validation,우선 점검 후보
2024-09-22,AST-4061,A2,0,0.003236227016315,6.5526192603699255e-12,6.637474613633909e-15,MRO-10046;MRO-10047;MRO-50009,MRO-10046;MRO-10047;MRO-50009,Screw Compressor,DHR-03,test,12,normal,normal,approved_on_validation,우선 점검 후보
2024-09-22,AST-5003,A2,0,0.0039221018828367,1.584634417183733e-11,1.691503653126538e-14,MRO-40021;MRO-10046;MRO-50009,MRO-10046;MRO-50009;MRO-80001,EOT Crane,DHR-03,test,12,normal,normal,approved_on_validation,우선 점검 후보
2024-09-22,AST-5007,A2,0,0.0032469192225561,6.9923281818317256e-12,7.007099962516602e-15,MRO-20031;MRO-90012;MRO-60015,MRO-20031;MRO-10045;MRO-10046,EOT Crane,PUN-01,test,12,normal,normal,approved_on_validation,우선 점검 후보
2024-09-23,AST-1041,A2,5,6.068833805759785,0.1032851544683542,0.0662272858179563,MRO-10045;MRO-20031;MRO-10047,MRO-10045;MRO-20031;MRO-10047,CNC Lathe,PUN-01,test,12,caution,risk,approved_on_validation,우선 점검 후보
2024-09-23,AST-1042,A2,4,7.222110557890556,0.1696390943659402,0.1163294927017534,MRO-80001;MRO-20033;MRO-10047,MRO-80001;MRO-10047;MRO-20031,CNC Lathe,PUN-01,test,12,caution,risk,approved_on_validation,우선 점검 후보
2024-09-23,AST-2017,A2,7,8.568322894864176,0.2609010021599602,0.1909168468188372,MRO-20031;MRO-10046;MRO-80001,MRO-20031;MRO-10046;MRO-80001,Hydraulic Press,PUN-01,test,12,risk,risk,approved_on_validation,우선 점검 후보
2024-09-23,AST-2031,A2,3,7.332603553133366,0.1750248022328188,0.1215028912219961,MRO-10046;MRO-50009;MRO-10047,MRO-10046;MRO-50009;MRO-10047,Hydraulic Press,CHN-02,test,12,caution,risk,approved_on_validation,우선 점검 후보
2024-09-23,AST-3008,A2,5,6.957943077250236,0.1507797957596607,0.1024702292993208,MRO-10047;MRO-10046;MRO-20031,MRO-10047;MRO-10046;MRO-20031,Belt Conveyor,CHN-02,test,12,caution,risk,approved_on_validation,우선 점검 후보
2024-09-23,AST-3019,A2,2,5.841342992011777,0.0936963537462747,0.0592013968383218,MRO-20031;MRO-10045;MRO-10046,MRO-20031;MRO-10045;MRO-10046,Belt Conveyor,CHN-02,test,12,caution,caution,approved_on_validation,우선 점검 후보
2024-09-23,AST-4055,A2,4,8.080061956374784,0.2257299885699376,0.161351728206277,MRO-20031;MRO-10046;MRO-10047,MRO-20031;MRO-10046;MRO-10047,Screw Compressor,DHR-03,test,12,caution,risk,approved_on_validation,우선 점검 후보
2024-09-23,AST-4061,A2,8,6.768024535360821,0.1422711957163326,0.0944024563652872,MRO-10045;MRO-10047;MRO-20031,MRO-10045;MRO-10047;MRO-20031,Screw Compressor,DHR-03,test,12,risk,risk,approved_on_validation,우선 점검 후보
2024-09-23,AST-5003,A2,4,8.325380018854677,0.2375784716431537,0.1744977831332488,MRO-60015;MRO-10046;MRO-30011,MRO-10046;MRO-10047;MRO-20031,EOT Crane,DHR-03,test,12,caution,risk,approved_on_validation,우선 점검 후보
2024-09-23,AST-5007,A2,4,5.912266066637623,0.0968811165908191,0.0603443271465104,MRO-10047;MRO-10046;MRO-80002,MRO-10047;MRO-10046;MRO-20031,EOT Crane,PUN-01,test,12,caution,risk,approved_on_validation,우선 점검 후보
2024-09-24,AST-1041,A2,9,6.239237993851372,0.1106142905122563,0.0729759909242704,MRO-50009;MRO-10046;MRO-10045,MRO-50009;MRO-10046;MRO-10045,CNC Lathe,PUN-01,test,12,risk,risk,approved_on_validation,우선 점검 후보
2024-09-24,AST-1042,A2,6,6.544921994475383,0.1288263301072849,0.0849586984249631,MRO-10045;MRO-20031;MRO-10047,MRO-10045;MRO-20031;MRO-10047,CNC Lathe,PUN-01,test,12,risk,risk,approved_on_validation,우선 점검 후보
2024-09-24,AST-2017,A2,3,8.19017912480519,0.2333798642409612,0.1681646597948943,MRO-80001;MRO-50009;MRO-10047,MRO-80001;MRO-50009;MRO-10047,Hydraulic Press,PUN-01,test,12,caution,risk,approved_on_validation,우선 점검 후보
2024-09-24,AST-2031,A2,2,7.249924927999774,0.1697192509502676,0.1169954476586233,MRO-10047;MRO-50009;MRO-10045,MRO-10047;MRO-50009;MRO-10045,Hydraulic Press,CHN-02,test,12,caution,risk,approved_on_validation,우선 점검 후보
2024-09-24,AST-3008,A2,11,6.746752065086442,0.1410350630404696,0.0937715850179381,MRO-20031;MRO-80001;MRO-10045,MRO-20031;MRO-80001;MRO-10045,Belt Conveyor,CHN-02,test,12,risk,risk,approved_on_validation,우선 점검 후보
2024-09-24,AST-3019,A2,11,5.610883312902894,0.0832066629611537,0.0519680299168386,MRO-20031;MRO-10045;MRO-10046,MRO-20031;MRO-10045;MRO-10046,Belt Conveyor,CHN-02,test,12,risk,caution,approved_on_validation,우선 점검 후보
2024-09-24,AST-4055,A2,6,7.637777718812123,0.1969370349121716,0.1370869942945568,MRO-10046;MRO-80001;MRO-10047,MRO-10046;MRO-80001;MRO-10047,Screw Compressor,DHR-03,test,12,risk,risk,approved_on_validation,우선 점검 후보
2024-09-24,AST-4061,A2,6,6.43626478498047,0.1233341167602525,0.0803230820899912,MRO-10047;MRO-10045;MRO-20031,MRO-10047;MRO-10045;MRO-20031,Screw Compressor,DHR-03,test,12,risk,risk,approved_on_validation,우선 점검 후보
2024-09-24,AST-5003,A2,8,7.120471627037506,0.1620618109196904,0.1095498065302194,MRO-10046;MRO-80001;MRO-50009,MRO-10046;MRO-80001;MRO-50009,EOT Crane,DHR-03,test,12,risk,risk,approved_on_validation,우선 점검 후보
2024-09-24,AST-5007,A2,10,5.564256945145838,0.0804046433055892,0.0489918153068735,MRO-10047;MRO-20031;MRO-10046,MRO-10047;MRO-20031;MRO-10046,EOT Crane,PUN-01,test,12,risk,caution,approved_on_validation,우선 점검 후보
2024-09-25,AST-1041,A2,0,7.0256748436598615,0.1570680572117721,0.1075686033914744,MRO-10047;MRO-80001;MRO-50009,MRO-10047;MRO-80001;MRO-50009,CNC Lathe,PUN-01,test,12,normal,risk,approved_on_validation,우선 점검 후보
2024-09-25,AST-1042,A2,11,6.311578375633263,0.1182814781653231,0.0751636406632395,MRO-20031;MRO-10045;MRO-10047,MRO-20031;MRO-10045;MRO-10047,CNC Lathe,PUN-01,test,12,risk,risk,approved_on_validation,우선 점검 후보
2024-09-25,AST-2017,A2,6,8.539460789329828,0.2592058727029014,0.1891495094090527,MRO-80001;MRO-10047;MRO-50009,MRO-80001;MRO-10047;MRO-50009,Hydraulic Press,PUN-01,test,12,risk,risk,approved_on_validation,우선 점검 후보
2024-09-25,AST-2031,A2,2,7.170158524157998,0.1643157321925152,0.1135026992427283,MRO-10046;MRO-50009;MRO-10047,MRO-10046;MRO-50009;MRO-10047,Hydraulic Press,CHN-02,test,12,caution,risk,approved_on_validation,우선 점검 후보
2024-09-25,AST-3008,A2,5,6.427419530849246,0.1229580101588324,0.0803447208002206,MRO-80001;MRO-10046;MRO-20031,MRO-80001;MRO-10046;MRO-20031,Belt Conveyor,CHN-02,test,12,caution,risk,approved_on_validation,우선 점검 후보
2024-09-25,AST-3019,A2,11,5.728664933401791,0.0888618734536646,0.0547755640453815,MRO-10045;MRO-80001;MRO-20031,MRO-10045;MRO-80001;MRO-20031,Belt Conveyor,CHN-02,test,12,risk,caution,approved_on_validation,우선 점검 후보
2024-09-25,AST-4055,A2,11,7.681920632342307,0.1999769002256104,0.1395473386496725,MRO-10046;MRO-10047;MRO-20031,MRO-10046;MRO-10047;MRO-20031,Screw Compressor,DHR-03,test,12,risk,risk,approved_on_validation,우선 점검 후보
2024-09-25,AST-4061,A2,18,9.53934763049046,0.331850194508318,0.2539629257326811,MRO-30011;MRO-20031;MRO-10046,MRO-20031;MRO-10046;MRO-10045,Screw Compressor,DHR-03,test,12,high_risk,risk,approved_on_validation,우선 점검 후보
2024-09-25,AST-5003,A2,13,7.676519128794875,0.1968049971176079,0.1390390478322678,MRO-10046;MRO-80001;MRO-20031,MRO-10046;MRO-80001;MRO-20031,EOT Crane,DHR-03,test,12,high_risk,risk,approved_on_validation,우선 점검 후보
2024-09-25,AST-5007,A2,13,5.6189261396470815,0.0823485782047165,0.050272322281742,MRO-10046;MRO-10045;MRO-50009,MRO-10046;MRO-10045;MRO-50009,EOT Crane,PUN-01,test,12,high_risk,caution,approved_on_validation,우선 점검 후보
2024-09-26,AST-1041,A2,4,6.180248940938522,0.1072117120679638,0.0707310444968083,MRO-20031;MRO-10047;MRO-80001,MRO-20031;MRO-10047;MRO-80001,CNC Lathe,PUN-01,test,12,caution,risk,approved_on_validation,우선 점검 후보
2024-09-26,AST-1042,A2,8,6.255251664540572,0.1141777188811543,0.0728524510433253,MRO-50009;MRO-10045;MRO-20031,MRO-50009;MRO-10045;MRO-20031,CNC Lathe,PUN-01,test,12,risk,risk,approved_on_validation,우선 점검 후보
2024-09-26,AST-2017,A2,12,8.254091023262594,0.2375299327125385,0.1714819672482178,MRO-80001;MRO-50009;MRO-10045,MRO-80001;MRO-50009;MRO-10045,Hydraulic Press,PUN-01,test,12,high_risk,risk,approved_on_validation,우선 점검 후보
2024-09-26,AST-2031,A2,8,8.261824679704008,0.2384518019588502,0.1705274719479088,MRO-80001;MRO-10047;MRO-50009,MRO-80001;MRO-10047;MRO-50009,Hydraulic Press,CHN-02,test,12,risk,risk,approved_on_validation,우선 점검 후보
2024-09-26,AST-3008,A2,8,7.081556255507435,0.1614305902435519,0.1098539227592023,MRO-80001;MRO-20031;MRO-10046,MRO-80001;MRO-20031;MRO-10046,Belt Conveyor,CHN-02,test,12,risk,risk,approved_on_validation,우선 점검 후보
2024-09-26,AST-3019,A2,4,5.645555653220267,0.0839664014835996,0.0519764848777783,MRO-20031;MRO-10045;MRO-10046,MRO-20031;MRO-10045;MRO-10046,Belt Conveyor,CHN-02,test,12,caution,caution,approved_on_validation,우선 점검 후보
2024-09-26,AST-4055,A2,3,8.066899203471548,0.2247560350135087,0.160696531632713,MRO-10046;MRO-10045;MRO-10047,MRO-10046;MRO-10045;MRO-10047,Screw Compressor,DHR-03,test,12,caution,risk,approved_on_validation,우선 점검 후보
2024-09-26,AST-4061,A2,18,6.482116201566214,0.125245588936443,0.0813872776990948,MRO-40022;MRO-10046;MRO-50009,MRO-10046;MRO-50009;MRO-20031,Screw Compressor,DHR-03,test,12,high_risk,risk,approved_on_validation,우선 점검 후보
2024-09-26,AST-5003,A2,12,7.738597063409156,0.2017221266097639,0.141981140767315,MRO-10046;MRO-50009;MRO-20031,MRO-10046;MRO-50009;MRO-20031,EOT Crane,DHR-03,test,12,high_risk,risk,approved_on_validation,우선 점검 후보
2024-09-26,AST-5007,A2,0,5.6939793387579725,0.0871086740837275,0.053419622375165,MRO-10045;MRO-80001;MRO-20031,MRO-10045;MRO-80001;MRO-20031,EOT Crane,PUN-01,test,12,normal,caution,approved_on_validation,우선 점검 후보
2024-09-27,AST-1041,A2,0,6.859003135762427,0.1449392856826059,0.0991475684942156,MRO-20031;MRO-80001;MRO-10047,MRO-20031;MRO-80001;MRO-10047,CNC Lathe,PUN-01,test,12,normal,risk,approved_on_validation,우선 점검 후보
2024-09-27,AST-1042,A2,5,6.681515787691891,0.1353032828522663,0.0905356143206773,MRO-50009;MRO-20033;MRO-20031,MRO-50009;MRO-20031;MRO-10046,CNC Lathe,PUN-01,test,12,caution,risk,approved_on_validation,우선 점검 후보
2024-09-27,AST-2017,A2,6,8.389055659552895,0.2447441113045471,0.1803537893942333,MRO-50009;MRO-80001;MRO-10045,MRO-50009;MRO-80001;MRO-10045,Hydraulic Press,PUN-01,test,12,risk,risk,approved_on_validation,우선 점검 후보
2024-09-27,AST-2031,A2,4,7.193219232858445,0.1666779310867076,0.1145787749625103,MRO-10047;MRO-50009;MRO-10045,MRO-10047;MRO-50009;MRO-10045,Hydraulic Press,CHN-02,test,12,caution,risk,approved_on_validation,우선 점검 후보
2024-09-27,AST-3008,A2,6,6.3332920666134065,0.1170916082153958,0.0758863661746203,MRO-10046;MRO-50009;MRO-20031,MRO-10046;MRO-50009;MRO-20031,Belt Conveyor,CHN-02,test,12,risk,risk,approved_on_validation,우선 점검 후보
2024-09-27,AST-3019,A2,3,5.8453103220811755,0.0948157470067889,0.0588284984345621,MRO-80001;MRO-10045;MRO-20031,MRO-80001;MRO-10045;MRO-20031,Belt Conveyor,CHN-02,test,12,caution,risk,approved_on_validation,우선 점검 후보
2024-09-27,AST-4055,A2,18,8.001318509253908,0.2208412608643153,0.1571285104936099,MRO-10046;MRO-80001;MRO-10047,MRO-10046;MRO-80001;MRO-10047,Screw Compressor,DHR-03,test,12,high_risk,risk,approved_on_validation,우선 점검 후보
2024-09-27,AST-4061,A2,8,6.731915342071325,0.1401436597762593,0.0925550288382623,MRO-20031;MRO-10046;MRO-80001,MRO-20031;MRO-10046;MRO-80001,Screw Compressor,DHR-03,test,12,risk,risk,approved_on_validation,우선 점검 후보
2024-09-27,AST-5003,A2,8,7.654909698253206,0.194548730856504,0.1365952237865475,MRO-50009;MRO-10045;MRO-80001,MRO-50009;MRO-10045;MRO-80001,EOT Crane,DHR-03,test,12,risk,risk,approved_on_validation,우선 점검 후보
2024-09-27,AST-5007,A2,2,6.107123591761579,0.1061702529807373,0.0679395504855907,MRO-10046;MRO-20031;MRO-20032,MRO-10046;MRO-20031;MRO-10045,EOT Crane,PUN-01,test,12,caution,risk,approved_on_validation,우선 점검 후보
2024-09-28,AST-1041,A2,0,0.003235153096001,6.574217174475465e-12,6.649652504787835e-15,MRO-10045;MRO-10046;MRO-10047,MRO-10045;MRO-10046;MRO-10047,CNC Lathe,PUN-01,test,12,normal,normal,approved_on_validation,우선 점검 후보
2024-09-28,AST-1042,A2,0,0.0032342985402195,6.569330949551823e-12,6.633547554945021e-15,MRO-10046;MRO-10047;MRO-20031,MRO-10046;MRO-10047;MRO-20031,CNC Lathe,PUN-01,test,12,normal,normal,approved_on_validation,우선 점검 후보
2024-09-28,AST-2017,A2,0,0.0033105096385672,7.041979729640455e-12,7.26054431148294e-15,MRO-20033;MRO-30012;MRO-50009,MRO-50009;MRO-80001;MRO-10045,Hydraulic Press,PUN-01,test,12,normal,normal,approved_on_validation,우선 점검 후보
2024-09-28,AST-2031,A2,0,0.0032945010297488,6.523256241113361e-12,6.801972170034359e-15,MRO-60015;MRO-20033;MRO-80002,MRO-10045;MRO-10046;MRO-10047,Hydraulic Press,CHN-02,test,12,normal,normal,approved_on_validation,우선 점검 후보
2024-09-28,AST-3008,A2,0,0.003209345373789,6.457087822646743e-12,6.448846255707349e-15,MRO-10045;MRO-10046;MRO-50009,MRO-10045;MRO-10046;MRO-50009,Belt Conveyor,CHN-02,test,12,normal,normal,approved_on_validation,우선 점검 후보
2024-09-28,AST-3019,A2,0,0.0033118973389619,6.5333811486278875e-12,7.127387090876996e-15,MRO-90011;MRO-40022;MRO-70004,MRO-10045;MRO-10046;MRO-10047,Belt Conveyor,CHN-02,test,12,normal,normal,approved_on_validation,우선 점검 후보
2024-09-28,AST-4055,A2,0,0.003245281231302,6.6205031139799995e-12,6.7220257454721325e-15,MRO-10045;MRO-10047;MRO-20031,MRO-10045;MRO-10047;MRO-20031,Screw Compressor,DHR-03,test,12,normal,normal,approved_on_validation,우선 점검 후보
2024-09-28,AST-4061,A2,0,0.003264996938615,6.538899989740379e-12,6.724531210488926e-15,MRO-30011;MRO-40021;MRO-60016,MRO-80001;MRO-10045;MRO-10046,Screw Compressor,DHR-03,test,12,normal,normal,approved_on_validation,우선 점검 후보
2024-09-28,AST-5003,A2,0,0.0039547480351698,1.747935641248584e-11,1.83055919008151e-14,MRO-10046;MRO-50009;MRO-20031,MRO-10046;MRO-50009;MRO-20031,EOT Crane,DHR-03,test,12,normal,normal,approved_on_validation,우선 점검 후보
2024-09-28,AST-5007,A2,0,0.0029735130142767,4.854787003131334e-12,4.658139255254406e-15,MRO-90012;MRO-50008;MRO-10045,MRO-10045;MRO-10046;MRO-10047,EOT Crane,PUN-01,test,12,normal,normal,approved_on_validation,우선 점검 후보
2024-09-29,AST-1041,A2,0,0.0032376369738669,6.5742659547705785e-12,6.657822968632216e-15,MRO-10045;MRO-10046;MRO-10047,MRO-10045;MRO-10046;MRO-10047,CNC Lathe,PUN-01,test,12,normal,normal,approved_on_validation,우선 점검 후보
2024-09-29,AST-1042,A2,0,0.0032315710488483,6.5446471783803955e-12,6.603912467475455e-15,MRO-10045;MRO-10047;MRO-20031,MRO-10045;MRO-10047;MRO-20031,CNC Lathe,PUN-01,test,12,normal,normal,approved_on_validation,우선 점검 후보
2024-09-29,AST-2017,A2,0,0.0033644399268309,8.197754155685413e-12,8.288774682374225e-15,MRO-50009;MRO-10045;MRO-10046,MRO-50009;MRO-10045;MRO-10046,Hydraulic Press,PUN-01,test,12,normal,normal,approved_on_validation,우선 점검 후보
2024-09-29,AST-2031,A2,0,0.0032586317510662,6.5106078151151366e-12,6.6757318498298235e-15,MRO-60015;MRO-10045;MRO-10046,MRO-10045;MRO-10046;MRO-10047,Hydraulic Press,CHN-02,test,12,normal,normal,approved_on_validation,우선 점검 후보
2024-09-29,AST-3008,A2,0,0.003232300566412,6.60868522393952e-12,6.6516010603228256e-15,MRO-10045;MRO-10046;MRO-20031,MRO-10045;MRO-10046;MRO-20031,Belt Conveyor,CHN-02,test,12,normal,normal,approved_on_validation,우선 점검 후보
2024-09-29,AST-3019,A2,0,0.0032256159971403,6.533259592676838e-12,6.584429688862644e-15,MRO-10045;MRO-10046;MRO-10047,MRO-10045;MRO-10046;MRO-10047,Belt Conveyor,CHN-02,test,12,normal,normal,approved_on_validation,우선 점검 후보
2024-09-29,AST-4055,A2,0,0.0032470813001347,6.63140573867863e-12,6.736706273089206e-15,MRO-10045;MRO-10047;MRO-20031,MRO-10045;MRO-10047;MRO-20031,Screw Compressor,DHR-03,test,12,normal,normal,approved_on_validation,우선 점검 후보
2024-09-29,AST-4061,A2,0,0.0032238906584993,6.440501475896424e-12,6.512072661660233e-15,MRO-10045;MRO-10046;MRO-10047,MRO-10045;MRO-10046;MRO-10047,Screw Compressor,DHR-03,test,12,normal,normal,approved_on_validation,우선 점검 후보
2024-09-29,AST-5003,A2,0,0.0032373013596434,6.575475866555286e-12,6.6413204503873255e-15,MRO-10047;MRO-30012;MRO-60016,MRO-10047;MRO-10045;MRO-20031,EOT Crane,DHR-03,test,12,normal,normal,approved_on_validation,우선 점검 후보
2024-09-29,AST-5007,A2,0,0.0032414264079183,6.574455969359811e-12,6.650994604761827e-15,MRO-50008;MRO-10045;MRO-10046,MRO-10045;MRO-10046;MRO-10047,EOT Crane,PUN-01,test,12,normal,normal,approved_on_validation,우선 점검 후보
2024-09-30,AST-1041,A2,4,6.426366655866002,0.1209175796582898,0.0800546670582057,MRO-20031;MRO-10047;MRO-80001,MRO-20031;MRO-10047;MRO-80001,CNC Lathe,PUN-01,test,12,caution,risk,approved_on_validation,우선 점검 후보
2024-09-30,AST-1042,A2,9,7.019757917209551,0.1576745710289476,0.1061133918986357,MRO-10045;MRO-10046;MRO-20033,MRO-10045;MRO-10046;MRO-50009,CNC Lathe,PUN-01,test,12,risk,risk,approved_on_validation,우선 점검 후보
2024-09-30,AST-2017,A2,8,8.433146664954617,0.2502780115583116,0.1820083254136923,MRO-80001;MRO-10045;MRO-50009,MRO-80001;MRO-10045;MRO-50009,Hydraulic Press,PUN-01,test,12,risk,risk,approved_on_validation,우선 점검 후보
2024-09-30,AST-2031,A2,23,8.29890419631166,0.2379936371655481,0.173505088812113,MRO-50009;MRO-10045;MRO-80001,MRO-50009;MRO-10045;MRO-80001,Hydraulic Press,CHN-02,test,12,high_risk,risk,approved_on_validation,우선 점검 후보
2024-09-30,AST-3008,A2,4,6.283342429879548,0.1144273383541946,0.0749278679809733,MRO-10047;MRO-20031;MRO-80001,MRO-10047;MRO-20031;MRO-80001,Belt Conveyor,CHN-02,test,12,caution,risk,approved_on_validation,우선 점검 후보
2024-09-30,AST-3019,A2,6,5.629400789168198,0.0845211482315816,0.0522040807460974,MRO-10045;MRO-20031;MRO-10047,MRO-10045;MRO-20031;MRO-10047,Belt Conveyor,CHN-02,test,12,risk,caution,approved_on_validation,우선 점검 후보
2024-09-30,AST-4055,A2,6,7.738029564670433,0.2033779608768737,0.1426941098680452,MRO-20031;MRO-10046;MRO-10045,MRO-20031;MRO-10046;MRO-10045,Screw Compressor,DHR-03,test,12,risk,risk,approved_on_validation,우선 점검 후보
2024-09-30,AST-4061,A2,4,6.87130827210445,0.1459664865695475,0.0995857292971574,MRO-10047;MRO-80001;MRO-10045,MRO-10047;MRO-80001;MRO-10045,Screw Compressor,DHR-03,test,12,caution,risk,approved_on_validation,우선 점검 후보
2024-09-30,AST-5003,A2,14,9.880163862872504,0.3580883970891779,0.2800173391489597,MRO-10046;MRO-20031;MRO-10045,MRO-10046;MRO-20031;MRO-10045,EOT Crane,DHR-03,test,12,high_risk,risk,approved_on_validation,우선 점검 후보
2024-09-30,AST-5007,A2,3,6.505238940329434,0.1262064239472395,0.0830641730617736,MRO-10046;MRO-50009;MRO-10047,MRO-10046;MRO-50009;MRO-10047,EOT Crane,PUN-01,test,12,caution,risk,approved_on_validation,우선 점검 후보
2024-10-01,AST-1041,A2,2,8.12054134200812,0.228630088716511,0.1654298884610399,MRO-20031;MRO-80001;MRO-10047,MRO-20031;MRO-80001;MRO-10047,CNC Lathe,PUN-01,test,12,caution,risk,approved_on_validation,우선 점검 후보
2024-10-01,AST-1042,A2,11,7.322543500646071,0.1723861146089446,0.1176555944361533,MRO-20033;MRO-10046;MRO-30011,MRO-10046;MRO-10045;MRO-20031,CNC Lathe,PUN-01,test,12,risk,risk,approved_on_validation,우선 점검 후보
2024-10-01,AST-2017,A2,13,8.850707198210067,0.2800554319239557,0.207166859359667,MRO-40022;MRO-10046;MRO-20031,MRO-10046;MRO-20031;MRO-50009,Hydraulic Press,PUN-01,test,12,high_risk,risk,approved_on_validation,우선 점검 후보
2024-10-01,AST-2031,A2,6,8.12033982337743,0.225460765021864,0.1628271128017755,MRO-50009;MRO-20031;MRO-30012,MRO-50009;MRO-20031;MRO-10045,Hydraulic Press,CHN-02,test,12,risk,risk,approved_on_validation,우선 점검 후보
2024-10-01,AST-3008,A2,14,9.520722091957447,0.3267294023121342,0.2548301481690275,MRO-10046;MRO-10047;MRO-20031,MRO-10046;MRO-10047;MRO-20031,Belt Conveyor,CHN-02,test,12,high_risk,risk,approved_on_validation,우선 점검 후보
2024-10-01,AST-3019,A2,0,5.985542345161917,0.1008052220587606,0.0636597284757086,MRO-10045;MRO-20031;MRO-10047,MRO-10045;MRO-20031;MRO-10047,Belt Conveyor,CHN-02,test,12,normal,risk,approved_on_validation,우선 점검 후보
2024-10-01,AST-4055,A2,2,8.297934491730517,0.2413096096130017,0.1749467299089283,MRO-10047;MRO-10046;MRO-80001,MRO-10047;MRO-10046;MRO-80001,Screw Compressor,DHR-03,test,12,caution,risk,approved_on_validation,우선 점검 후보
2024-10-01,AST-4061,A2,8,6.862156197419977,0.1453523322878716,0.0987600143011079,MRO-80001;MRO-10047;MRO-10045,MRO-80001;MRO-10047;MRO-10045,Screw Compressor,DHR-03,test,12,risk,risk,approved_on_validation,우선 점검 후보
2024-10-01,AST-5003,A2,5,8.286048653208956,0.2370713497028707,0.1726015289435769,MRO-10045;MRO-10047;MRO-20031,MRO-10045;MRO-10047;MRO-20031,EOT Crane,DHR-03,test,12,caution,risk,approved_on_validation,우선 점검 후보
2024-10-01,AST-5007,A2,2,5.865244362276111,0.0928637387614729,0.0569421114538083,MRO-40022;MRO-30011;MRO-40021,MRO-10045;MRO-10046;MRO-10047,EOT Crane,PUN-01,test,12,caution,risk,approved_on_validation,우선 점검 후보
2024-10-02,AST-1041,A2,0,7.339914554618011,0.1756480127933793,0.1206166378257877,MRO-10045;MRO-20031;MRO-80001,MRO-10045;MRO-20031;MRO-80001,CNC Lathe,PUN-01,test,12,normal,risk,approved_on_validation,우선 점검 후보
2024-10-02,AST-1042,A2,10,7.210361215198004,0.165531689384766,0.1128492274074351,MRO-20033;MRO-10046;MRO-80001,MRO-10046;MRO-80001;MRO-20031,CNC Lathe,PUN-01,test,12,risk,risk,approved_on_validation,우선 점검 후보
2024-10-02,AST-2017,A2,4,8.85274103922142,0.2802622189901409,0.2079243995528167,MRO-60016;MRO-10045;MRO-10046,MRO-10045;MRO-10046;MRO-10047,Hydraulic Press,PUN-01,test,12,caution,risk,approved_on_validation,우선 점검 후보
2024-10-02,AST-2031,A2,21,7.45787812698056,0.1824093266325737,0.1279252456268478,MRO-10047;MRO-50009;MRO-10045,MRO-10047;MRO-50009;MRO-10045,Hydraulic Press,CHN-02,test,12,high_risk,risk,approved_on_validation,우선 점검 후보
2024-10-02,AST-3008,A2,8,7.496153566322655,0.1806744116666297,0.127643418033487,MRO-20032;MRO-40022;MRO-40021,MRO-20031;MRO-50009;MRO-10047,Belt Conveyor,CHN-02,test,12,risk,risk,approved_on_validation,우선 점검 후보
2024-10-02,AST-3019,A2,2,5.896579194698117,0.0984290812427658,0.0606595649472113,MRO-10046;MRO-10045;MRO-20031,MRO-10046;MRO-10045;MRO-20031,Belt Conveyor,CHN-02,test,12,caution,risk,approved_on_validation,우선 점검 후보
2024-10-02,AST-4055,A2,4,7.878797997634941,0.2086971953724247,0.1510133313884513,MRO-10046;MRO-80001;MRO-10047,MRO-10046;MRO-80001;MRO-10047,Screw Compressor,DHR-03,test,12,caution,risk,approved_on_validation,우선 점검 후보
2024-10-02,AST-4061,A2,12,6.892997117285469,0.14786371370909,0.0982162449128935,MRO-40022;MRO-30011;MRO-20031,MRO-20031;MRO-80001;MRO-10045,Screw Compressor,DHR-03,test,12,high_risk,risk,approved_on_validation,우선 점검 후보
2024-10-02,AST-5003,A2,4,9.876646487701755,0.3582641954495098,0.2772673377730154,MRO-10045;MRO-40021;MRO-10047,MRO-10045;MRO-10047;MRO-20031,EOT Crane,DHR-03,test,12,caution,risk,approved_on_validation,우선 점검 후보
2024-10-02,AST-5007,A2,6,5.506506538252059,0.0759784494006478,0.0456744355598267,MRO-40022;MRO-30011;MRO-40021,MRO-10046;MRO-10045;MRO-10047,EOT Crane,PUN-01,test,12,risk,caution,approved_on_validation,우선 점검 후보
2024-10-03,AST-1041,A2,8,7.239929802824923,0.1674113619325577,0.1156769207289164,MRO-10045;MRO-20031;MRO-10047,MRO-10045;MRO-20031;MRO-10047,CNC Lathe,PUN-01,test,12,risk,risk,approved_on_validation,우선 점검 후보
2024-10-03,AST-1042,A2,6,6.678839912531874,0.1363678880779316,0.0894924667509179,MRO-20033;MRO-10046;MRO-10045,MRO-10046;MRO-10045;MRO-80001,CNC Lathe,PUN-01,test,12,risk,risk,approved_on_validation,우선 점검 후보
2024-10-03,AST-2017,A2,13,8.839643861383411,0.2758629790884673,0.208418414607469,MRO-10045;MRO-50009;MRO-10046,MRO-10045;MRO-50009;MRO-10046,Hydraulic Press,PUN-01,test,12,high_risk,risk,approved_on_validation,우선 점검 후보
2024-10-03,AST-2031,A2,10,7.391782839524905,0.1803737152891241,0.1245139558073873,MRO-10045;MRO-20031;MRO-50009,MRO-10045;MRO-20031;MRO-50009,Hydraulic Press,CHN-02,test,12,risk,risk,approved_on_validation,우선 점검 후보
2024-10-03,AST-3008,A2,6,7.634368012908321,0.195588292846424,0.1358281430158587,MRO-10045;MRO-10046;MRO-10047,MRO-10045;MRO-10046;MRO-10047,Belt Conveyor,CHN-02,test,12,risk,risk,approved_on_validation,우선 점검 후보
2024-10-03,AST-3019,A2,18,9.414846184361586,0.3239761845256891,0.2469562759478381,MRO-10045;MRO-20031;MRO-10047,MRO-10045;MRO-20031;MRO-10047,Belt Conveyor,CHN-02,test,12,high_risk,risk,approved_on_validation,우선 점검 후보
2024-10-03,AST-4055,A2,10,8.379887489742881,0.2470583677138776,0.1797783424282868,MRO-10047;MRO-80001;MRO-10045,MRO-10047;MRO-80001;MRO-10045,Screw Compressor,DHR-03,test,12,risk,risk,approved_on_validation,우선 점검 후보
2024-10-03,AST-4061,A2,8,6.857178613362223,0.1470397880703411,0.096872592162406,MRO-20031;MRO-80001;MRO-10046,MRO-20031;MRO-80001;MRO-10046,Screw Compressor,DHR-03,test,12,risk,risk,approved_on_validation,우선 점검 후보
2024-10-03,AST-5003,A2,10,8.077042549461009,0.2246687654105606,0.1603368686771127,MRO-10045;MRO-10046;MRO-10047,MRO-10045;MRO-10046;MRO-10047,EOT Crane,DHR-03,test,12,risk,risk,approved_on_validation,우선 점검 후보
2024-10-03,AST-5007,A2,1,6.319673998998077,0.1164567684400967,0.0749961479518781,MRO-10046;MRO-10045;MRO-10047,MRO-10046;MRO-10045;MRO-10047,EOT Crane,PUN-01,test,12,caution,risk,approved_on_validation,우선 점검 후보
2024-10-04,AST-1041,A2,12,7.39652262569756,0.1750482114417429,0.1229093488549029,MRO-40022;MRO-30011;MRO-50009,MRO-50009;MRO-20031;MRO-10047,CNC Lathe,PUN-01,test,12,high_risk,risk,approved_on_validation,우선 점검 후보
2024-10-04,AST-1042,A2,6,7.077943611539131,0.1557372590745974,0.106952049858501,MRO-40022;MRO-10046;MRO-10047,MRO-10046;MRO-10047;MRO-80001,CNC Lathe,PUN-01,test,12,risk,risk,approved_on_validation,우선 점검 후보
2024-10-04,AST-2017,A2,16,9.02447089466301,0.2930656513112654,0.2180727969959387,MRO-40022;MRO-20031;MRO-10045,MRO-20031;MRO-10045;MRO-10046,Hydraulic Press,PUN-01,test,12,high_risk,risk,approved_on_validation,우선 점검 후보
2024-10-04,AST-2031,A2,5,7.787205013497352,0.2080563903973716,0.1456759061601356,MRO-80001;MRO-50009;MRO-10045,MRO-80001;MRO-50009;MRO-10045,Hydraulic Press,CHN-02,test,12,caution,risk,approved_on_validation,우선 점검 후보
2024-10-04,AST-3008,A2,6,7.458870395805718,0.1816676395494971,0.1274073672549418,MRO-10046;MRO-80001;MRO-20031,MRO-10046;MRO-80001;MRO-20031,Belt Conveyor,CHN-02,test,12,risk,risk,approved_on_validation,우선 점검 후보
2024-10-04,AST-3019,A2,12,6.117967125086278,0.1065436977306357,0.068004046515333,MRO-80001;MRO-20031;MRO-10045,MRO-80001;MRO-20031;MRO-10045,Belt Conveyor,CHN-02,test,12,high_risk,risk,approved_on_validation,우선 점검 후보
2024-10-04,AST-4055,A2,14,8.505508915248836,0.2568824330383554,0.1859117834061621,MRO-20031;MRO-10047;MRO-80001,MRO-20031;MRO-10047;MRO-80001,Screw Compressor,DHR-03,test,12,high_risk,risk,approved_on_validation,우선 점검 후보
2024-10-04,AST-4061,A2,7,6.893013372890849,0.1498455183801161,0.0995987809346752,MRO-10046;MRO-10047;MRO-20031,MRO-10046;MRO-10047;MRO-20031,Screw Compressor,DHR-03,test,12,risk,risk,approved_on_validation,우선 점검 후보
2024-10-04,AST-5003,A2,5,8.775694709465924,0.2743084596707138,0.2012362124765861,MRO-10045;MRO-60016;MRO-10047,MRO-10045;MRO-10047;MRO-50009,EOT Crane,DHR-03,test,12,caution,risk,approved_on_validation,우선 점검 후보
2024-10-04,AST-5007,A2,0,5.958916176526524,0.0989049315549071,0.0614557261851826,MRO-40022;MRO-10045;MRO-10046,MRO-10045;MRO-10046;MRO-10047,EOT Crane,PUN-01,test,12,normal,risk,approved_on_validation,우선 점검 후보
2024-10-05,AST-1041,A2,0,0.0032049843824399,6.4196703946438966e-12,6.404913666403832e-15,MRO-20032;MRO-10046;MRO-80001,MRO-10046;MRO-80001;MRO-20031,CNC Lathe,PUN-01,test,12,normal,normal,approved_on_validation,우선 점검 후보
2024-10-05,AST-1042,A2,0,0.003241355628457,6.622396315847964e-12,6.6986750203187806e-15,MRO-10046;MRO-10045;MRO-10047,MRO-10046;MRO-10045;MRO-10047,CNC Lathe,PUN-01,test,12,normal,normal,approved_on_validation,우선 점검 후보
2024-10-05,AST-2017,A2,0,0.0033652580549457,7.619391180568352e-12,7.93608191476452e-15,MRO-70005;MRO-80001;MRO-10047,MRO-80001;MRO-10047;MRO-10045,Hydraulic Press,PUN-01,test,12,normal,normal,approved_on_validation,우선 점검 후보
2024-10-05,AST-2031,A2,0,0.003219213391436,6.3412065988934644e-12,6.414357762651198e-15,MRO-10046;MRO-10047;MRO-20031,MRO-10046;MRO-10047;MRO-20031,Hydraulic Press,CHN-02,test,12,normal,normal,approved_on_validation,우선 점검 후보
2024-10-05,AST-3008,A2,0,0.0033921362382338,6.534114795221503e-12,7.648739324409194e-15,MRO-70005;MRO-20032;MRO-10045,MRO-10045;MRO-10047;MRO-20031,Belt Conveyor,CHN-02,test,12,normal,normal,approved_on_validation,우선 점검 후보
2024-10-05,AST-3019,A2,0,0.0033567286256375,7.083504156517552e-12,7.721941842523821e-15,MRO-20032;MRO-10046;MRO-10047,MRO-10046;MRO-10047;MRO-20031,Belt Conveyor,CHN-02,test,12,normal,normal,approved_on_validation,우선 점검 후보
2024-10-05,AST-4055,A2,0,0.0032919706519832,6.8997567732623636e-12,7.078795217846002e-15,MRO-60016;MRO-20031;MRO-10045,MRO-20031;MRO-10045;MRO-10047,Screw Compressor,DHR-03,test,12,normal,normal,approved_on_validation,우선 점검 후보
2024-10-05,AST-4061,A2,0,0.003341506203664,6.617204265866699e-12,7.322875022963842e-15,MRO-70005;MRO-10047;MRO-20033,MRO-10047;MRO-10045;MRO-10046,Screw Compressor,DHR-03,test,12,normal,normal,approved_on_validation,우선 점검 후보
2024-10-05,AST-5003,A2,0,0.0033409337010603,7.1255077152584235e-12,7.50070689081676e-15,MRO-70005;MRO-10046;MRO-20033,MRO-10046;MRO-10047;MRO-20031,EOT Crane,DHR-03,test,12,normal,normal,approved_on_validation,우선 점검 후보
2024-10-05,AST-5007,A2,0,0.0032389088479785,6.620366120444792e-12,6.678616739930888e-15,MRO-10045;MRO-10046;MRO-10047,MRO-10045;MRO-10046;MRO-10047,EOT Crane,PUN-01,test,12,normal,normal,approved_on_validation,우선 점검 후보
2024-10-06,AST-1041,A2,0,0.0032335947215366,6.5607719503150985e-12,6.623506957287611e-15,MRO-10045;MRO-10046;MRO-50009,MRO-10045;MRO-10046;MRO-50009,CNC Lathe,PUN-01,test,12,normal,normal,approved_on_validation,우선 점검 후보
2024-10-06,AST-1042,A2,0,0.0032380556692668,6.613350750363292e-12,6.669654242690699e-15,MRO-10045;MRO-10047;MRO-20031,MRO-10045;MRO-10047;MRO-20031,CNC Lathe,PUN-01,test,12,normal,normal,approved_on_validation,우선 점검 후보
2024-10-06,AST-2017,A2,0,0.0032809598768795,6.823687580077843e-12,7.003908008547339e-15,MRO-20033;MRO-60016;MRO-70005,MRO-10045;MRO-10046;MRO-20031,Hydraulic Press,PUN-01,test,12,normal,normal,approved_on_validation,우선 점검 후보
2024-10-06,AST-2031,A2,0,0.0033371706701738,7.748524267035144e-12,7.866054639992868e-15,MRO-80001;MRO-10045;MRO-10046,MRO-80001;MRO-10045;MRO-10046,Hydraulic Press,CHN-02,test,12,normal,normal,approved_on_validation,우선 점검 후보
2024-10-06,AST-3008,A2,0,0.0032357863738508,6.537717996143405e-12,6.625521152267365e-15,MRO-70005;MRO-10045;MRO-10047,MRO-10045;MRO-10047;MRO-20031,Belt Conveyor,CHN-02,test,12,normal,normal,approved_on_validation,우선 점검 후보
2024-10-06,AST-3019,A2,0,0.0033233892280808,6.578075489931856e-12,7.213679978526668e-15,MRO-70005;MRO-10045;MRO-50009,MRO-10045;MRO-50009;MRO-80001,Belt Conveyor,CHN-02,test,12,normal,normal,approved_on_validation,우선 점검 후보
2024-10-06,AST-4055,A2,0,0.0032530461282505,6.6586815357759195e-12,6.775857097426601e-15,MRO-10045;MRO-10047;MRO-80001,MRO-10045;MRO-10047;MRO-80001,Screw Compressor,DHR-03,test,12,normal,normal,approved_on_validation,우선 점검 후보
2024-10-06,AST-4061,A2,0,0.0032321652925931,6.501622816181662e-12,6.581793804305587e-15,MRO-10045;MRO-10046;MRO-50009,MRO-10045;MRO-10046;MRO-50009,Screw Compressor,DHR-03,test,12,normal,normal,approved_on_validation,우선 점검 후보
2024-10-06,AST-5003,A2,0,0.0034376514258684,8.340698455159413e-12,8.934495146226865e-15,MRO-70005;MRO-10046;MRO-10045,MRO-10046;MRO-10045;MRO-10047,EOT Crane,DHR-03,test,12,normal,normal,approved_on_validation,우선 점검 후보
2024-10-06,AST-5007,A2,0,0.0033214554375216,6.620367108002475e-12,7.22459131371556e-15,MRO-70005;MRO-10045;MRO-10046,MRO-10045;MRO-10046;MRO-10047,EOT Crane,PUN-01,test,12,normal,normal,approved_on_validation,우선 점검 후보
2024-10-07,AST-1041,A2,8,7.29451637464271,0.1725221534627533,0.1195877672801216,MRO-20031;MRO-80001;MRO-10047,MRO-20031;MRO-80001;MRO-10047,CNC Lathe,PUN-01,test,12,risk,risk,approved_on_validation,우선 점검 후보
2024-10-07,AST-1042,A2,8,6.717717651564199,0.1384683757617208,0.0914298024637824,MRO-40022;MRO-10046;MRO-50009,MRO-10046;MRO-50009;MRO-10045,CNC Lathe,PUN-01,test,12,risk,risk,approved_on_validation,우선 점검 후보
2024-10-07,AST-2017,A2,3,8.478367821435736,0.2534804520167288,0.1839704206696134,MRO-10045;MRO-10046;MRO-10047,MRO-10045;MRO-10046;MRO-10047,Hydraulic Press,PUN-01,test,12,caution,risk,approved_on_validation,우선 점검 후보
2024-10-07,AST-2031,A2,6,8.25397955425185,0.2348966086164001,0.1718276338168534,MRO-80001;MRO-50009;MRO-10045,MRO-80001;MRO-50009;MRO-10045,Hydraulic Press,CHN-02,test,12,risk,risk,approved_on_validation,우선 점검 후보
2024-10-07,AST-3008,A2,4,7.52543779348295,0.1836314296793151,0.130372878953329,MRO-10045;MRO-50009;MRO-80002,MRO-10045;MRO-50009;MRO-10046,Belt Conveyor,CHN-02,test,12,caution,risk,approved_on_validation,우선 점검 후보
2024-10-07,AST-3019,A2,2,6.2603031548113215,0.1133499523036479,0.0735584570503136,MRO-10045;MRO-10046;MRO-10047,MRO-10045;MRO-10046;MRO-10047,Belt Conveyor,CHN-02,test,12,caution,risk,approved_on_validation,우선 점검 후보
2024-10-07,AST-4055,A2,16,8.251335914426969,0.2367227912767437,0.1712810624549319,MRO-20031;MRO-10046;MRO-50009,MRO-20031;MRO-10046;MRO-50009,Screw Compressor,DHR-03,test,12,high_risk,risk,approved_on_validation,우선 점검 후보
2024-10-07,AST-4061,A2,10,6.380898153128137,0.1179024637772207,0.0777729649638214,MRO-10047;MRO-80001;MRO-10046,MRO-10047;MRO-80001;MRO-10046,Screw Compressor,DHR-03,test,12,risk,risk,approved_on_validation,우선 점검 후보
2024-10-07,AST-5003,A2,16,8.527831707517937,0.2519704827089329,0.1858529238953101,MRO-30011;MRO-80002;MRO-50008,MRO-80001;MRO-20031;MRO-10047,EOT Crane,DHR-03,test,12,high_risk,risk,approved_on_validation,우선 점검 후보
2024-10-07,AST-5007,A2,0,6.181513848569281,0.1086641900058334,0.0688572830342231,MRO-40022;MRO-80001;MRO-10045,MRO-80001;MRO-10045;MRO-10046,EOT Crane,PUN-01,test,12,normal,risk,approved_on_validation,우선 점검 후보
2024-10-08,AST-1041,A2,8,6.580332241123583,0.130530320309474,0.0861361179474883,MRO-20031;MRO-10045;MRO-50009,MRO-20031;MRO-10045;MRO-50009,CNC Lathe,PUN-01,test,12,risk,risk,approved_on_validation,우선 점검 후보
2024-10-08,AST-1042,A2,4,7.075315554709237,0.1604997485460749,0.1078988121926808,MRO-10047;MRO-10046;MRO-50009,MRO-10047;MRO-10046;MRO-50009,CNC Lathe,PUN-01,test,12,caution,risk,approved_on_validation,우선 점검 후보
2024-10-08,AST-2017,A2,6,8.761176861848275,0.2763580244570623,0.2023595603601793,MRO-10045;MRO-10046;MRO-10047,MRO-10045;MRO-10046;MRO-10047,Hydraulic Press,PUN-01,test,12,risk,risk,approved_on_validation,우선 점검 후보
2024-10-08,AST-2031,A2,8,7.431721792627162,0.1821919209826387,0.1263583191109963,MRO-80001;MRO-10045;MRO-50009,MRO-80001;MRO-10045;MRO-50009,Hydraulic Press,CHN-02,test,12,risk,risk,approved_on_validation,우선 점검 후보
2024-10-08,AST-3008,A2,8,7.235815756625222,0.1689522866454592,0.1161064602800273,MRO-50009;MRO-20031;MRO-10047,MRO-50009;MRO-20031;MRO-10047,Belt Conveyor,CHN-02,test,12,risk,risk,approved_on_validation,우선 점검 후보
2024-10-08,AST-3019,A2,8,5.947837172847605,0.0994568890211984,0.0622711072348859,MRO-10046;MRO-10047;MRO-20031,MRO-10046;MRO-10047;MRO-20031,Belt Conveyor,CHN-02,test,12,risk,risk,approved_on_validation,우선 점검 후보
2024-10-08,AST-4055,A2,11,8.275216647749463,0.2387991592487333,0.1732255911359129,MRO-10045;MRO-50009;MRO-80001,MRO-10045;MRO-50009;MRO-80001,Screw Compressor,DHR-03,test,12,risk,risk,approved_on_validation,우선 점검 후보
2024-10-08,AST-4061,A2,15,6.367362395149066,0.1197142358610421,0.0763207917242217,MRO-30011;MRO-10046;MRO-10047,MRO-10046;MRO-10047;MRO-80001,Screw Compressor,DHR-03,test,12,high_risk,risk,approved_on_validation,우선 점검 후보
2024-10-08,AST-5003,A2,6,8.317324192180845,0.241684991717225,0.1747247639576542,MRO-80001;MRO-10046;MRO-10045,MRO-80001;MRO-10046;MRO-10045,EOT Crane,DHR-03,test,12,risk,risk,approved_on_validation,우선 점검 후보
2024-10-08,AST-5007,A2,1,5.606533632935535,0.0781438279516754,0.0473513099901183,MRO-40022;MRO-30011;MRO-80002,MRO-40022;MRO-10045;MRO-10046,EOT Crane,PUN-01,test,12,caution,caution,approved_on_validation,우선 점검 후보
2024-10-09,AST-1041,A2,6,6.845215413021288,0.1448839536683619,0.0976846403125767,MRO-10045;MRO-50009;MRO-20031,MRO-10045;MRO-50009;MRO-20031,CNC Lathe,PUN-01,test,12,risk,risk,approved_on_validation,우선 점검 후보
2024-10-09,AST-1042,A2,6,7.000543081289887,0.1544526282963824,0.1040096090397723,MRO-30011;MRO-10046;MRO-10047,MRO-10046;MRO-10047;MRO-80001,CNC Lathe,PUN-01,test,12,risk,risk,approved_on_validation,우선 점검 후보
2024-10-09,AST-2017,A2,12,8.404819568364054,0.2476926184748631,0.1806545726506623,MRO-10045;MRO-10046;MRO-20031,MRO-10045;MRO-10046;MRO-20031,Hydraulic Press,PUN-01,test,12,high_risk,risk,approved_on_validation,우선 점검 후보
2024-10-09,AST-2031,A2,13,7.654677648170645,0.1953934087963834,0.1372189996826286,MRO-50009;MRO-10045;MRO-10046,MRO-50009;MRO-10045;MRO-10046,Hydraulic Press,CHN-02,test,12,high_risk,risk,approved_on_validation,우선 점검 후보
2024-10-09,AST-3008,A2,14,11.376591531241848,0.4765019024154412,0.3933948639507823,MRO-10046;MRO-10047;MRO-50009,MRO-10046;MRO-10047;MRO-50009,Belt Conveyor,CHN-02,test,12,high_risk,high_risk,approved_on_validation,우선 점검 후보
2024-10-09,AST-3019,A2,6,6.163378795442118,0.1090942584634979,0.0691608977072653,MRO-10046;MRO-10047;MRO-20031,MRO-10046;MRO-10047;MRO-20031,Belt Conveyor,CHN-02,test,12,risk,risk,approved_on_validation,우선 점검 후보
2024-10-09,AST-4055,A2,4,8.388218231318495,0.2465310124759588,0.1798520370607603,MRO-20031;MRO-80001;MRO-10045,MRO-20031;MRO-80001;MRO-10045,Screw Compressor,DHR-03,test,12,caution,risk,approved_on_validation,우선 점검 후보
2024-10-09,AST-4061,A2,7,6.8276041918320525,0.1446950246604002,0.0955154940618049,MRO-30011;MRO-10047;MRO-20031,MRO-10047;MRO-20031;MRO-80001,Screw Compressor,DHR-03,test,12,risk,risk,approved_on_validation,우선 점검 후보
2024-10-09,AST-5003,A2,6,8.391789576346804,0.2485400245381894,0.1786959485431442,MRO-10045;MRO-10046;MRO-20031,MRO-10045;MRO-10046;MRO-20031,EOT Crane,DHR-03,test,12,risk,risk,approved_on_validation,우선 점검 후보
2024-10-09,AST-5007,A2,6,5.749992352842746,0.0878503884931553,0.0536548381291653,MRO-40022;MRO-10045;MRO-10046,MRO-10045;MRO-10046;MRO-10047,EOT Crane,PUN-01,test,12,risk,caution,approved_on_validation,우선 점검 후보
2024-10-10,AST-1041,A2,2,6.814619915013472,0.1413726684715808,0.096442740155598,MRO-10045;MRO-20031;MRO-50009,MRO-10045;MRO-20031;MRO-50009,CNC Lathe,PUN-01,test,12,caution,risk,approved_on_validation,우선 점검 후보
2024-10-10,AST-1042,A2,6,6.6868056366945545,0.136801418653012,0.090896471622916,MRO-10045;MRO-10047;MRO-10046,MRO-10045;MRO-10047;MRO-10046,CNC Lathe,PUN-01,test,12,risk,risk,approved_on_validation,우선 점검 후보
2024-10-10,AST-2017,A2,3,8.895144144983362,0.2848040414876646,0.2108204993284093,MRO-50009;MRO-80001;MRO-10046,MRO-50009;MRO-80001;MRO-10046,Hydraulic Press,PUN-01,test,12,caution,risk,approved_on_validation,우선 점검 후보
2024-10-10,AST-2031,A2,2,7.283684873000589,0.1727308133829913,0.1191281189959416,MRO-10045;MRO-10046;MRO-10047,MRO-10045;MRO-10046;MRO-10047,Hydraulic Press,CHN-02,test,12,caution,risk,approved_on_validation,우선 점검 후보
2024-10-10,AST-3008,A2,1,7.586827218517154,0.1904115403386647,0.1333732430445506,MRO-80001;MRO-50009;MRO-10046,MRO-80001;MRO-50009;MRO-10046,Belt Conveyor,CHN-02,test,12,caution,risk,approved_on_validation,우선 점검 후보
2024-10-10,AST-3019,A2,4,6.121417667140085,0.1082025170906756,0.0690333064228029,MRO-10047;MRO-10045;MRO-10046,MRO-10047;MRO-10045;MRO-10046,Belt Conveyor,CHN-02,test,12,caution,risk,approved_on_validation,우선 점검 후보
2024-10-10,AST-4055,A2,0,8.258274770701274,0.2359576252807017,0.1738172357977859,MRO-80001;MRO-10045;MRO-10046,MRO-80001;MRO-10045;MRO-10046,Screw Compressor,DHR-03,test,12,normal,risk,approved_on_validation,우선 점검 후보
2024-10-10,AST-4061,A2,8,6.780555462237875,0.1425876182854366,0.0931265041207456,MRO-30011;MRO-10045;MRO-10046,MRO-10045;MRO-10046;MRO-20031,Screw Compressor,DHR-03,test,12,risk,risk,approved_on_validation,우선 점검 후보
2024-10-10,AST-5003,A2,10,8.131490030809283,0.2277979855053207,0.1643442713155146,MRO-10046;MRO-10045;MRO-20031,MRO-10046;MRO-10045;MRO-20031,EOT Crane,DHR-03,test,12,risk,risk,approved_on_validation,우선 점검 후보
2024-10-10,AST-5007,A2,11,5.9579059914067445,0.0966590031905714,0.0605789784576189,MRO-40022;MRO-10046;MRO-10045,MRO-10046;MRO-10045;MRO-10047,EOT Crane,PUN-01,test,12,risk,risk,approved_on_validation,우선 점검 후보
2024-10-11,AST-1041,A2,6,7.1964271373039255,0.1671536227554002,0.1143649350355524,MRO-80001;MRO-10045;MRO-20031,MRO-80001;MRO-10045;MRO-20031,CNC Lathe,PUN-01,test,12,risk,risk,approved_on_validation,우선 점검 후보
2024-10-11,AST-1042,A2,12,7.686155657454109,0.1966798750838438,0.1379710627967976,MRO-20031;MRO-10046;MRO-10047,MRO-20031;MRO-10046;MRO-10047,CNC Lathe,PUN-01,test,12,high_risk,risk,approved_on_validation,우선 점검 후보
2024-10-11,AST-2017,A2,6,8.902124086761305,0.2841684097117674,0.2127448104869467,MRO-50009;MRO-10045;MRO-20031,MRO-50009;MRO-10045;MRO-20031,Hydraulic Press,PUN-01,test,12,risk,risk,approved_on_validation,우선 점검 후보
2024-10-11,AST-2031,A2,2,7.613559453103011,0.1923479138883019,0.1353993562442162,MRO-10047;MRO-10045;MRO-10046,MRO-10047;MRO-10045;MRO-10046,Hydraulic Press,CHN-02,test,12,caution,risk,approved_on_validation,우선 점검 후보
2024-10-11,AST-3008,A2,11,7.5403021481849155,0.1875454797730837,0.1313955051562592,MRO-10046;MRO-80001;MRO-10047,MRO-10046;MRO-80001;MRO-10047,Belt Conveyor,CHN-02,test,12,risk,risk,approved_on_validation,우선 점검 후보
2024-10-11,AST-3019,A2,3,6.0554370423495945,0.1053562327972277,0.0659968647169177,MRO-80001;MRO-10045;MRO-10047,MRO-80001;MRO-10045;MRO-10047,Belt Conveyor,CHN-02,test,12,caution,risk,approved_on_validation,우선 점검 후보
2024-10-11,AST-4055,A2,13,8.187393375864499,0.2337881040102717,0.1675460138133078,MRO-10045;MRO-10046;MRO-20031,MRO-10045;MRO-10046;MRO-20031,Screw Compressor,DHR-03,test,12,high_risk,risk,approved_on_validation,우선 점검 후보
2024-10-11,AST-4061,A2,5,6.596983366555814,0.1326371149522867,0.0861221113585082,MRO-10046;MRO-10047;MRO-20031,MRO-10046;MRO-10047;MRO-20031,Screw Compressor,DHR-03,test,12,caution,risk,approved_on_validation,우선 점검 후보
2024-10-11,AST-5003,A2,12,8.704484698919327,0.2691171911631886,0.1986198137331772,MRO-80001;MRO-20031;MRO-10046,MRO-80001;MRO-20031;MRO-10046,EOT Crane,DHR-03,test,12,high_risk,risk,approved_on_validation,우선 점검 후보
2024-10-11,AST-5007,A2,6,5.283943264471464,0.0668306023101159,0.0397071870583675,MRO-10046;MRO-40022;MRO-30011,MRO-10046;MRO-10047;MRO-50009,EOT Crane,PUN-01,test,12,risk,caution,approved_on_validation,우선 점검 후보
2024-10-12,AST-1041,A2,0,0.0032073529061687,7.560384717160224e-12,7.137392342018491e-15,MRO-10046;MRO-10047;MRO-20031,MRO-10046;MRO-10047;MRO-20031,CNC Lathe,PUN-01,test,12,normal,normal,approved_on_validation,우선 점검 후보
2024-10-12,AST-1042,A2,0,0.0032400786104635,6.584917365409258e-12,6.672848841564196e-15,MRO-10045;MRO-10047;MRO-20031,MRO-10045;MRO-10047;MRO-20031,CNC Lathe,PUN-01,test,12,normal,normal,approved_on_validation,우선 점검 후보
2024-10-12,AST-2017,A2,0,0.003279814280539,6.777022220835846e-12,6.978326067782251e-15,MRO-70005;MRO-40021;MRO-10047,MRO-10047;MRO-10045;MRO-10046,Hydraulic Press,PUN-01,test,12,normal,normal,approved_on_validation,우선 점검 후보
2024-10-12,AST-2031,A2,0,0.0033220884661517,6.729307096224186e-12,7.128857079226701e-15,MRO-70005;MRO-60015;MRO-80002,MRO-80001;MRO-10045;MRO-10046,Hydraulic Press,CHN-02,test,12,normal,normal,approved_on_validation,우선 점검 후보
2024-10-12,AST-3008,A2,0,0.003370223126165,6.6680408959553466e-12,7.560955019678763e-15,MRO-70005;MRO-10045;MRO-10046,MRO-10045;MRO-10046;MRO-20031,Belt Conveyor,CHN-02,test,12,normal,normal,approved_on_validation,우선 점검 후보
2024-10-12,AST-3019,A2,0,0.0032436398148285,6.61347977879775e-12,6.685025134707981e-15,MRO-50008;MRO-70004;MRO-10045,MRO-10045;MRO-10046;MRO-10047,Belt Conveyor,CHN-02,test,12,normal,normal,approved_on_validation,우선 점검 후보
2024-10-12,AST-4055,A2,0,0.003322399002107,6.933310759156012e-12,7.210298318919393e-15,MRO-60016;MRO-40021;MRO-20031,MRO-20031;MRO-10045;MRO-10046,Screw Compressor,DHR-03,test,12,normal,normal,approved_on_validation,우선 점검 후보
2024-10-12,AST-4061,A2,0,0.0032644699895802,6.617358302623475e-12,6.787830633009112e-15,MRO-30011;MRO-10046;MRO-70004,MRO-10046;MRO-10047;MRO-50009,Screw Compressor,DHR-03,test,12,normal,normal,approved_on_validation,우선 점검 후보
2024-10-12,AST-5003,A2,0,0.0033836247310697,7.1706178583432215e-12,7.626776553232518e-15,MRO-60015;MRO-20031;MRO-80001,MRO-20031;MRO-80001;MRO-10045,EOT Crane,DHR-03,test,12,normal,normal,approved_on_validation,우선 점검 후보
2024-10-12,AST-5007,A2,0,0.0032800271121664,6.853053346461613e-12,7.0043853151252114e-15,MRO-10046;MRO-40021;MRO-60015,MRO-10046;MRO-10045;MRO-10047,EOT Crane,PUN-01,test,12,normal,normal,approved_on_validation,우선 점검 후보
2024-10-13,AST-1041,A2,0,0.0031911531785787,6.233124327716509e-12,6.258931468310158e-15,MRO-70004;MRO-10046;MRO-10047,MRO-10046;MRO-10047;MRO-50009,CNC Lathe,PUN-01,test,12,normal,normal,approved_on_validation,우선 점검 후보
2024-10-13,AST-1042,A2,0,0.0032430542306556,6.606335615582775e-12,6.700288601864862e-15,MRO-10045;MRO-10047;MRO-20031,MRO-10045;MRO-10047;MRO-20031,CNC Lathe,PUN-01,test,12,normal,normal,approved_on_validation,우선 점검 후보
2024-10-13,AST-2017,A2,0,0.003244268884473,6.590515298110387e-12,6.703805269781039e-15,MRO-70005;MRO-10045;MRO-10046,MRO-10045;MRO-10046;MRO-20031,Hydraulic Press,PUN-01,test,12,normal,normal,approved_on_validation,우선 점검 후보
2024-10-13,AST-2031,A2,0,0.0033038125199994,6.627333682244853e-12,6.986862039232832e-15,MRO-70005;MRO-60015;MRO-10045,MRO-10045;MRO-10046;MRO-10047,Hydraulic Press,CHN-02,test,12,normal,normal,approved_on_validation,우선 점검 후보
2024-10-13,AST-3008,A2,0,0.0032201716280155,6.568161225892795e-12,6.5376766986550576e-15,MRO-10045;MRO-10046;MRO-20031,MRO-10045;MRO-10046;MRO-20031,Belt Conveyor,CHN-02,test,12,normal,normal,approved_on_validation,우선 점검 후보
2024-10-13,AST-3019,A2,0,0.003290118106422,6.5401651035503585e-12,7.009477615627559e-15,MRO-70005;MRO-10045;MRO-10047,MRO-10045;MRO-10047;MRO-20031,Belt Conveyor,CHN-02,test,12,normal,normal,approved_on_validation,우선 점검 후보
2024-10-13,AST-4055,A2,0,0.0032814474089558,6.673475984448493e-12,6.880490215426844e-15,MRO-40021;MRO-10045;MRO-10046,MRO-10045;MRO-10046;MRO-50009,Screw Compressor,DHR-03,test,12,normal,normal,approved_on_validation,우선 점검 후보
2024-10-13,AST-4061,A2,0,0.0032570119749953,6.486198635797402e-12,6.650297269664187e-15,MRO-30011;MRO-10045;MRO-10047,MRO-10045;MRO-10047;MRO-50009,Screw Compressor,DHR-03,test,12,normal,normal,approved_on_validation,우선 점검 후보
2024-10-13,AST-5003,A2,0,0.0033349131877716,6.83586911599704e-12,7.157627007487626e-15,MRO-60015;MRO-50009;MRO-30011,MRO-50009;MRO-10045;MRO-10046,EOT Crane,DHR-03,test,12,normal,normal,approved_on_validation,우선 점검 후보
2024-10-13,AST-5007,A2,0,0.0032234577081784,6.620160485353812e-12,6.6108056036118555e-15,MRO-10045;MRO-10046;MRO-10047,MRO-10045;MRO-10046;MRO-10047,EOT Crane,PUN-01,test,12,normal,normal,approved_on_validation,우선 점검 후보
2024-10-14,AST-1041,A2,3,6.673005638796031,0.1312221510637428,0.0896577117480281,MRO-70005;MRO-10045;MRO-50009,MRO-10045;MRO-50009;MRO-20031,CNC Lathe,PUN-01,test,12,caution,risk,approved_on_validation,우선 점검 후보
2024-10-14,AST-1042,A2,0,6.898519221011779,0.1491081448537998,0.1001991960285148,MRO-10046;MRO-50009;MRO-10045,MRO-10046;MRO-50009;MRO-10045,CNC Lathe,PUN-01,test,12,normal,risk,approved_on_validation,우선 점검 후보
2024-10-14,AST-2017,A2,7,7.926990853474134,0.2125927376103523,0.152052020468001,MRO-10045;MRO-50009;MRO-80001,MRO-10045;MRO-50009;MRO-80001,Hydraulic Press,PUN-01,test,12,risk,risk,approved_on_validation,우선 점검 후보
2024-10-14,AST-2031,A2,10,7.250176822210094,0.1694878182090378,0.1175078222837618,MRO-10046;MRO-10047;MRO-80001,MRO-10046;MRO-10047;MRO-80001,Hydraulic Press,CHN-02,test,12,risk,risk,approved_on_validation,우선 점검 후보
2024-10-14,AST-3008,A2,2,7.324546725901285,0.173738490166815,0.1196417482537778,MRO-50008;MRO-10047;MRO-80001,MRO-10047;MRO-80001;MRO-20031,Belt Conveyor,CHN-02,test,12,caution,risk,approved_on_validation,우선 점검 후보
2024-10-14,AST-3019,A2,2,6.070768378081335,0.104764229714569,0.066624527595068,MRO-20031;MRO-10047;MRO-10045,MRO-20031;MRO-10047;MRO-10045,Belt Conveyor,CHN-02,test,12,caution,risk,approved_on_validation,우선 점검 후보
2024-10-14,AST-4055,A2,2,8.380477829261784,0.2431092906154666,0.1800888547091001,MRO-80001;MRO-20031;MRO-10047,MRO-80001;MRO-20031;MRO-10047,Screw Compressor,DHR-03,test,12,caution,risk,approved_on_validation,우선 점검 후보
2024-10-14,AST-4061,A2,1,6.651501611360712,0.1340637791507471,0.0880424296095564,MRO-50009;MRO-30012;MRO-30011,MRO-50009;MRO-10045;MRO-10046,Screw Compressor,DHR-03,test,12,caution,risk,approved_on_validation,우선 점검 후보
2024-10-14,AST-5003,A2,18,8.044346528003667,0.2207297328960983,0.1584278787921078,MRO-20031;MRO-50009;MRO-80001,MRO-20031;MRO-50009;MRO-80001,EOT Crane,DHR-03,test,12,high_risk,risk,approved_on_validation,우선 점검 후보
2024-10-14,AST-5007,A2,3,6.682963883290392,0.1353608901940896,0.0900968421429029,MRO-10046;MRO-10047;MRO-50009,MRO-10046;MRO-10047;MRO-50009,EOT Crane,PUN-01,test,12,caution,risk,approved_on_validation,우선 점검 후보
2024-10-15,AST-1041,A2,6,7.171482483461457,0.1658512322882913,0.1120395737222653,MRO-10045;MRO-40021;MRO-20031,MRO-10045;MRO-20031;MRO-50009,CNC Lathe,PUN-01,test,12,risk,risk,approved_on_validation,우선 점검 후보
2024-10-15,AST-1042,A2,0,7.296547355380615,0.1732123144351641,0.1199966986402808,MRO-10046;MRO-50009;MRO-10045,MRO-10046;MRO-50009;MRO-10045,CNC Lathe,PUN-01,test,12,normal,risk,approved_on_validation,우선 점검 후보
2024-10-15,AST-2017,A2,8,7.151700603435221,0.1618978990475789,0.1108469527853398,MRO-40022;MRO-10047;MRO-50009,MRO-10047;MRO-50009;MRO-80001,Hydraulic Press,PUN-01,test,12,risk,risk,approved_on_validation,우선 점검 후보
2024-10-15,AST-2031,A2,7,7.606559941690511,0.1929500901734168,0.1335368713539957,MRO-10047;MRO-50009;MRO-10045,MRO-10047;MRO-50009;MRO-10045,Hydraulic Press,CHN-02,test,12,risk,risk,approved_on_validation,우선 점검 후보
2024-10-15,AST-3008,A2,9,7.184556394515241,0.1663017248050873,0.1134452459577711,MRO-10047;MRO-80001;MRO-10046,MRO-10047;MRO-80001;MRO-10046,Belt Conveyor,CHN-02,test,12,risk,risk,approved_on_validation,우선 점검 후보
2024-10-15,AST-3019,A2,12,5.966959087237863,0.1001542553605392,0.0630169105079779,MRO-20031;MRO-10045;MRO-10047,MRO-20031;MRO-10045;MRO-10047,Belt Conveyor,CHN-02,test,12,high_risk,risk,approved_on_validation,우선 점검 후보
2024-10-15,AST-4055,A2,9,8.111484400566107,0.2265870541690412,0.16318112083447,MRO-20031;MRO-10046;MRO-50009,MRO-20031;MRO-10046;MRO-50009,Screw Compressor,DHR-03,test,12,risk,risk,approved_on_validation,우선 점검 후보
2024-10-15,AST-4061,A2,6,6.637948314070487,0.1339876799025207,0.0874414603645877,MRO-60015;MRO-10046;MRO-10045,MRO-10046;MRO-10045;MRO-10047,Screw Compressor,DHR-03,test,12,risk,risk,approved_on_validation,우선 점검 후보
2024-10-15,AST-5003,A2,14,8.769232808493754,0.2736451133887961,0.2037543474248437,MRO-10045;MRO-20031;MRO-50009,MRO-10045;MRO-20031;MRO-50009,EOT Crane,DHR-03,test,12,high_risk,risk,approved_on_validation,우선 점검 후보
2024-10-15,AST-5007,A2,7,5.63781555492611,0.0824414097515861,0.0503665127452153,MRO-10046;MRO-40022;MRO-10045,MRO-10046;MRO-10045;MRO-10047,EOT Crane,PUN-01,test,12,risk,caution,approved_on_validation,우선 점검 후보
2024-10-16,AST-1041,A2,8,6.566764533449599,0.1269917883910647,0.0840464913477153,MRO-50009;MRO-10047;MRO-20031,MRO-50009;MRO-10047;MRO-20031,CNC Lathe,PUN-01,test,12,risk,risk,approved_on_validation,우선 점검 후보
2024-10-16,AST-1042,A2,6,6.622602388630635,0.1308735647551722,0.0881702820886657,MRO-70005;MRO-10046;MRO-50009,MRO-10046;MRO-50009;MRO-80001,CNC Lathe,PUN-01,test,12,risk,risk,approved_on_validation,우선 점검 후보
2024-10-16,AST-2017,A2,5,8.888462663757743,0.2800653019786769,0.2119415579207923,MRO-80001;MRO-50009;MRO-10045,MRO-80001;MRO-50009;MRO-10045,Hydraulic Press,PUN-01,test,12,caution,risk,approved_on_validation,우선 점검 후보
2024-10-16,AST-2031,A2,2,7.2479193769078,0.1684259262287925,0.1175740726848308,MRO-80001;MRO-10045;MRO-10047,MRO-80001;MRO-10045;MRO-10047,Hydraulic Press,CHN-02,test,12,caution,risk,approved_on_validation,우선 점검 후보
2024-10-16,AST-3008,A2,10,7.292971880208254,0.1720939332280484,0.1175762073318295,MRO-40021;MRO-10047;MRO-80001,MRO-10047;MRO-80001;MRO-10046,Belt Conveyor,CHN-02,test,12,risk,risk,approved_on_validation,우선 점검 후보
2024-10-16,AST-3019,A2,14,6.1652707809362575,0.1089906035802728,0.0695300959342264,MRO-80001;MRO-20031;MRO-10046,MRO-80001;MRO-20031;MRO-10046,Belt Conveyor,CHN-02,test,12,high_risk,risk,approved_on_validation,우선 점검 후보
2024-10-16,AST-4055,A2,10,8.498916064697292,0.2567746044376051,0.1868045270713952,MRO-20031;MRO-80001;MRO-10047,MRO-20031;MRO-80001;MRO-10047,Screw Compressor,DHR-03,test,12,risk,risk,approved_on_validation,우선 점검 후보
2024-10-16,AST-4061,A2,4,6.704142729700385,0.1387112586086289,0.091180732151231,MRO-10046;MRO-10047;MRO-80001,MRO-10046;MRO-10047;MRO-80001,Screw Compressor,DHR-03,test,12,caution,risk,approved_on_validation,우선 점검 후보
2024-10-16,AST-5003,A2,8,8.349635530236432,0.2406217066865195,0.1764571949507693,MRO-10045;MRO-50009;MRO-10047,MRO-10045;MRO-50009;MRO-10047,EOT Crane,DHR-03,test,12,risk,risk,approved_on_validation,우선 점검 후보
2024-10-16,AST-5007,A2,7,5.8677841350740145,0.0944646672335075,0.0581277156833361,MRO-10047;MRO-10046;MRO-10045,MRO-10047;MRO-10046;MRO-10045,EOT Crane,PUN-01,test,12,risk,risk,approved_on_validation,우선 점검 후보
2024-10-17,AST-1041,A2,10,7.838512668409621,0.2084749233631119,0.14868971241973,MRO-20031;MRO-50009;MRO-10045,MRO-20031;MRO-50009;MRO-10045,CNC Lathe,PUN-01,test,12,risk,risk,approved_on_validation,우선 점검 후보
2024-10-17,AST-1042,A2,0,6.668641844634972,0.1349704391000828,0.0901104857554881,MRO-10047;MRO-10046;MRO-50009,MRO-10047;MRO-10046;MRO-50009,CNC Lathe,PUN-01,test,12,normal,risk,approved_on_validation,우선 점검 후보
2024-10-17,AST-2017,A2,6,8.934269094634063,0.2845397553909181,0.2150248571420789,MRO-10045;MRO-50009;MRO-10047,MRO-10045;MRO-50009;MRO-10047,Hydraulic Press,PUN-01,test,12,risk,risk,approved_on_validation,우선 점검 후보
2024-10-17,AST-2031,A2,9,7.744778182396866,0.2001095839392269,0.1432005759389774,MRO-10045;MRO-10047;MRO-50009,MRO-10045;MRO-10047;MRO-50009,Hydraulic Press,CHN-02,test,12,risk,risk,approved_on_validation,우선 점검 후보
2024-10-17,AST-3008,A2,8,8.170459394214186,0.2293037501039978,0.1652628889710184,MRO-20031;MRO-50008;MRO-50009,MRO-20031;MRO-50009;MRO-10047,Belt Conveyor,CHN-02,test,12,risk,risk,approved_on_validation,우선 점검 후보
2024-10-17,AST-3019,A2,14,6.42352026088951,0.1234974912636747,0.0800186457575744,MRO-10045;MRO-10047;MRO-80001,MRO-10045;MRO-10047;MRO-80001,Belt Conveyor,CHN-02,test,12,high_risk,risk,approved_on_validation,우선 점검 후보
2024-10-17,AST-4055,A2,9,8.28996752661292,0.2397786025420913,0.1740714773550198,MRO-10047;MRO-10046;MRO-10045,MRO-10047;MRO-10046;MRO-10045,Screw Compressor,DHR-03,test,12,risk,risk,approved_on_validation,우선 점검 후보
2024-10-17,AST-4061,A2,6,6.95588217751329,0.1530661607452783,0.1017782225764613,MRO-20031;MRO-10045;MRO-10046,MRO-20031;MRO-10045;MRO-10046,Screw Compressor,DHR-03,test,12,risk,risk,approved_on_validation,우선 점검 후보
2024-10-17,AST-5003,A2,4,7.97108546851944,0.2178193997066385,0.1542496006185471,MRO-10045;MRO-50009;MRO-10047,MRO-10045;MRO-50009;MRO-10047,EOT Crane,DHR-03,test,12,caution,risk,approved_on_validation,우선 점검 후보
2024-10-17,AST-5007,A2,3,6.248980100490089,0.112305274570669,0.0713319657554151,MRO-10047;MRO-10046;MRO-10045,MRO-10047;MRO-10046;MRO-10045,EOT Crane,PUN-01,test,12,caution,risk,approved_on_validation,우선 점검 후보
2024-10-18,AST-1041,A2,3,7.284357620334777,0.172069111714076,0.1192546962223684,MRO-20031;MRO-10047;MRO-50009,MRO-20031;MRO-10047;MRO-50009,CNC Lathe,PUN-01,test,12,caution,risk,approved_on_validation,우선 점검 후보
2024-10-18,AST-1042,A2,6,6.78596014074818,0.1413216537437465,0.0944891205829615,MRO-10047;MRO-10046;MRO-50009,MRO-10047;MRO-10046;MRO-50009,CNC Lathe,PUN-01,test,12,risk,risk,approved_on_validation,우선 점검 후보
2024-10-18,AST-2017,A2,18,8.074502735398383,0.2216731940322251,0.1594996006259363,MRO-40022;MRO-10045;MRO-10047,MRO-10045;MRO-10047;MRO-10046,Hydraulic Press,PUN-01,test,12,high_risk,risk,approved_on_validation,우선 점검 후보
2024-10-18,AST-2031,A2,8,7.388749201585506,0.1791848350280764,0.1245949023196069,MRO-10045;MRO-50009;MRO-10046,MRO-10045;MRO-50009;MRO-10046,Hydraulic Press,CHN-02,test,12,risk,risk,approved_on_validation,우선 점검 후보
2024-10-18,AST-3008,A2,3,7.667152400868076,0.191737785877827,0.1363335331501488,MRO-90011;MRO-50009;MRO-40021,MRO-50009;MRO-80001;MRO-10046,Belt Conveyor,CHN-02,test,12,caution,risk,approved_on_validation,우선 점검 후보
2024-10-18,AST-3019,A2,12,6.083453552521184,0.1045684135914951,0.0670725217413355,MRO-10045;MRO-10047;MRO-50009,MRO-10045;MRO-10047;MRO-50009,Belt Conveyor,CHN-02,test,12,high_risk,risk,approved_on_validation,우선 점검 후보
2024-10-18,AST-4055,A2,12,8.8479828475568,0.2804329771225696,0.2079533088992667,MRO-10045;MRO-80001;MRO-20031,MRO-10045;MRO-80001;MRO-20031,Screw Compressor,DHR-03,test,12,high_risk,risk,approved_on_validation,우선 점검 후보
2024-10-18,AST-4061,A2,2,6.9279192245078045,0.1480682099015831,0.1013335418473429,MRO-10046;MRO-80001;MRO-10047,MRO-10046;MRO-80001;MRO-10047,Screw Compressor,DHR-03,test,12,caution,risk,approved_on_validation,우선 점검 후보
2024-10-18,AST-5003,A2,1,8.364349102568397,0.2454246531182035,0.1768523814831949,MRO-10047;MRO-10046;MRO-40022,MRO-10047;MRO-10046;MRO-80001,EOT Crane,DHR-03,test,12,caution,risk,approved_on_validation,우선 점검 후보
2024-10-18,AST-5007,A2,8,5.793160813827976,0.0896696474972224,0.0556175701169855,MRO-10047;MRO-40022;MRO-80001,MRO-10047;MRO-80001;MRO-10046,EOT Crane,PUN-01,test,12,risk,caution,approved_on_validation,우선 점검 후보
2024-10-19,AST-1041,A2,0,0.0032320600149959,6.560781841520604e-12,6.611796183222199e-15,MRO-10045;MRO-10046;MRO-20031,MRO-10045;MRO-10046;MRO-20031,CNC Lathe,PUN-01,test,12,normal,normal,approved_on_validation,우선 점검 후보
2024-10-19,AST-1042,A2,0,0.0032425876706738,6.602618346525366e-12,6.696899014973841e-15,MRO-10045;MRO-10046;MRO-10047,MRO-10045;MRO-10046;MRO-10047,CNC Lathe,PUN-01,test,12,normal,normal,approved_on_validation,우선 점검 후보
2024-10-19,AST-2017,A2,0,0.0032405020575208,6.5242934165006964e-12,6.619156113916775e-15,MRO-50008;MRO-50009;MRO-20031,MRO-50009;MRO-20031;MRO-10045,Hydraulic Press,PUN-01,test,12,normal,normal,approved_on_validation,우선 점검 후보
2024-10-19,AST-2031,A2,0,0.0032803750628222,6.949868922568212e-12,7.113647084757311e-15,MRO-50009;MRO-30012;MRO-70004,MRO-50009;MRO-80001;MRO-10045,Hydraulic Press,CHN-02,test,12,normal,normal,approved_on_validation,우선 점검 후보
2024-10-19,AST-3008,A2,0,0.003346366257743,6.673663622014922e-12,7.413567082097728e-15,MRO-20032;MRO-70004;MRO-70005,MRO-10045;MRO-10047;MRO-20031,Belt Conveyor,CHN-02,test,12,normal,normal,approved_on_validation,우선 점검 후보
2024-10-19,AST-3019,A2,0,0.0030856926924133,5.448986918683502e-12,5.3361349092992526e-15,MRO-10045;MRO-10047;MRO-20033,MRO-10045;MRO-10047;MRO-50009,Belt Conveyor,CHN-02,test,12,normal,normal,approved_on_validation,우선 점검 후보
2024-10-19,AST-4055,A2,0,0.0032935870056394,6.918098408354965e-12,7.099418748452952e-15,MRO-60016;MRO-20031;MRO-10045,MRO-20031;MRO-10045;MRO-50009,Screw Compressor,DHR-03,test,12,normal,normal,approved_on_validation,우선 점검 후보
2024-10-19,AST-4061,A2,0,0.0032536283140499,6.597045243492082e-12,6.805543985411542e-15,MRO-70005;MRO-10045;MRO-10046,MRO-10045;MRO-10046;MRO-10047,Screw Compressor,DHR-03,test,12,normal,normal,approved_on_validation,우선 점검 후보
2024-10-19,AST-5003,A2,0,0.0032749820303004,6.710630256806474e-12,6.8785988822205e-15,MRO-50008;MRO-80002;MRO-10045,MRO-10045;MRO-10046;MRO-10047,EOT Crane,DHR-03,test,12,normal,normal,approved_on_validation,우선 점검 후보
2024-10-19,AST-5007,A2,0,0.0033400354018501,6.93603983199556e-12,7.52333296956659e-15,MRO-70005;MRO-10046;MRO-10047,MRO-10046;MRO-10047;MRO-10045,EOT Crane,PUN-01,test,12,normal,normal,approved_on_validation,우선 점검 후보
2024-10-20,AST-1041,A2,0,0.0032358657924277,6.620341467164877e-12,6.662599686305432e-15,MRO-10045;MRO-10046;MRO-10047,MRO-10045;MRO-10046;MRO-10047,CNC Lathe,PUN-01,test,12,normal,normal,approved_on_validation,우선 점검 후보
2024-10-20,AST-1042,A2,0,0.0032439309986882,6.613345035628094e-12,6.7094388272511115e-15,MRO-10045;MRO-10046;MRO-10047,MRO-10045;MRO-10046;MRO-10047,CNC Lathe,PUN-01,test,12,normal,normal,approved_on_validation,우선 점검 후보
2024-10-20,AST-2017,A2,0,0.0033043220136939,7.194704561333977e-12,7.343810903274333e-15,MRO-20031;MRO-20033;MRO-30011,MRO-20031;MRO-10045;MRO-10046,Hydraulic Press,PUN-01,test,12,normal,normal,approved_on_validation,우선 점검 후보
2024-10-20,AST-2031,A2,0,0.003289122741679,6.729099145725841e-12,6.942538955989768e-15,MRO-40021;MRO-50008;MRO-60016,MRO-80001;MRO-10045;MRO-10046,Hydraulic Press,CHN-02,test,12,normal,normal,approved_on_validation,우선 점검 후보
2024-10-20,AST-3008,A2,0,0.0034668418877634,6.703921162523497e-12,8.228843697011473e-15,MRO-70005;MRO-20032;MRO-70004,MRO-10045;MRO-10046;MRO-10047,Belt Conveyor,CHN-02,test,12,normal,normal,approved_on_validation,우선 점검 후보
2024-10-20,AST-3019,A2,0,0.0032345805416984,6.592124314617918e-12,6.640574213265763e-15,MRO-10045;MRO-10047;MRO-50009,MRO-10045;MRO-10047;MRO-50009,Belt Conveyor,CHN-02,test,12,normal,normal,approved_on_validation,우선 점검 후보
2024-10-20,AST-4055,A2,0,0.0032959974285779,6.940503506457293e-12,7.12588125136354e-15,MRO-60016;MRO-20031;MRO-10045,MRO-20031;MRO-10045;MRO-10046,Screw Compressor,DHR-03,test,12,normal,normal,approved_on_validation,우선 점검 후보
2024-10-20,AST-4061,A2,0,0.0032628951510063,6.939954240575068e-12,6.996903082309093e-15,MRO-70005;MRO-60016;MRO-20031,MRO-20031;MRO-10047;MRO-50009,Screw Compressor,DHR-03,test,12,normal,normal,approved_on_validation,우선 점검 후보
2024-10-20,AST-5003,A2,0,0.0032389243128053,6.602495671562583e-12,6.6739343848656104e-15,MRO-90012;MRO-10045;MRO-10046,MRO-10045;MRO-10046;MRO-10047,EOT Crane,DHR-03,test,12,normal,normal,approved_on_validation,우선 점검 후보
2024-10-20,AST-5007,A2,0,0.0032778987238138,7.091534443065961e-12,7.163466138301472e-15,MRO-10046;MRO-10047;MRO-10045,MRO-10046;MRO-10047;MRO-10045,EOT Crane,PUN-01,test,12,normal,normal,approved_on_validation,우선 점검 후보
2024-10-21,AST-1041,A2,5,6.2304127428629,0.1087106018879209,0.0713801924596146,MRO-70005;MRO-10047;MRO-50009,MRO-10047;MRO-50009;MRO-20031,CNC Lathe,PUN-01,test,12,caution,risk,approved_on_validation,우선 점검 후보
2024-10-21,AST-1042,A2,7,6.89594504461593,0.1467170378157142,0.1000504643610739,MRO-80001;MRO-10047;MRO-10045,MRO-80001;MRO-10047;MRO-10045,CNC Lathe,PUN-01,test,12,risk,risk,approved_on_validation,우선 점검 후보
2024-10-21,AST-2017,A2,2,8.509398045027414,0.2537104611749063,0.1874022265418848,MRO-10045;MRO-10046;MRO-10047,MRO-10045;MRO-10046;MRO-10047,Hydraulic Press,PUN-01,test,12,caution,risk,approved_on_validation,우선 점검 후보
2024-10-21,AST-2031,A2,8,6.9803627898548,0.1533348589662143,0.1035239231619173,MRO-50009;MRO-10045;MRO-10047,MRO-50009;MRO-10045;MRO-10047,Hydraulic Press,CHN-02,test,12,risk,risk,approved_on_validation,우선 점검 후보
2024-10-21,AST-3008,A2,5,7.604960949780606,0.1882607206892375,0.133392495100451,MRO-10046;MRO-30011;MRO-40021,MRO-10046;MRO-50009;MRO-10047,Belt Conveyor,CHN-02,test,12,caution,risk,approved_on_validation,우선 점검 후보
2024-10-21,AST-3019,A2,0,6.149568554723664,0.1089691642168076,0.0690403861902812,MRO-10046;MRO-20031;MRO-50009,MRO-10046;MRO-20031;MRO-50009,Belt Conveyor,CHN-02,test,12,normal,risk,approved_on_validation,우선 점검 후보
2024-10-21,AST-4055,A2,14,7.936070965537193,0.2148689650876351,0.1535383237367815,MRO-10046;MRO-10047;MRO-20031,MRO-10046;MRO-10047;MRO-20031,Screw Compressor,DHR-03,test,12,high_risk,risk,approved_on_validation,우선 점검 후보
2024-10-21,AST-4061,A2,8,6.8905426897728255,0.1477558542313933,0.0985369772999,MRO-40022;MRO-80001;MRO-10045,MRO-80001;MRO-10045;MRO-10046,Screw Compressor,DHR-03,test,12,risk,risk,approved_on_validation,우선 점검 후보
2024-10-21,AST-5003,A2,8,8.102663405102831,0.2255857437613892,0.1620421410080911,MRO-10045;MRO-50009;MRO-10047,MRO-10045;MRO-50009;MRO-10047,EOT Crane,DHR-03,test,12,risk,risk,approved_on_validation,우선 점검 후보
2024-10-21,AST-5007,A2,4,5.909867980920462,0.0946237798659098,0.0593558093402585,MRO-80001;MRO-80002;MRO-10046,MRO-80001;MRO-10046;MRO-10047,EOT Crane,PUN-01,test,12,caution,risk,approved_on_validation,우선 점검 후보
2024-10-22,AST-1041,A2,0,6.503916972527551,0.1234694800194806,0.0824139974770895,MRO-20031;MRO-10045;MRO-50009,MRO-20031;MRO-10045;MRO-50009,CNC Lathe,PUN-01,test,12,normal,risk,approved_on_validation,우선 점검 후보
2024-10-22,AST-1042,A2,4,7.14266846483842,0.1622557998825602,0.1109071238186356,MRO-40021;MRO-20031;MRO-80001,MRO-20031;MRO-80001;MRO-10047,CNC Lathe,PUN-01,test,12,caution,risk,approved_on_validation,우선 점검 후보
2024-10-22,AST-2017,A2,7,8.660807373170961,0.267174862785864,0.1956088052854805,MRO-20031;MRO-10045;MRO-10046,MRO-20031;MRO-10045;MRO-10046,Hydraulic Press,PUN-01,test,12,risk,risk,approved_on_validation,우선 점검 후보
2024-10-22,AST-2031,A2,9,7.700339568785009,0.1988456757014131,0.1397077393099763,MRO-50009;MRO-10045;MRO-10047,MRO-50009;MRO-10045;MRO-10047,Hydraulic Press,CHN-02,test,12,risk,risk,approved_on_validation,우선 점검 후보
2024-10-22,AST-3008,A2,10,7.865700048940619,0.2080543928416388,0.1462089103053262,MRO-10046;MRO-40022;MRO-10047,MRO-10046;MRO-10047;MRO-50009,Belt Conveyor,CHN-02,test,12,risk,risk,approved_on_validation,우선 점검 후보
2024-10-22,AST-3019,A2,6,6.171190226535742,0.1104040095508979,0.0692353234491457,MRO-10046;MRO-40022;MRO-20031,MRO-10046;MRO-20031;MRO-50009,Belt Conveyor,CHN-02,test,12,risk,risk,approved_on_validation,우선 점검 후보
2024-10-22,AST-4055,A2,12,8.09332485130354,0.2253830503187789,0.1619711219242913,MRO-10047;MRO-10045;MRO-80001,MRO-10047;MRO-10045;MRO-80001,Screw Compressor,DHR-03,test,12,high_risk,risk,approved_on_validation,우선 점검 후보
2024-10-22,AST-4061,A2,12,6.8810183115515375,0.1480509964479021,0.0987044343957331,MRO-80001;MRO-10046;MRO-10045,MRO-80001;MRO-10046;MRO-10045,Screw Compressor,DHR-03,test,12,high_risk,risk,approved_on_validation,우선 점검 후보
2024-10-22,AST-5003,A2,6,7.555895021170111,0.1896856214031229,0.1322054409807024,MRO-10045;MRO-10047;MRO-80001,MRO-10045;MRO-10047;MRO-80001,EOT Crane,DHR-03,test,12,risk,risk,approved_on_validation,우선 점검 후보
2024-10-22,AST-5007,A2,0,5.625472782164906,0.0822162831035805,0.050393671230531,MRO-10046;MRO-10047;MRO-10045,MRO-10046;MRO-10047;MRO-10045,EOT Crane,PUN-01,test,12,normal,caution,approved_on_validation,우선 점검 후보
2024-10-23,AST-1041,A2,6,6.741079616296822,0.1390917980086791,0.0924048016935142,MRO-50009;MRO-10047;MRO-20031,MRO-50009;MRO-10047;MRO-20031,CNC Lathe,PUN-01,test,12,risk,risk,approved_on_validation,우선 점검 후보
2024-10-23,AST-1042,A2,4,6.9800020636853395,0.1525434082022228,0.1037908967761087,MRO-50009;MRO-80001;MRO-10047,MRO-50009;MRO-80001;MRO-10047,CNC Lathe,PUN-01,test,12,caution,risk,approved_on_validation,우선 점검 후보
2024-10-23,AST-2017,A2,13,9.456921096058402,0.3233422457685889,0.24878721107608,MRO-20031;MRO-10045;MRO-10046,MRO-20031;MRO-10045;MRO-10046,Hydraulic Press,PUN-01,test,12,high_risk,risk,approved_on_validation,우선 점검 후보
2024-10-23,AST-2031,A2,8,7.414835319926951,0.1810146150313089,0.1256314554790803,MRO-50009;MRO-10047;MRO-10045,MRO-50009;MRO-10047;MRO-10045,Hydraulic Press,CHN-02,test,12,risk,risk,approved_on_validation,우선 점검 후보
2024-10-23,AST-3008,A2,12,7.220086031254873,0.166699694428427,0.1149753735822854,MRO-10045;MRO-80001;MRO-10047,MRO-10045;MRO-80001;MRO-10047,Belt Conveyor,CHN-02,test,12,high_risk,risk,approved_on_validation,우선 점검 후보
2024-10-23,AST-3019,A2,4,6.245542359165553,0.1123950241133348,0.0725708401709917,MRO-20031;MRO-10045;MRO-10047,MRO-20031;MRO-10045;MRO-10047,Belt Conveyor,CHN-02,test,12,caution,risk,approved_on_validation,우선 점검 후보
2024-10-23,AST-4055,A2,11,7.448333316524249,0.184813873302908,0.1264399397983498,MRO-10045;MRO-80001;MRO-50009,MRO-10045;MRO-80001;MRO-50009,Screw Compressor,DHR-03,test,12,risk,risk,approved_on_validation,우선 점검 후보
2024-10-23,AST-4061,A2,22,6.6718093835968215,0.1354320320467662,0.0894425608139854,MRO-10046;MRO-10045;MRO-20031,MRO-10046;MRO-10045;MRO-20031,Screw Compressor,DHR-03,test,12,high_risk,risk,approved_on_validation,우선 점검 후보
2024-10-23,AST-5003,A2,9,8.911057343178484,0.2827423346943089,0.2123738307444088,MRO-10046;MRO-20031;MRO-80001,MRO-10046;MRO-20031;MRO-80001,EOT Crane,DHR-03,test,12,risk,risk,approved_on_validation,우선 점검 후보
2024-10-23,AST-5007,A2,1,5.81402902614851,0.090583677339581,0.0556781974412488,MRO-40022;MRO-10046;MRO-10047,MRO-10046;MRO-10047;MRO-10045,EOT Crane,PUN-01,test,12,caution,caution,approved_on_validation,우선 점검 후보
2024-10-24,AST-1041,A2,11,7.0919005138217415,0.1600424420990459,0.1096122854885473,MRO-80001;MRO-50009;MRO-10047,MRO-80001;MRO-50009;MRO-10047,CNC Lathe,PUN-01,test,12,risk,risk,approved_on_validation,우선 점검 후보
2024-10-24,AST-1042,A2,2,6.839978502361147,0.1441962863021538,0.0966347071410471,MRO-10046;MRO-20031;MRO-50009,MRO-10046;MRO-20031;MRO-50009,CNC Lathe,PUN-01,test,12,caution,risk,approved_on_validation,우선 점검 후보
2024-10-24,AST-2017,A2,21,8.849181913465474,0.2788989450146064,0.2078121967716824,MRO-40022;MRO-80001;MRO-20031,MRO-80001;MRO-20031;MRO-10045,Hydraulic Press,PUN-01,test,12,high_risk,risk,approved_on_validation,우선 점검 후보
2024-10-24,AST-2031,A2,2,8.054353443848875,0.2219433376703007,0.1598822838452346,MRO-10047;MRO-10045;MRO-10046,MRO-10047;MRO-10045;MRO-10046,Hydraulic Press,CHN-02,test,12,caution,risk,approved_on_validation,우선 점검 후보
2024-10-24,AST-3008,A2,6,7.341419981915089,0.1727046867233605,0.1201269718317057,MRO-10047;MRO-10046;MRO-20031,MRO-10047;MRO-10046;MRO-20031,Belt Conveyor,CHN-02,test,12,risk,risk,approved_on_validation,우선 점검 후보
2024-10-24,AST-3019,A2,9,5.985153280681336,0.0998572174069403,0.062817005742397,MRO-10046;MRO-80001;MRO-20031,MRO-10046;MRO-80001;MRO-20031,Belt Conveyor,CHN-02,test,12,risk,risk,approved_on_validation,우선 점검 후보
2024-10-24,AST-4055,A2,2,7.749857664920697,0.2040891998291703,0.1417810187479626,MRO-20031;MRO-50009;MRO-10045,MRO-20031;MRO-50009;MRO-10045,Screw Compressor,DHR-03,test,12,caution,risk,approved_on_validation,우선 점검 후보
2024-10-24,AST-4061,A2,4,6.708759045503569,0.1375886441913283,0.0907323269044936,MRO-10046;MRO-80001;MRO-40021,MRO-10046;MRO-80001;MRO-20031,Screw Compressor,DHR-03,test,12,caution,risk,approved_on_validation,우선 점검 후보
2024-10-24,AST-5003,A2,4,8.16360607386494,0.2291742852213191,0.1652271262968155,MRO-10046;MRO-20031;MRO-80001,MRO-10046;MRO-20031;MRO-80001,EOT Crane,DHR-03,test,12,caution,risk,approved_on_validation,우선 점검 후보
2024-10-24,AST-5007,A2,1,5.659818956557616,0.0831598203781729,0.0513641264092663,MRO-40022;MRO-10046;MRO-10047,MRO-10046;MRO-10047;MRO-10045,EOT Crane,PUN-01,test,12,caution,caution,approved_on_validation,우선 점검 후보
2024-10-25,AST-1041,A2,14,6.557675165694927,0.1278066142759578,0.0850045315912277,MRO-50009;MRO-80001;MRO-10047,MRO-50009;MRO-80001;MRO-10047,CNC Lathe,PUN-01,test,12,high_risk,risk,approved_on_validation,우선 점검 후보
2024-10-25,AST-1042,A2,15,6.866127389926465,0.147223284765185,0.0987427323037639,MRO-40021;MRO-50009;MRO-20031,MRO-50009;MRO-20031;MRO-80001,CNC Lathe,PUN-01,test,12,high_risk,risk,approved_on_validation,우선 점검 후보
2024-10-25,AST-2017,A2,11,8.57296122922457,0.2601847257688633,0.1897910843271734,MRO-10046;MRO-50009;MRO-80001,MRO-10046;MRO-50009;MRO-80001,Hydraulic Press,PUN-01,test,12,risk,risk,approved_on_validation,우선 점검 후보
2024-10-25,AST-2031,A2,0,8.372227077051194,0.2426404422139863,0.176018886186358,MRO-40022;MRO-80002;MRO-10047,MRO-10047;MRO-10045;MRO-50009,Hydraulic Press,CHN-02,test,12,normal,risk,approved_on_validation,우선 점검 후보
2024-10-25,AST-3008,A2,8,7.206285639403271,0.1664841832899514,0.1146726573769234,MRO-10045;MRO-10047;MRO-20031,MRO-10045;MRO-10047;MRO-20031,Belt Conveyor,CHN-02,test,12,risk,risk,approved_on_validation,우선 점검 후보
2024-10-25,AST-3019,A2,9,6.355123806701922,0.1187999601072983,0.0771023205104117,MRO-10046;MRO-80001;MRO-50009,MRO-10046;MRO-80001;MRO-50009,Belt Conveyor,CHN-02,test,12,risk,risk,approved_on_validation,우선 점검 후보
2024-10-25,AST-4055,A2,11,8.268248337365161,0.2406954044155226,0.1714602520892303,MRO-20031;MRO-10046;MRO-10045,MRO-20031;MRO-10046;MRO-10045,Screw Compressor,DHR-03,test,12,risk,risk,approved_on_validation,우선 점검 후보
2024-10-25,AST-4061,A2,4,7.0558655124739795,0.1580791660499681,0.1066410986358897,MRO-10046;MRO-10047;MRO-20031,MRO-10046;MRO-10047;MRO-20031,Screw Compressor,DHR-03,test,12,caution,risk,approved_on_validation,우선 점검 후보
2024-10-25,AST-5003,A2,5,7.941782744939301,0.2155594094524706,0.1533037537076187,MRO-50009;MRO-10045;MRO-20031,MRO-50009;MRO-10045;MRO-20031,EOT Crane,DHR-03,test,12,caution,risk,approved_on_validation,우선 점검 후보
2024-10-25,AST-5007,A2,6,6.175687470214052,0.1079663348600264,0.0691393528228202,MRO-40022;MRO-10046;MRO-10047,MRO-10046;MRO-10047;MRO-10045,EOT Crane,PUN-01,test,12,risk,risk,approved_on_validation,우선 점검 후보
2024-10-26,AST-1041,A2,0,0.0032327805151038,6.5672168946161364e-12,6.623685387629499e-15,MRO-10045;MRO-10047;MRO-50009,MRO-10045;MRO-10047;MRO-50009,CNC Lathe,PUN-01,test,12,normal,normal,approved_on_validation,우선 점검 후보
2024-10-26,AST-1042,A2,0,0.003240555083345,6.586238437743799e-12,6.676616049667533e-15,MRO-10046;MRO-10045;MRO-10047,MRO-10046;MRO-10045;MRO-10047,CNC Lathe,PUN-01,test,12,normal,normal,approved_on_validation,우선 점검 후보
2024-10-26,AST-2017,A2,0,0.003247196919329,6.548402927097409e-12,6.6904307737303505e-15,MRO-50009;MRO-30012;MRO-90011,MRO-50009;MRO-10046;MRO-20031,Hydraulic Press,PUN-01,test,12,normal,normal,approved_on_validation,우선 점검 후보
2024-10-26,AST-2031,A2,0,0.0032373103299378,6.581800814421034e-12,6.6525255032333705e-15,MRO-10045;MRO-10046;MRO-10047,MRO-10045;MRO-10046;MRO-10047,Hydraulic Press,CHN-02,test,12,normal,normal,approved_on_validation,우선 점검 후보
2024-10-26,AST-3008,A2,0,0.0033675331302185,5.545556313741988e-12,6.7896883337016095e-15,MRO-70005;MRO-20032;MRO-70004,MRO-10045;MRO-10047;MRO-50009,Belt Conveyor,CHN-02,test,12,normal,normal,approved_on_validation,우선 점검 후보
2024-10-26,AST-3019,A2,0,0.0034501170452356,6.442843125120653e-12,7.997239406048281e-15,MRO-90012;MRO-90011;MRO-70005,MRO-10045;MRO-10047;MRO-20031,Belt Conveyor,CHN-02,test,12,normal,normal,approved_on_validation,우선 점검 후보
2024-10-26,AST-4055,A2,0,0.0032478493736975,6.638317460975356e-12,6.7389233510675004e-15,MRO-10046;MRO-10047;MRO-50009,MRO-10046;MRO-10047;MRO-50009,Screw Compressor,DHR-03,test,12,normal,normal,approved_on_validation,우선 점검 후보
2024-10-26,AST-4061,A2,0,0.0033429979314583,6.568414277114979e-12,7.276232920486962e-15,MRO-70005;MRO-40022;MRO-60016,MRO-10046;MRO-10047;MRO-20031,Screw Compressor,DHR-03,test,12,normal,normal,approved_on_validation,우선 점검 후보
2024-10-26,AST-5003,A2,0,0.0033092453645333,6.391571807743199e-12,6.737578948212659e-15,MRO-30012;MRO-70005;MRO-10045,MRO-10045;MRO-10046;MRO-10047,EOT Crane,DHR-03,test,12,normal,normal,approved_on_validation,우선 점검 후보
2024-10-26,AST-5007,A2,0,0.0032962080840603,6.6216586473510065e-12,6.844056055063188e-15,MRO-60015;MRO-30012;MRO-60016,MRO-10045;MRO-10046;MRO-10047,EOT Crane,PUN-01,test,12,normal,normal,approved_on_validation,우선 점검 후보
2024-10-27,AST-1041,A2,0,0.0032290059951584,6.531184812569589e-12,6.575368696764732e-15,MRO-10045;MRO-10047;MRO-50009,MRO-10045;MRO-10047;MRO-50009,CNC Lathe,PUN-01,test,12,normal,normal,approved_on_validation,우선 점검 후보
2024-10-27,AST-1042,A2,0,0.0034029830250252,8.233926380141946e-12,8.557182990814651e-15,MRO-10046;MRO-50009;MRO-80001,MRO-10046;MRO-50009;MRO-80001,CNC Lathe,PUN-01,test,12,normal,normal,approved_on_validation,우선 점검 후보
2024-10-27,AST-2017,A2,0,0.0033780558477055,7.97039680481909e-12,8.198309636052403e-15,MRO-50009;MRO-30012;MRO-90011,MRO-50009;MRO-10045;MRO-10046,Hydraulic Press,PUN-01,test,12,normal,normal,approved_on_validation,우선 점검 후보
2024-10-27,AST-2031,A2,0,0.0033839791752793,8.032012429979734e-12,8.343657485692588e-15,MRO-80001;MRO-70005;MRO-10045,MRO-80001;MRO-10045;MRO-10046,Hydraulic Press,CHN-02,test,12,normal,normal,approved_on_validation,우선 점검 후보
2024-10-27,AST-3008,A2,0,0.0033562351483173,6.538441330270078e-12,7.388345877472067e-15,MRO-70005;MRO-10045;MRO-10047,MRO-10045;MRO-10047;MRO-50009,Belt Conveyor,CHN-02,test,12,normal,normal,approved_on_validation,우선 점검 후보
2024-10-27,AST-3019,A2,0,0.0032641400162347,6.606221849346676e-12,6.8423235326288644e-15,MRO-70005;MRO-10045;MRO-10047,MRO-10045;MRO-10047;MRO-20031,Belt Conveyor,CHN-02,test,12,normal,normal,approved_on_validation,우선 점검 후보
2024-10-27,AST-4055,A2,0,0.003250183795853,6.641974643886219e-12,6.752693287128479e-15,MRO-10046;MRO-10047;MRO-50009,MRO-10046;MRO-10047;MRO-50009,Screw Compressor,DHR-03,test,12,normal,normal,approved_on_validation,우선 점검 후보
2024-10-27,AST-4061,A2,0,0.0032746715896443,6.658587738061937e-12,6.925474958611435e-15,MRO-70005;MRO-10046;MRO-10047,MRO-10046;MRO-10047;MRO-20031,Screw Compressor,DHR-03,test,12,normal,normal,approved_on_validation,우선 점검 후보
2024-10-27,AST-5003,A2,0,0.0031427755936035,5.771255550736137e-12,5.722393684378752e-15,MRO-30012;MRO-70005;MRO-10045,MRO-10045;MRO-10046;MRO-10047,EOT Crane,DHR-03,test,12,normal,normal,approved_on_validation,우선 점검 후보
2024-10-27,AST-5007,A2,0,0.0032381618128041,6.620348746156632e-12,6.6765758842407696e-15,MRO-10045;MRO-10046;MRO-10047,MRO-10045;MRO-10046;MRO-10047,EOT Crane,PUN-01,test,12,normal,normal,approved_on_validation,우선 점검 후보
2024-10-28,AST-1041,A2,0,7.768806634121729,0.2023425583683582,0.1442910287012564,MRO-50009;MRO-80001;MRO-20031,MRO-50009;MRO-80001;MRO-20031,CNC Lathe,PUN-01,test,12,normal,risk,approved_on_validation,우선 점검 후보
2024-10-28,AST-1042,A2,8,7.273721544101373,0.1683610913666786,0.1181426209918956,MRO-10046;MRO-50009;MRO-80001,MRO-10046;MRO-50009;MRO-80001,CNC Lathe,PUN-01,test,12,risk,risk,approved_on_validation,우선 점검 후보
2024-10-28,AST-2017,A2,7,7.349429981744557,0.1746886464387543,0.1201818151132718,MRO-10046;MRO-10045;MRO-80001,MRO-10046;MRO-10045;MRO-80001,Hydraulic Press,PUN-01,test,12,risk,risk,approved_on_validation,우선 점검 후보
2024-10-28,AST-2031,A2,4,7.741026774808935,0.2012096682579434,0.1419958709595768,MRO-10046;MRO-10045;MRO-10047,MRO-10046;MRO-10045;MRO-10047,Hydraulic Press,CHN-02,test,12,caution,risk,approved_on_validation,우선 점검 후보
2024-10-28,AST-3008,A2,5,7.968066942251168,0.2121357598590202,0.1553872852362895,MRO-70005;MRO-10046;MRO-20031,MRO-10046;MRO-20031;MRO-80001,Belt Conveyor,CHN-02,test,12,caution,risk,approved_on_validation,우선 점검 후보
2024-10-28,AST-3019,A2,9,6.036029955432167,0.1018052181208188,0.0650787017692764,MRO-50008;MRO-80001;MRO-10045,MRO-80001;MRO-10045;MRO-10047,Belt Conveyor,CHN-02,test,12,risk,risk,approved_on_validation,우선 점검 후보
2024-10-28,AST-4055,A2,9,8.418844412406159,0.2469134659161253,0.1811400549643226,MRO-10045;MRO-10046;MRO-10047,MRO-10045;MRO-10046;MRO-10047,Screw Compressor,DHR-03,test,12,risk,risk,approved_on_validation,우선 점검 후보
2024-10-28,AST-4061,A2,2,6.60888384539056,0.1293013169031133,0.0870944067835384,MRO-50009;MRO-70005;MRO-40021,MRO-50009;MRO-10047;MRO-20031,Screw Compressor,DHR-03,test,12,caution,risk,approved_on_validation,우선 점검 후보
2024-10-28,AST-5003,A2,14,8.117937178015685,0.2266031124115817,0.1634553304639988,MRO-10045;MRO-20031;MRO-50009,MRO-10045;MRO-20031;MRO-50009,EOT Crane,DHR-03,test,12,high_risk,risk,approved_on_validation,우선 점검 후보
2024-10-28,AST-5007,A2,11,5.925971742018143,0.0946196762324854,0.058679334027347,MRO-40022;MRO-30011;MRO-80002,MRO-10046;MRO-10047;MRO-10045,EOT Crane,PUN-01,test,12,risk,risk,approved_on_validation,우선 점검 후보
2024-10-29,AST-1041,A2,5,6.299536029816467,0.1137448847377302,0.0735531350903872,MRO-50009;MRO-20033;MRO-80001,MRO-50009;MRO-80001;MRO-20031,CNC Lathe,PUN-01,test,12,caution,risk,approved_on_validation,우선 점검 후보
2024-10-29,AST-1042,A2,5,6.978643167960404,0.1519020149810702,0.1026306216894262,MRO-30011;MRO-30012;MRO-10046,MRO-10046;MRO-50009;MRO-80001,CNC Lathe,PUN-01,test,12,caution,risk,approved_on_validation,우선 점검 후보
2024-10-29,AST-2017,A2,14,9.436497186569154,0.3195227508796321,0.2468807445239499,MRO-40022;MRO-10046;MRO-20031,MRO-10046;MRO-20031;MRO-10045,Hydraulic Press,PUN-01,test,12,high_risk,risk,approved_on_validation,우선 점검 후보
2024-10-29,AST-2031,A2,2,7.417953933526837,0.1810284169291319,0.1249118761650171,MRO-10045;MRO-50009;MRO-10047,MRO-10045;MRO-50009;MRO-10047,Hydraulic Press,CHN-02,test,12,caution,risk,approved_on_validation,우선 점검 후보
2024-10-29,AST-3008,A2,8,7.770527110453532,0.2004001970141934,0.1428449823090341,MRO-40022;MRO-10046;MRO-20031,MRO-10046;MRO-20031;MRO-80001,Belt Conveyor,CHN-02,test,12,risk,risk,approved_on_validation,우선 점검 후보
2024-10-29,AST-3019,A2,6,5.62408701809406,0.0842971372371365,0.052084895812616,MRO-50009;MRO-80001;MRO-10045,MRO-50009;MRO-80001;MRO-10045,Belt Conveyor,CHN-02,test,12,risk,caution,approved_on_validation,우선 점검 후보
2024-10-29,AST-4055,A2,3,8.398821255045078,0.2495581473355912,0.1793748178396408,MRO-10045;MRO-80001;MRO-10047,MRO-10045;MRO-80001;MRO-10047,Screw Compressor,DHR-03,test,12,caution,risk,approved_on_validation,우선 점검 후보
2024-10-29,AST-4061,A2,4,7.090136315339448,0.16026414859678,0.1081405775880004,MRO-50009;MRO-40022;MRO-10046,MRO-50009;MRO-10046;MRO-10047,Screw Compressor,DHR-03,test,12,caution,risk,approved_on_validation,우선 점검 후보
2024-10-29,AST-5003,A2,3,8.60292106076595,0.263325834814608,0.1917561323533782,MRO-80001;MRO-10045;MRO-20031,MRO-80001;MRO-10045;MRO-20031,EOT Crane,DHR-03,test,12,caution,risk,approved_on_validation,우선 점검 후보
2024-10-29,AST-5007,A2,0,5.722884247493312,0.0869475650424956,0.0533795726552043,MRO-40021;MRO-10046;MRO-10045,MRO-10046;MRO-10045;MRO-50009,EOT Crane,PUN-01,test,12,normal,caution,approved_on_validation,우선 점검 후보
2024-10-30,AST-1041,A2,4,7.604476865570985,0.1885827690442759,0.1338658312973883,MRO-80001;MRO-10045;MRO-30011,MRO-80001;MRO-10045;MRO-50009,CNC Lathe,PUN-01,test,12,caution,risk,approved_on_validation,우선 점검 후보
2024-10-30,AST-1042,A2,9,6.702867503387148,0.1385957687359854,0.0913772289678411,MRO-80001;MRO-10045;MRO-20031,MRO-80001;MRO-10045;MRO-20031,CNC Lathe,PUN-01,test,12,risk,risk,approved_on_validation,우선 점검 후보
2024-10-30,AST-2017,A2,7,8.420027588737968,0.2506882340106637,0.1817893286121671,MRO-50009;MRO-10045;MRO-20031,MRO-50009;MRO-10045;MRO-20031,Hydraulic Press,PUN-01,test,12,risk,risk,approved_on_validation,우선 점검 후보
2024-10-30,AST-2031,A2,12,7.027474172498534,0.1540987951580686,0.1059710852128185,MRO-10047;MRO-20033;MRO-10045,MRO-10047;MRO-10045;MRO-50009,Hydraulic Press,CHN-02,test,12,high_risk,risk,approved_on_validation,우선 점검 후보
2024-10-30,AST-3008,A2,1,7.194468959105376,0.1651559818781312,0.1137770734169273,MRO-20031;MRO-10046;MRO-80001,MRO-20031;MRO-10046;MRO-80001,Belt Conveyor,CHN-02,test,12,caution,risk,approved_on_validation,우선 점검 후보
2024-10-30,AST-3019,A2,9,5.789677956483786,0.0919283983165379,0.0577103941648849,MRO-10046;MRO-50009;MRO-20031,MRO-10046;MRO-50009;MRO-20031,Belt Conveyor,CHN-02,test,12,risk,caution,approved_on_validation,우선 점검 후보
2024-10-30,AST-4055,A2,8,8.258934605528095,0.2383470919437347,0.1719495690887602,MRO-80001;MRO-10045;MRO-10047,MRO-80001;MRO-10045;MRO-10047,Screw Compressor,DHR-03,test,12,risk,risk,approved_on_validation,우선 점검 후보
2024-10-30,AST-4061,A2,7,6.805012018549995,0.1431229977982099,0.0951877395666905,MRO-10047;MRO-20031;MRO-80001,MRO-10047;MRO-20031;MRO-80001,Screw Compressor,DHR-03,test,12,risk,risk,approved_on_validation,우선 점검 후보
2024-10-30,AST-5003,A2,19,8.766907147558854,0.2740862242397598,0.2023549631214007,MRO-80001;MRO-20031;MRO-10045,MRO-80001;MRO-20031;MRO-10045,EOT Crane,DHR-03,test,12,high_risk,risk,approved_on_validation,우선 점검 후보
2024-10-30,AST-5007,A2,10,5.7014590212070475,0.0859151130615921,0.0526278487203205,MRO-10047;MRO-80001;MRO-40022,MRO-10047;MRO-80001;MRO-10046,EOT Crane,PUN-01,test,12,risk,caution,approved_on_validation,우선 점검 후보
2024-10-31,AST-1041,A2,6,6.689640200447542,0.1351376137581697,0.0902169162745829,MRO-40022;MRO-20031;MRO-80001,MRO-20031;MRO-80001;MRO-10046,CNC Lathe,PUN-01,test,12,risk,risk,approved_on_validation,우선 점검 후보
2024-10-31,AST-1042,A2,12,6.683772615167707,0.1355202386942364,0.0909922085292296,MRO-10047;MRO-80001;MRO-10046,MRO-10047;MRO-80001;MRO-10046,CNC Lathe,PUN-01,test,12,high_risk,risk,approved_on_validation,우선 점검 후보
2024-10-31,AST-2017,A2,6,8.535045541441521,0.2579383451500749,0.1881285964805351,MRO-10046;MRO-20031;MRO-10045,MRO-10046;MRO-20031;MRO-10045,Hydraulic Press,PUN-01,test,12,risk,risk,approved_on_validation,우선 점검 후보
2024-10-31,AST-2031,A2,0,7.376786494060157,0.1783720022085055,0.1229538168210118,MRO-10047;MRO-10045;MRO-50009,MRO-10047;MRO-10045;MRO-50009,Hydraulic Press,CHN-02,test,12,normal,risk,approved_on_validation,우선 점검 후보
2024-10-31,AST-3008,A2,4,7.240339063533598,0.1678762723146701,0.1158143049969848,MRO-20031;MRO-10046;MRO-80001,MRO-20031;MRO-10046;MRO-80001,Belt Conveyor,CHN-02,test,12,caution,risk,approved_on_validation,우선 점검 후보
2024-10-31,AST-3019,A2,6,6.237872232464004,0.112205005389399,0.0716649637585118,MRO-40022;MRO-50009;MRO-20031,MRO-50009;MRO-20031;MRO-80001,Belt Conveyor,CHN-02,test,12,risk,risk,approved_on_validation,우선 점검 후보
2024-10-31,AST-4055,A2,6,8.613761649610991,0.2629433849338877,0.1932047810436355,MRO-80001;MRO-10045;MRO-10046,MRO-80001;MRO-10045;MRO-10046,Screw Compressor,DHR-03,test,12,risk,risk,approved_on_validation,우선 점검 후보
2024-10-31,AST-4061,A2,2,6.53846497482721,0.1302713710915652,0.084488268473945,MRO-10047;MRO-20031;MRO-80001,MRO-10047;MRO-20031;MRO-80001,Screw Compressor,DHR-03,test,12,caution,risk,approved_on_validation,우선 점검 후보
2024-10-31,AST-5003,A2,10,8.099134898798996,0.2238514538978482,0.1606744897998741,MRO-30011;MRO-60015;MRO-10045,MRO-10045;MRO-10047;MRO-20031,EOT Crane,DHR-03,test,12,risk,risk,approved_on_validation,우선 점검 후보
2024-10-31,AST-5007,A2,4,6.153406454848458,0.108133758541438,0.0686022678032753,MRO-10047;MRO-80001;MRO-10046,MRO-10047;MRO-80001;MRO-10046,EOT Crane,PUN-01,test,12,caution,risk,approved_on_validation,우선 점검 후보
2024-11-01,AST-1041,A2,6,6.744891917201264,0.1405756350982064,0.0930543597613489,MRO-80001;MRO-10045;MRO-20031,MRO-80001;MRO-10045;MRO-20031,CNC Lathe,PUN-01,test,12,risk,risk,approved_on_validation,우선 점검 후보
2024-11-01,AST-1042,A2,1,7.239658821681496,0.1718755257760743,0.1169158827883335,MRO-80001;MRO-10047;MRO-50009,MRO-80001;MRO-10047;MRO-50009,CNC Lathe,PUN-01,test,12,caution,risk,approved_on_validation,우선 점검 후보
2024-11-01,AST-2017,A2,7,8.577998266442552,0.2608891639823178,0.1908797582220154,MRO-10046;MRO-50009;MRO-80001,MRO-10046;MRO-50009;MRO-80001,Hydraulic Press,PUN-01,test,12,risk,risk,approved_on_validation,우선 점검 후보
2024-11-01,AST-2031,A2,8,6.471051032721768,0.1268652109522138,0.0821618506398406,MRO-10047;MRO-10046;MRO-80001,MRO-10047;MRO-10046;MRO-80001,Hydraulic Press,CHN-02,test,12,risk,risk,approved_on_validation,우선 점검 후보
2024-11-01,AST-3008,A2,8,8.33687873044257,0.2403395238559379,0.1764481201044943,MRO-50009;MRO-20032;MRO-20031,MRO-50009;MRO-20031;MRO-10047,Belt Conveyor,CHN-02,test,12,risk,risk,approved_on_validation,우선 점검 후보
2024-11-01,AST-3019,A2,5,6.198386641316274,0.1131711494039156,0.0713326284933883,MRO-10045;MRO-40022;MRO-10046,MRO-10045;MRO-10046;MRO-20031,Belt Conveyor,CHN-02,test,12,caution,risk,approved_on_validation,우선 점검 후보
2024-11-01,AST-4055,A2,7,8.984065337100544,0.2909355149035418,0.2155476155987623,MRO-20031;MRO-80001;MRO-10047,MRO-20031;MRO-80001;MRO-10047,Screw Compressor,DHR-03,test,12,risk,risk,approved_on_validation,우선 점검 후보
2024-11-01,AST-4061,A2,10,6.80330198269752,0.1444010092855981,0.0950920735113671,MRO-10046;MRO-80001;MRO-10047,MRO-10046;MRO-80001;MRO-10047,Screw Compressor,DHR-03,test,12,risk,risk,approved_on_validation,우선 점검 후보
2024-11-01,AST-5003,A2,3,9.879623820649291,0.3631593683071633,0.2783774082759159,MRO-10045;MRO-80001;MRO-20031,MRO-10045;MRO-80001;MRO-20031,EOT Crane,DHR-03,test,12,caution,risk,approved_on_validation,우선 점검 후보
2024-11-01,AST-5007,A2,5,5.384342279535836,0.0720190264484975,0.0430770244715233,MRO-10047;MRO-80001;MRO-10046,MRO-10047;MRO-80001;MRO-10046,EOT Crane,PUN-01,test,12,caution,caution,approved_on_validation,우선 점검 후보
2024-11-02,AST-1041,A2,0,0.0032268600863089,6.49756447386995e-12,6.555678054530031e-15,MRO-10045;MRO-10046;MRO-20031,MRO-10045;MRO-10046;MRO-20031,CNC Lathe,PUN-01,test,12,normal,normal,approved_on_validation,우선 점검 후보
2024-11-02,AST-1042,A2,0,0.003287448158961,7.1338658129786385e-12,7.245083269100568e-15,MRO-10046;MRO-10047;MRO-20031,MRO-10046;MRO-10047;MRO-20031,CNC Lathe,PUN-01,test,12,normal,normal,approved_on_validation,우선 점검 후보
2024-11-02,AST-2017,A2,0,0.0034235349820232,8.543669756895708e-12,8.821216456034372e-15,MRO-50009;MRO-40021;MRO-10047,MRO-50009;MRO-10047;MRO-10045,Hydraulic Press,PUN-01,test,12,normal,normal,approved_on_validation,우선 점검 후보
2024-11-02,AST-2031,A2,0,0.0032460483828004,6.608831090533189e-12,6.721438576809198e-15,MRO-70005;MRO-10045;MRO-10046,MRO-10045;MRO-10046;MRO-20031,Hydraulic Press,CHN-02,test,12,normal,normal,approved_on_validation,우선 점검 후보
2024-11-02,AST-3008,A2,0,0.0033012509966944,6.144066312409073e-12,6.826242402147385e-15,MRO-70005;MRO-10047;MRO-20031,MRO-10047;MRO-20031;MRO-50009,Belt Conveyor,CHN-02,test,12,normal,normal,approved_on_validation,우선 점검 후보
2024-11-02,AST-3019,A2,0,0.0032115939566151,6.392411911215629e-12,6.394529888578667e-15,MRO-10047;MRO-20031;MRO-50009,MRO-10047;MRO-20031;MRO-50009,Belt Conveyor,CHN-02,test,12,normal,normal,approved_on_validation,우선 점검 후보
2024-11-02,AST-4055,A2,0,0.0032546826300928,6.6433295401008916e-12,6.781734123194815e-15,MRO-70005;MRO-20031;MRO-10045,MRO-20031;MRO-10045;MRO-10046,Screw Compressor,DHR-03,test,12,normal,normal,approved_on_validation,우선 점검 후보
2024-11-02,AST-4061,A2,0,0.0032561016967984,6.5796129628683286e-12,6.7638138531362394e-15,MRO-70005;MRO-10046;MRO-10047,MRO-10046;MRO-10047;MRO-20031,Screw Compressor,DHR-03,test,12,normal,normal,approved_on_validation,우선 점검 후보
2024-11-02,AST-5003,A2,0,0.0034617953813375,6.838502528564e-12,7.608599991051766e-15,MRO-60015;MRO-40022;MRO-10047,MRO-10047;MRO-10045;MRO-10046,EOT Crane,DHR-03,test,12,normal,normal,approved_on_validation,우선 점검 후보
2024-11-02,AST-5007,A2,0,0.0032700102890877,6.621015074894089e-12,6.7772069288166496e-15,MRO-30011;MRO-60016;MRO-40021,MRO-10045;MRO-10046;MRO-10047,EOT Crane,PUN-01,test,12,normal,normal,approved_on_validation,우선 점검 후보
2024-11-03,AST-1041,A2,0,0.0032339929342766,6.590515173538944e-12,6.636145438462025e-15,MRO-10045;MRO-10046;MRO-20031,MRO-10045;MRO-10046;MRO-20031,CNC Lathe,PUN-01,test,12,normal,normal,approved_on_validation,우선 점검 후보
2024-11-03,AST-1042,A2,0,0.0031941999498799,6.016702073036029e-12,6.093643892263016e-15,MRO-10045;MRO-10047;MRO-20031,MRO-10045;MRO-10047;MRO-20031,CNC Lathe,PUN-01,test,12,normal,normal,approved_on_validation,우선 점검 후보
2024-11-03,AST-2017,A2,0,0.0032648268330428,6.677089960354919e-12,6.850927458890259e-15,MRO-30011;MRO-90011;MRO-70005,MRO-10047;MRO-10045;MRO-10046,Hydraulic Press,PUN-01,test,12,normal,normal,approved_on_validation,우선 점검 후보
2024-11-03,AST-2031,A2,0,0.0032391504774873,6.596716549021622e-12,6.671779947366497e-15,MRO-10045;MRO-10046;MRO-20031,MRO-10045;MRO-10046;MRO-20031,Hydraulic Press,CHN-02,test,12,normal,normal,approved_on_validation,우선 점검 후보
2024-11-03,AST-3008,A2,0,0.0033435059255779,6.587153281593839e-12,7.356146816009163e-15,MRO-70005;MRO-10046;MRO-10047,MRO-10046;MRO-10047;MRO-20031,Belt Conveyor,CHN-02,test,12,normal,normal,approved_on_validation,우선 점검 후보
2024-11-03,AST-3019,A2,0,0.0033165644235704,6.561593986510231e-12,7.159612360169274e-15,MRO-70005;MRO-10045;MRO-10047,MRO-10045;MRO-10047;MRO-20031,Belt Conveyor,CHN-02,test,12,normal,normal,approved_on_validation,우선 점검 후보
2024-11-03,AST-4055,A2,0,0.0031755800676868,5.706028854984913e-12,5.813572981217486e-15,MRO-70005;MRO-10045;MRO-10046,MRO-10045;MRO-10046;MRO-80001,Screw Compressor,DHR-03,test,12,normal,normal,approved_on_validation,우선 점검 후보
2024-11-03,AST-4061,A2,0,0.0033253226390678,6.567528460345984e-12,7.211239949953737e-15,MRO-70005;MRO-10046;MRO-10047,MRO-10046;MRO-10047;MRO-20031,Screw Compressor,DHR-03,test,12,normal,normal,approved_on_validation,우선 점검 후보
2024-11-03,AST-5003,A2,0,0.0032462062467819,6.710021026857111e-12,6.787060097641693e-15,MRO-10045;MRO-10046;MRO-10047,MRO-10045;MRO-10046;MRO-10047,EOT Crane,DHR-03,test,12,normal,normal,approved_on_validation,우선 점검 후보
2024-11-03,AST-5007,A2,0,0.0033703477049393,6.9035205272775295e-12,7.659782248053696e-15,MRO-70005;MRO-20032;MRO-10045,MRO-10045;MRO-10046;MRO-10047,EOT Crane,PUN-01,test,12,normal,normal,approved_on_validation,우선 점검 후보
2024-11-04,AST-1041,A2,1,8.48314941639913,0.2541720195557471,0.1864944952538781,MRO-80001;MRO-10047;MRO-10045,MRO-80001;MRO-10047;MRO-10045,CNC Lathe,PUN-01,test,12,caution,risk,approved_on_validation,우선 점검 후보
2024-11-04,AST-1042,A2,12,7.281355441001719,0.1706873975323382,0.1183302601602576,MRO-40021;MRO-70005;MRO-80001,MRO-80001;MRO-10047;MRO-10045,CNC Lathe,PUN-01,test,12,high_risk,risk,approved_on_validation,우선 점검 후보
2024-11-04,AST-2017,A2,9,8.511587487236902,0.2532191548550483,0.1867159570503267,MRO-10046;MRO-20031;MRO-10047,MRO-10046;MRO-20031;MRO-10047,Hydraulic Press,PUN-01,test,12,risk,risk,approved_on_validation,우선 점검 후보
2024-11-04,AST-2031,A2,4,7.429082644142864,0.1797130346501312,0.1253593078520721,MRO-50009;MRO-10047;MRO-10046,MRO-50009;MRO-10047;MRO-10046,Hydraulic Press,CHN-02,test,12,caution,risk,approved_on_validation,우선 점검 후보
2024-11-04,AST-3008,A2,6,7.878414236481419,0.2099649670381637,0.1492053410774025,MRO-10046;MRO-10045;MRO-20031,MRO-10046;MRO-10045;MRO-20031,Belt Conveyor,CHN-02,test,12,risk,risk,approved_on_validation,우선 점검 후보
2024-11-04,AST-3019,A2,0,6.482474193095972,0.125880454448499,0.0820935536437148,MRO-40022;MRO-10045;MRO-80001,MRO-10045;MRO-80001;MRO-10046,Belt Conveyor,CHN-02,test,12,normal,risk,approved_on_validation,우선 점검 후보
2024-11-04,AST-4055,A2,6,7.630492684636578,0.1947489525748117,0.1361956363942709,MRO-50009;MRO-80001;MRO-10045,MRO-50009;MRO-80001;MRO-10045,Screw Compressor,DHR-03,test,12,risk,risk,approved_on_validation,우선 점검 후보
2024-11-04,AST-4061,A2,2,6.874321159815592,0.1480358061073922,0.0978505563033579,MRO-50009;MRO-40021;MRO-30011,MRO-50009;MRO-10046;MRO-10047,Screw Compressor,DHR-03,test,12,caution,risk,approved_on_validation,우선 점검 후보
2024-11-04,AST-5003,A2,2,8.177144942856067,0.2304838134073966,0.1660636367904623,MRO-10045;MRO-10047;MRO-50009,MRO-10045;MRO-10047;MRO-50009,EOT Crane,DHR-03,test,12,caution,risk,approved_on_validation,우선 점검 후보
2024-11-04,AST-5007,A2,10,7.019268751523248,0.1546091475380475,0.1049031154495921,MRO-10046;MRO-10047;MRO-50009,MRO-10046;MRO-10047;MRO-50009,EOT Crane,PUN-01,test,12,risk,risk,approved_on_validation,우선 점검 후보
2024-11-05,AST-1041,A2,3,7.186689151156965,0.1631690196924815,0.1127749174260436,MRO-80001;MRO-40021;MRO-40022,MRO-80001;MRO-10047;MRO-20031,CNC Lathe,PUN-01,test,12,caution,risk,approved_on_validation,우선 점검 후보
2024-11-05,AST-1042,A2,9,7.494147735146379,0.1862160316439743,0.1290190032570669,MRO-10046;MRO-10045;MRO-50009,MRO-10046;MRO-10045;MRO-50009,CNC Lathe,PUN-01,test,12,risk,risk,approved_on_validation,우선 점검 후보
2024-11-05,AST-2017,A2,15,8.734691421017871,0.2705242877996708,0.2002274407727267,MRO-10047;MRO-10046;MRO-50009,MRO-10047;MRO-10046;MRO-50009,Hydraulic Press,PUN-01,test,12,high_risk,risk,approved_on_validation,우선 점검 후보
2024-11-05,AST-2031,A2,11,7.7462802358653295,0.2036848315924962,0.1431464561771245,MRO-10047;MRO-50009;MRO-10046,MRO-10047;MRO-50009;MRO-10046,Hydraulic Press,CHN-02,test,12,risk,risk,approved_on_validation,우선 점검 후보
2024-11-05,AST-3008,A2,11,7.252997074901002,0.1671525542803837,0.1162508365138792,MRO-30012;MRO-20032;MRO-10045,MRO-10045;MRO-10046;MRO-80001,Belt Conveyor,CHN-02,test,12,risk,risk,approved_on_validation,우선 점검 후보
2024-11-05,AST-3019,A2,18,7.754242185114381,0.1910989560576853,0.1363206555599957,MRO-40022;MRO-40021;MRO-80002,MRO-80001;MRO-10045;MRO-10046,Belt Conveyor,CHN-02,test,12,high_risk,risk,approved_on_validation,우선 점검 후보
2024-11-05,AST-4055,A2,12,8.649071220446984,0.2615440795795364,0.1965440676688566,MRO-20031;MRO-10047;MRO-50009,MRO-20031;MRO-10047;MRO-50009,Screw Compressor,DHR-03,test,12,high_risk,risk,approved_on_validation,우선 점검 후보
2024-11-05,AST-4061,A2,16,7.033661381118241,0.1562746776418562,0.105625390179762,MRO-40021;MRO-80001;MRO-10046,MRO-80001;MRO-10046;MRO-10047,Screw Compressor,DHR-03,test,12,high_risk,risk,approved_on_validation,우선 점검 후보
2024-11-05,AST-5003,A2,12,8.659362583449996,0.2657078919515857,0.1962768161704858,MRO-20031;MRO-80001;MRO-10047,MRO-20031;MRO-80001;MRO-10047,EOT Crane,DHR-03,test,12,high_risk,risk,approved_on_validation,우선 점검 후보
2024-11-05,AST-5007,A2,4,6.634532676466629,0.1337178858706545,0.087895137805782,MRO-10045;MRO-50009;MRO-10046,MRO-10045;MRO-50009;MRO-10046,EOT Crane,PUN-01,test,12,caution,risk,approved_on_validation,우선 점검 후보
2024-11-06,AST-1041,A2,8,6.809439655738096,0.1435055924584802,0.0949480013942757,MRO-10045;MRO-20033;MRO-50009,MRO-10045;MRO-50009;MRO-20031,CNC Lathe,PUN-01,test,12,risk,risk,approved_on_validation,우선 점검 후보
2024-11-06,AST-1042,A2,4,6.9066165061466425,0.1514018866459628,0.1003100254616531,MRO-50009;MRO-80001;MRO-10047,MRO-50009;MRO-80001;MRO-10047,CNC Lathe,PUN-01,test,12,caution,risk,approved_on_validation,우선 점검 후보
2024-11-06,AST-2017,A2,12,7.425142426636375,0.1802949444542467,0.124846273709148,MRO-10047;MRO-10045;MRO-50009,MRO-10047;MRO-10045;MRO-50009,Hydraulic Press,PUN-01,test,12,high_risk,risk,approved_on_validation,우선 점검 후보
2024-11-06,AST-2031,A2,8,8.27786063973618,0.2388154767483156,0.1713324993323601,MRO-50009;MRO-10047;MRO-10046,MRO-50009;MRO-10047;MRO-10046,Hydraulic Press,CHN-02,test,12,risk,risk,approved_on_validation,우선 점검 후보
2024-11-06,AST-3008,A2,4,7.371168527670805,0.1718298039977035,0.1215693532951784,MRO-30012;MRO-70004;MRO-80001,MRO-80001;MRO-50009;MRO-10045,Belt Conveyor,CHN-02,test,12,caution,risk,approved_on_validation,우선 점검 후보
2024-11-06,AST-3019,A2,2,6.200643623658225,0.1124017848994416,0.070820527728536,MRO-20031;MRO-50009;MRO-80001,MRO-20031;MRO-50009;MRO-80001,Belt Conveyor,CHN-02,test,12,caution,risk,approved_on_validation,우선 점검 후보
2024-11-06,AST-4055,A2,14,8.471710620988173,0.2541163382705637,0.1856864506973305,MRO-20031;MRO-10047;MRO-50009,MRO-20031;MRO-10047;MRO-50009,Screw Compressor,DHR-03,test,12,high_risk,risk,approved_on_validation,우선 점검 후보
2024-11-06,AST-4061,A2,8,7.057901649296744,0.1569344075191439,0.1068692949907926,MRO-40021;MRO-20031;MRO-50009,MRO-20031;MRO-50009;MRO-80001,Screw Compressor,DHR-03,test,12,risk,risk,approved_on_validation,우선 점검 후보
2024-11-06,AST-5003,A2,18,8.19156199585586,0.2316653671648397,0.1679561157639925,MRO-20031;MRO-80001;MRO-10045,MRO-20031;MRO-80001;MRO-10045,EOT Crane,DHR-03,test,12,high_risk,risk,approved_on_validation,우선 점검 후보
2024-11-06,AST-5007,A2,6,6.4128901815582395,0.1221640655619972,0.0786361952970205,MRO-10045;MRO-10046;MRO-20031,MRO-10045;MRO-10046;MRO-20031,EOT Crane,PUN-01,test,12,risk,risk,approved_on_validation,우선 점검 후보
2024-11-07,AST-1041,A2,0,6.425825669367598,0.1214502452468708,0.0796441030276255,MRO-50009;MRO-10047;MRO-10046,MRO-50009;MRO-10047;MRO-10046,CNC Lathe,PUN-01,test,12,normal,risk,approved_on_validation,우선 점검 후보
2024-11-07,AST-1042,A2,8,8.321121354429161,0.2408893910932711,0.1753491858697508,MRO-20031;MRO-80001;MRO-40021,MRO-20031;MRO-80001;MRO-10045,CNC Lathe,PUN-01,test,12,risk,risk,approved_on_validation,우선 점검 후보
2024-11-07,AST-2017,A2,16,8.639846770040316,0.2662097527687884,0.1946701242720333,MRO-80001;MRO-20031;MRO-50009,MRO-80001;MRO-20031;MRO-50009,Hydraulic Press,PUN-01,test,12,high_risk,risk,approved_on_validation,우선 점검 후보
2024-11-07,AST-2031,A2,8,6.698205977774323,0.138097535562441,0.0915240756089342,MRO-50009;MRO-10047;MRO-10045,MRO-50009;MRO-10047;MRO-10045,Hydraulic Press,CHN-02,test,12,risk,risk,approved_on_validation,우선 점검 후보
2024-11-07,AST-3008,A2,11,7.133688994857298,0.1628024566495962,0.1109674606157584,MRO-80001;MRO-50009;MRO-10046,MRO-80001;MRO-50009;MRO-10046,Belt Conveyor,CHN-02,test,12,risk,risk,approved_on_validation,우선 점검 후보
2024-11-07,AST-3019,A2,9,6.1109086045786505,0.1081298375131204,0.0687577429789369,MRO-20031;MRO-50009;MRO-80001,MRO-20031;MRO-50009;MRO-80001,Belt Conveyor,CHN-02,test,12,risk,risk,approved_on_validation,우선 점검 후보
2024-11-07,AST-4055,A2,8,8.878839347800103,0.2842533556864441,0.2109264633883038,MRO-20031;MRO-10047;MRO-10045,MRO-20031;MRO-10047;MRO-10045,Screw Compressor,DHR-03,test,12,risk,risk,approved_on_validation,우선 점검 후보
2024-11-07,AST-4061,A2,6,8.603195732219483,0.2546034599903526,0.1889659453757799,MRO-40021;MRO-40022;MRO-10046,MRO-10046;MRO-20031;MRO-10045,Screw Compressor,DHR-03,test,12,risk,risk,approved_on_validation,우선 점검 후보
2024-11-07,AST-5003,A2,10,8.223590200381235,0.2353954811960897,0.1696517072016207,MRO-10045;MRO-50009;MRO-20031,MRO-10045;MRO-50009;MRO-20031,EOT Crane,DHR-03,test,12,risk,risk,approved_on_validation,우선 점검 후보
2024-11-07,AST-5007,A2,4,7.270160822105975,0.1652642679528665,0.1144905679857057,MRO-40022;MRO-40021;MRO-50008,MRO-10046;MRO-50009;MRO-20031,EOT Crane,PUN-01,test,12,caution,risk,approved_on_validation,우선 점검 후보
2024-11-08,AST-1041,A2,4,7.5156899024318,0.1853906641253095,0.1303587860862215,MRO-80001;MRO-50009;MRO-10047,MRO-80001;MRO-50009;MRO-10047,CNC Lathe,PUN-01,test,12,caution,risk,approved_on_validation,우선 점검 후보
2024-11-08,AST-1042,A2,5,7.459952956062931,0.1845408974990179,0.1281862233555256,MRO-10046;MRO-20031;MRO-10045,MRO-10046;MRO-20031;MRO-10045,CNC Lathe,PUN-01,test,12,caution,risk,approved_on_validation,우선 점검 후보
2024-11-08,AST-2017,A2,1,7.978485411122324,0.2222667616878411,0.1555614012819505,MRO-50009;MRO-10046;MRO-10047,MRO-50009;MRO-10046;MRO-10047,Hydraulic Press,PUN-01,test,12,caution,risk,approved_on_validation,우선 점검 후보
2024-11-08,AST-2031,A2,6,7.436113183861837,0.1817583238889929,0.1266248927953987,MRO-80001;MRO-10046;MRO-50009,MRO-80001;MRO-10046;MRO-50009,Hydraulic Press,CHN-02,test,12,risk,risk,approved_on_validation,우선 점검 후보
2024-11-08,AST-3008,A2,8,7.307605902267535,0.1710203770981544,0.1191216824113978,MRO-10047;MRO-80001;MRO-20031,MRO-10047;MRO-80001;MRO-20031,Belt Conveyor,CHN-02,test,12,risk,risk,approved_on_validation,우선 점검 후보
2024-11-08,AST-3019,A2,4,7.9100126189829245,0.2036516974573272,0.146320237115642,MRO-60015;MRO-60016;MRO-40021,MRO-10046;MRO-20031;MRO-80001,Belt Conveyor,CHN-02,test,12,caution,risk,approved_on_validation,우선 점검 후보
2024-11-08,AST-4055,A2,11,8.280254084266655,0.2396556663472325,0.1734969000146882,MRO-10046;MRO-80001;MRO-20031,MRO-10046;MRO-80001;MRO-20031,Screw Compressor,DHR-03,test,12,risk,risk,approved_on_validation,우선 점검 후보
2024-11-08,AST-4061,A2,0,7.179732448521968,0.1655752755180547,0.1122579925441727,MRO-40021;MRO-10046;MRO-20031,MRO-10046;MRO-20031;MRO-50009,Screw Compressor,DHR-03,test,12,normal,risk,approved_on_validation,우선 점검 후보
2024-11-08,AST-5003,A2,6,8.570613264931403,0.2576659085417813,0.190737880420534,MRO-10045;MRO-10047;MRO-50009,MRO-10045;MRO-10047;MRO-50009,EOT Crane,DHR-03,test,12,risk,risk,approved_on_validation,우선 점검 후보
2024-11-08,AST-5007,A2,4,5.9092032185248,0.0958528094345568,0.0593626915090946,MRO-40022;MRO-10046;MRO-50009,MRO-10046;MRO-50009;MRO-80001,EOT Crane,PUN-01,test,12,caution,risk,approved_on_validation,우선 점검 후보
2024-11-09,AST-1041,A2,0,0.003243470004829,6.602632967112689e-12,6.700282198320336e-15,MRO-10045;MRO-10046;MRO-20031,MRO-10045;MRO-10046;MRO-20031,CNC Lathe,PUN-01,test,12,normal,normal,approved_on_validation,우선 점검 후보
2024-11-09,AST-1042,A2,0,0.0032462462603741,6.606392100261081e-12,6.711935994518277e-15,MRO-30012;MRO-10045;MRO-10046,MRO-10045;MRO-10046;MRO-20031,CNC Lathe,PUN-01,test,12,normal,normal,approved_on_validation,우선 점검 후보
2024-11-09,AST-2017,A2,0,0.0033683274160972,6.7782863239268076e-12,7.501785120650028e-15,MRO-90011;MRO-90012;MRO-30012,MRO-10045;MRO-20031;MRO-80001,Hydraulic Press,PUN-01,test,12,normal,normal,approved_on_validation,우선 점검 후보
2024-11-09,AST-2031,A2,0,0.0032692322263284,6.5796280732748236e-12,6.7614987331655025e-15,MRO-50008;MRO-10045;MRO-10046,MRO-10045;MRO-10046;MRO-50009,Hydraulic Press,CHN-02,test,12,normal,normal,approved_on_validation,우선 점검 후보
2024-11-09,AST-3008,A2,0,0.0032540970753311,6.637956053070652e-12,6.774498528307979e-15,MRO-70005;MRO-10046;MRO-50009,MRO-10046;MRO-50009;MRO-80001,Belt Conveyor,CHN-02,test,12,normal,normal,approved_on_validation,우선 점검 후보
2024-11-09,AST-3019,A2,0,0.0032555362356449,5.8523848814757286e-12,6.369840082180575e-15,MRO-70004;MRO-10045;MRO-20031,MRO-10045;MRO-20031;MRO-80001,Belt Conveyor,CHN-02,test,12,normal,normal,approved_on_validation,우선 점검 후보
2024-11-09,AST-4055,A2,0,0.0032523859160663,6.6898883386879595e-12,6.786914726008028e-15,MRO-20031;MRO-10047;MRO-10045,MRO-20031;MRO-10047;MRO-10045,Screw Compressor,DHR-03,test,12,normal,normal,approved_on_validation,우선 점검 후보
2024-11-09,AST-4061,A2,0,0.003231548481904,6.486257474288569e-12,6.5699662870266235e-15,MRO-10046;MRO-10047;MRO-20031,MRO-10046;MRO-10047;MRO-20031,Screw Compressor,DHR-03,test,12,normal,normal,approved_on_validation,우선 점검 후보
2024-11-09,AST-5003,A2,0,0.003396960826813,7.915330338143133e-12,8.368388039165472e-15,MRO-70004;MRO-80001;MRO-20031,MRO-80001;MRO-20031;MRO-10045,EOT Crane,DHR-03,test,12,normal,normal,approved_on_validation,우선 점검 후보
2024-11-09,AST-5007,A2,0,0.0033491835360854,6.7771208076719234e-12,7.431685756226726e-15,MRO-70005;MRO-60016;MRO-80002,MRO-10046;MRO-10045;MRO-10047,EOT Crane,PUN-01,test,12,normal,normal,approved_on_validation,우선 점검 후보
2024-11-10,AST-1041,A2,0,0.0032385778576032,6.590539771801587e-12,6.662242439607883e-15,MRO-10045;MRO-10046;MRO-20031,MRO-10045;MRO-10046;MRO-20031,CNC Lathe,PUN-01,test,12,normal,normal,approved_on_validation,우선 점검 후보
2024-11-10,AST-1042,A2,0,0.0032309682988449,6.6200953103187895e-12,6.6713180017338e-15,MRO-10045;MRO-10046;MRO-10047,MRO-10045;MRO-10046;MRO-10047,CNC Lathe,PUN-01,test,12,normal,normal,approved_on_validation,우선 점검 후보
2024-11-10,AST-2017,A2,0,0.0032556943818223,6.5308378636942695e-12,6.797566213305211e-15,MRO-20032;MRO-90011;MRO-10045,MRO-10045;MRO-10046;MRO-20031,Hydraulic Press,PUN-01,test,12,normal,normal,approved_on_validation,우선 점검 후보
2024-11-10,AST-2031,A2,0,0.0032713412927682,6.597328076847179e-12,6.782052800180911e-15,MRO-50008;MRO-10045;MRO-10046,MRO-10045;MRO-10046;MRO-20031,Hydraulic Press,CHN-02,test,12,normal,normal,approved_on_validation,우선 점검 후보
2024-11-10,AST-3008,A2,0,0.0032564390318368,6.643633221298232e-12,6.788625762787245e-15,MRO-70005;MRO-10046;MRO-10047,MRO-10046;MRO-10047;MRO-50009,Belt Conveyor,CHN-02,test,12,normal,normal,approved_on_validation,우선 점검 후보
2024-11-10,AST-3019,A2,0,0.0032409906047115,6.561593084595386e-12,6.6641945742823865e-15,MRO-70005;MRO-10045;MRO-10047,MRO-10045;MRO-10047;MRO-20031,Belt Conveyor,CHN-02,test,12,normal,normal,approved_on_validation,우선 점검 후보
2024-11-10,AST-4055,A2,0,0.0032394463409972,6.9105728013072415e-12,6.898306577317594e-15,MRO-20031;MRO-10047;MRO-10045,MRO-20031;MRO-10047;MRO-10045,Screw Compressor,DHR-03,test,12,normal,normal,approved_on_validation,우선 점검 후보
2024-11-10,AST-4061,A2,0,0.0032575867700026,6.7039298396610756e-12,6.825454126728588e-15,MRO-10045;MRO-10046;MRO-10047,MRO-10045;MRO-10046;MRO-10047,Screw Compressor,DHR-03,test,12,normal,normal,approved_on_validation,우선 점검 후보
2024-11-10,AST-5003,A2,0,0.0033994866907994,8.792128428040357e-12,8.839241509421154e-15,MRO-10047;MRO-80001;MRO-10045,MRO-10047;MRO-80001;MRO-10045,EOT Crane,DHR-03,test,12,normal,normal,approved_on_validation,우선 점검 후보
2024-11-10,AST-5007,A2,0,0.0032616106816472,6.852689398497205e-12,6.9395185547219296e-15,MRO-10046;MRO-10045;MRO-10047,MRO-10046;MRO-10045;MRO-10047,EOT Crane,PUN-01,test,12,normal,normal,approved_on_validation,우선 점검 후보
2024-11-11,AST-1041,A2,10,7.276569402975374,0.1715693708773986,0.1181331074706761,MRO-10045;MRO-50009;MRO-20031,MRO-10045;MRO-50009;MRO-20031,CNC Lathe,PUN-01,test,12,risk,risk,approved_on_validation,우선 점검 후보
2024-11-11,AST-1042,A2,8,7.078451006599877,0.1609270686659157,0.1085256384820717,MRO-10047;MRO-80001;MRO-50009,MRO-10047;MRO-80001;MRO-50009,CNC Lathe,PUN-01,test,12,risk,risk,approved_on_validation,우선 점검 후보
2024-11-11,AST-2017,A2,7,9.015907369895483,0.2909752476246408,0.2177198222626572,MRO-40022;MRO-10045;MRO-10046,MRO-10045;MRO-10046;MRO-10047,Hydraulic Press,PUN-01,test,12,risk,risk,approved_on_validation,우선 점검 후보
2024-11-11,AST-2031,A2,4,7.960174749629904,0.2141975054743283,0.1547574122075641,MRO-50009;MRO-10045;MRO-10047,MRO-50009;MRO-10045;MRO-10047,Hydraulic Press,CHN-02,test,12,caution,risk,approved_on_validation,우선 점검 후보
2024-11-11,AST-3008,A2,4,7.583045333253584,0.1894080649662411,0.1336917008576923,MRO-30012;MRO-10045;MRO-10047,MRO-10045;MRO-10047;MRO-20031,Belt Conveyor,CHN-02,test,12,caution,risk,approved_on_validation,우선 점검 후보
2024-11-11,AST-3019,A2,3,6.290545967501064,0.1157131657717945,0.0757008758516638,MRO-10047;MRO-50009;MRO-10046,MRO-10047;MRO-50009;MRO-10046,Belt Conveyor,CHN-02,test,12,caution,risk,approved_on_validation,우선 점검 후보
2024-11-11,AST-4055,A2,8,7.981381669558807,0.2180135594509308,0.1547126100464413,MRO-40022;MRO-10045;MRO-10047,MRO-10045;MRO-10047;MRO-10046,Screw Compressor,DHR-03,test,12,risk,risk,approved_on_validation,우선 점검 후보
2024-11-11,AST-4061,A2,6,6.692057261351977,0.1373760338717993,0.0900007490636932,MRO-50009;MRO-10045;MRO-10047,MRO-50009;MRO-10045;MRO-10047,Screw Compressor,DHR-03,test,12,risk,risk,approved_on_validation,우선 점검 후보
2024-11-11,AST-5003,A2,8,9.535039890793277,0.3316434062870787,0.2542609915820694,MRO-10047;MRO-20031;MRO-40021,MRO-10047;MRO-20031;MRO-10045,EOT Crane,DHR-03,test,12,risk,risk,approved_on_validation,우선 점검 후보
2024-11-11,AST-5007,A2,7,5.652009645868841,0.084300173078489,0.0517925502066511,MRO-10046;MRO-50009;MRO-10047,MRO-10046;MRO-50009;MRO-10047,EOT Crane,PUN-01,test,12,risk,caution,approved_on_validation,우선 점검 후보
2024-11-12,AST-1041,A2,14,11.029460890160678,0.4491353725689979,0.3664160255724382,MRO-10046;MRO-10047;MRO-50009,MRO-10046;MRO-10047;MRO-50009,CNC Lathe,PUN-01,test,12,high_risk,high_risk,approved_on_validation,우선 점검 후보
2024-11-12,AST-1042,A2,6,7.413341554059932,0.1838862591375239,0.1253355482749625,MRO-10046;MRO-10047;MRO-80001,MRO-10046;MRO-10047;MRO-80001,CNC Lathe,PUN-01,test,12,risk,risk,approved_on_validation,우선 점검 후보
2024-11-12,AST-2017,A2,7,8.27526932977479,0.2407915505522508,0.1723664144750344,MRO-10045;MRO-80001;MRO-10046,MRO-10045;MRO-80001;MRO-10046,Hydraulic Press,PUN-01,test,12,risk,risk,approved_on_validation,우선 점검 후보
2024-11-12,AST-2031,A2,10,8.369123856132038,0.245669468369655,0.177501704242846,MRO-10047;MRO-20031;MRO-50009,MRO-10047;MRO-20031;MRO-50009,Hydraulic Press,CHN-02,test,12,risk,risk,approved_on_validation,우선 점검 후보
2024-11-12,AST-3008,A2,11,7.712720687475801,0.1982184822709579,0.1406893439981421,MRO-20031;MRO-10047;MRO-50009,MRO-20031;MRO-10047;MRO-50009,Belt Conveyor,CHN-02,test,12,risk,risk,approved_on_validation,우선 점검 후보
2024-11-12,AST-3019,A2,7,6.345150706230366,0.1195333170793073,0.0769132383999436,MRO-50009;MRO-10047;MRO-10046,MRO-50009;MRO-10047;MRO-10046,Belt Conveyor,CHN-02,test,12,risk,risk,approved_on_validation,우선 점검 후보
2024-11-12,AST-4055,A2,13,7.990310550424411,0.2181135726911656,0.1542175750893187,MRO-40022;MRO-80001;MRO-10045,MRO-80001;MRO-10045;MRO-10046,Screw Compressor,DHR-03,test,12,high_risk,risk,approved_on_validation,우선 점검 후보
2024-11-12,AST-4061,A2,16,6.404720098986122,0.1184235006742977,0.0777411034206301,MRO-40022;MRO-40021;MRO-50009,MRO-50009;MRO-10046;MRO-10047,Screw Compressor,DHR-03,test,12,high_risk,risk,approved_on_validation,우선 점검 후보
2024-11-12,AST-5003,A2,9,8.921210950662989,0.2861270524315512,0.2124453457600194,MRO-10047;MRO-20031;MRO-80001,MRO-10047;MRO-20031;MRO-80001,EOT Crane,DHR-03,test,12,risk,risk,approved_on_validation,우선 점검 후보
2024-11-12,AST-5007,A2,5,10.402961142779798,0.3958460014327135,0.3182774554893772,MRO-80001;MRO-10046;MRO-10045,MRO-80001;MRO-10046;MRO-10045,EOT Crane,PUN-01,test,12,caution,risk,approved_on_validation,우선 점검 후보
2024-11-13,AST-1041,A2,10,7.029855901289643,0.1541537969339652,0.1066882646696793,MRO-20031;MRO-50009;MRO-80001,MRO-20031;MRO-50009;MRO-80001,CNC Lathe,PUN-01,test,12,risk,risk,approved_on_validation,우선 점검 후보
2024-11-13,AST-1042,A2,7,7.229095597823483,0.170890901114066,0.1156296769141648,MRO-10046;MRO-10047;MRO-50009,MRO-10046;MRO-10047;MRO-50009,CNC Lathe,PUN-01,test,12,risk,risk,approved_on_validation,우선 점검 후보
2024-11-13,AST-2017,A2,2,8.914115700385949,0.2848098723289204,0.2121111017274084,MRO-40022;MRO-10045;MRO-10046,MRO-10045;MRO-10046;MRO-10047,Hydraulic Press,PUN-01,test,12,caution,risk,approved_on_validation,우선 점검 후보
2024-11-13,AST-2031,A2,4,7.15013227520982,0.1646380581824821,0.1129947126399608,MRO-10046;MRO-50009;MRO-80001,MRO-10046;MRO-50009;MRO-80001,Hydraulic Press,CHN-02,test,12,caution,risk,approved_on_validation,우선 점검 후보
2024-11-13,AST-3008,A2,10,6.915401564722079,0.1474350093369831,0.0982262553440452,MRO-30012;MRO-10047;MRO-10046,MRO-10047;MRO-10046;MRO-50009,Belt Conveyor,CHN-02,test,12,risk,risk,approved_on_validation,우선 점검 후보
2024-11-13,AST-3019,A2,7,8.816739824808861,0.2669108132469154,0.201176224252433,MRO-20033;MRO-80002;MRO-30011,MRO-50009;MRO-10046;MRO-20031,Belt Conveyor,CHN-02,test,12,risk,risk,approved_on_validation,우선 점검 후보
2024-11-13,AST-4055,A2,1,8.43564259334104,0.2500972227619907,0.1811180242819951,MRO-40022;MRO-80001;MRO-20031,MRO-80001;MRO-20031;MRO-10047,Screw Compressor,DHR-03,test,12,caution,risk,approved_on_validation,우선 점검 후보
2024-11-13,AST-4061,A2,13,7.148457319412008,0.1629481252720459,0.1109659330980112,MRO-20031;MRO-50009;MRO-10046,MRO-20031;MRO-50009;MRO-10046,Screw Compressor,DHR-03,test,12,high_risk,risk,approved_on_validation,우선 점검 후보
2024-11-13,AST-5003,A2,9,8.253729642724966,0.2372075014697612,0.1709878287482234,MRO-10047;MRO-50009;MRO-20031,MRO-10047;MRO-50009;MRO-20031,EOT Crane,DHR-03,test,12,risk,risk,approved_on_validation,우선 점검 후보
2024-11-13,AST-5007,A2,0,6.442389165822306,0.123834988308563,0.0799927020697313,MRO-10045;MRO-10046;MRO-50009,MRO-10045;MRO-10046;MRO-50009,EOT Crane,PUN-01,test,12,normal,risk,approved_on_validation,우선 점검 후보
2024-11-14,AST-1041,A2,5,8.660442065011456,0.2615061946402535,0.195758474901856,MRO-80001;MRO-10047;MRO-80002,MRO-80001;MRO-10047;MRO-20031,CNC Lathe,PUN-01,test,12,caution,risk,approved_on_validation,우선 점검 후보
2024-11-14,AST-1042,A2,3,7.23280229879755,0.1712699524897593,0.1156841963761678,MRO-50009;MRO-10046;MRO-10047,MRO-50009;MRO-10046;MRO-10047,CNC Lathe,PUN-01,test,12,caution,risk,approved_on_validation,우선 점검 후보
2024-11-14,AST-2017,A2,5,8.329923001319198,0.24163360374449,0.1761348624881488,MRO-20031;MRO-80001;MRO-10045,MRO-20031;MRO-80001;MRO-10045,Hydraulic Press,PUN-01,test,12,caution,risk,approved_on_validation,우선 점검 후보
2024-11-14,AST-2031,A2,8,7.55070456420656,0.1899384936126153,0.1327058564712198,MRO-10047;MRO-50009;MRO-80001,MRO-10047;MRO-50009;MRO-80001,Hydraulic Press,CHN-02,test,12,risk,risk,approved_on_validation,우선 점검 후보
2024-11-14,AST-3008,A2,3,7.414102402927181,0.1797231307223147,0.125342112464685,MRO-80001;MRO-10047;MRO-20031,MRO-80001;MRO-10047;MRO-20031,Belt Conveyor,CHN-02,test,12,caution,risk,approved_on_validation,우선 점검 후보
2024-11-14,AST-3019,A2,11,6.5001642378166995,0.125860522774879,0.0833465315555503,MRO-20031;MRO-10047;MRO-10045,MRO-20031;MRO-10047;MRO-10045,Belt Conveyor,CHN-02,test,12,risk,risk,approved_on_validation,우선 점검 후보
2024-11-14,AST-4055,A2,2,8.592033410833581,0.2611851185269929,0.1895859673629902,MRO-40022;MRO-10045;MRO-10047,MRO-10045;MRO-10047;MRO-10046,Screw Compressor,DHR-03,test,12,caution,risk,approved_on_validation,우선 점검 후보
2024-11-14,AST-4061,A2,2,6.710344186864173,0.1394414395525988,0.0914105839250873,MRO-20031;MRO-50009;MRO-80001,MRO-20031;MRO-50009;MRO-80001,Screw Compressor,DHR-03,test,12,caution,risk,approved_on_validation,우선 점검 후보
2024-11-14,AST-5003,A2,9,8.972663465772516,0.2905192540641426,0.2157940986865286,MRO-10046;MRO-10047;MRO-80001,MRO-10046;MRO-10047;MRO-80001,EOT Crane,DHR-03,test,12,risk,risk,approved_on_validation,우선 점검 후보
2024-11-14,AST-5007,A2,9,6.2575617416635545,0.1135143614084743,0.0727499144254137,MRO-10047;MRO-80001;MRO-50009,MRO-10047;MRO-80001;MRO-50009,EOT Crane,PUN-01,test,12,risk,risk,approved_on_validation,우선 점검 후보
2024-11-15,AST-1041,A2,2,6.826120294244178,0.1446243275768892,0.0966145148406817,MRO-80001;MRO-20031;MRO-10047,MRO-80001;MRO-20031;MRO-10047,CNC Lathe,PUN-01,test,12,caution,risk,approved_on_validation,우선 점검 후보
2024-11-15,AST-1042,A2,5,7.058983714354655,0.1607609635845057,0.1080991255884833,MRO-10046;MRO-10047;MRO-50009,MRO-10046;MRO-10047;MRO-50009,CNC Lathe,PUN-01,test,12,caution,risk,approved_on_validation,우선 점검 후보
2024-11-15,AST-2017,A2,5,8.487607587045177,0.2549675169205007,0.186329990490915,MRO-80001;MRO-20031;MRO-10045,MRO-80001;MRO-20031;MRO-10045,Hydraulic Press,PUN-01,test,12,caution,risk,approved_on_validation,우선 점검 후보
2024-11-15,AST-2031,A2,6,7.138434978882321,0.1637859769793727,0.1120392555010225,MRO-10046;MRO-10047;MRO-80001,MRO-10046;MRO-10047;MRO-80001,Hydraulic Press,CHN-02,test,12,risk,risk,approved_on_validation,우선 점검 후보
2024-11-15,AST-3008,A2,11,7.680758136681996,0.1966913431921698,0.1380135185064714,MRO-30012;MRO-10045;MRO-80001,MRO-10045;MRO-80001;MRO-20031,Belt Conveyor,CHN-02,test,12,risk,risk,approved_on_validation,우선 점검 후보
2024-11-15,AST-3019,A2,2,6.274301804449357,0.1162044608940271,0.0742390234119537,MRO-50009;MRO-20031;MRO-10046,MRO-50009;MRO-20031;MRO-10046,Belt Conveyor,CHN-02,test,12,caution,risk,approved_on_validation,우선 점검 후보
2024-11-15,AST-4055,A2,14,8.689055881631157,0.2693294092408398,0.1983059458566475,MRO-80001;MRO-10045;MRO-10046,MRO-80001;MRO-10045;MRO-10046,Screw Compressor,DHR-03,test,12,high_risk,risk,approved_on_validation,우선 점검 후보
2024-11-15,AST-4061,A2,8,6.801927539219271,0.1446946677470979,0.0946240934825746,MRO-40022;MRO-20031;MRO-10045,MRO-20031;MRO-10045;MRO-10047,Screw Compressor,DHR-03,test,12,risk,risk,approved_on_validation,우선 점검 후보
2024-11-15,AST-5003,A2,10,7.7553765744467,0.201427620200028,0.1422700524675404,MRO-10045;MRO-10046;MRO-10047,MRO-10045;MRO-10046;MRO-10047,EOT Crane,DHR-03,test,12,risk,risk,approved_on_validation,우선 점검 후보
2024-11-15,AST-5007,A2,7,6.4071107907121645,0.1206398102483,0.0777704595936856,MRO-10045;MRO-50009;MRO-10046,MRO-10045;MRO-50009;MRO-10046,EOT Crane,PUN-01,test,12,risk,risk,approved_on_validation,우선 점검 후보
2024-11-16,AST-1041,A2,0,0.0032372241779529,6.5905251634368804e-12,6.6557620084380865e-15,MRO-10045;MRO-10047;MRO-20031,MRO-10045;MRO-10047;MRO-20031,CNC Lathe,PUN-01,test,12,normal,normal,approved_on_validation,우선 점검 후보
2024-11-16,AST-1042,A2,0,0.0032408355613253,6.6200824420899065e-12,6.7387825057575595e-15,MRO-70005;MRO-10045;MRO-10046,MRO-10045;MRO-10046;MRO-10047,CNC Lathe,PUN-01,test,12,normal,normal,approved_on_validation,우선 점검 후보
2024-11-16,AST-2017,A2,0,0.0032922128553744,6.7799328375646875e-12,7.004022965799348e-15,MRO-20033;MRO-90012;MRO-60016,MRO-10045;MRO-10047;MRO-50009,Hydraulic Press,PUN-01,test,12,normal,normal,approved_on_validation,우선 점검 후보
2024-11-16,AST-2031,A2,0,0.003275401774057,6.57974905395192e-12,6.781807115279153e-15,MRO-30012;MRO-10045;MRO-10046,MRO-10045;MRO-10046;MRO-10047,Hydraulic Press,CHN-02,test,12,normal,normal,approved_on_validation,우선 점검 후보
2024-11-16,AST-3008,A2,0,0.0032286886101226,5.530384350728186e-12,6.080987865681624e-15,MRO-70005;MRO-10045;MRO-10046,MRO-10045;MRO-10046;MRO-10047,Belt Conveyor,CHN-02,test,12,normal,normal,approved_on_validation,우선 점검 후보
2024-11-16,AST-3019,A2,0,0.0032397084593631,6.517406018677372e-12,6.613151016907942e-15,MRO-40022;MRO-20031;MRO-80001,MRO-20031;MRO-80001;MRO-10045,Belt Conveyor,CHN-02,test,12,normal,normal,approved_on_validation,우선 점검 후보
2024-11-16,AST-4055,A2,0,0.0032889813324445,6.904085708662248e-12,7.064876971182826e-15,MRO-60016;MRO-20031;MRO-10047,MRO-20031;MRO-10047;MRO-10045,Screw Compressor,DHR-03,test,12,normal,normal,approved_on_validation,우선 점검 후보
2024-11-16,AST-4061,A2,0,0.0032533629579218,6.668054293340708e-12,6.7799934728386435e-15,MRO-10045;MRO-10047;MRO-20031,MRO-10045;MRO-10047;MRO-20031,Screw Compressor,DHR-03,test,12,normal,normal,approved_on_validation,우선 점검 후보
2024-11-16,AST-5003,A2,0,0.0032708666470304,6.927189965645903e-12,7.026659578627033e-15,MRO-50009;MRO-20032;MRO-10046,MRO-50009;MRO-10046;MRO-10047,EOT Crane,DHR-03,test,12,normal,normal,approved_on_validation,우선 점검 후보
2024-11-16,AST-5007,A2,0,0.0033807813769774,6.776849373239428e-12,7.691038206248443e-15,MRO-70005;MRO-70004;MRO-10046,MRO-10046;MRO-10045;MRO-10047,EOT Crane,PUN-01,test,12,normal,normal,approved_on_validation,우선 점검 후보
2024-11-17,AST-1041,A2,0,0.0033729511776741,6.7039062218624746e-12,7.602293502104395e-15,MRO-70005;MRO-10045;MRO-10046,MRO-10045;MRO-10046;MRO-10047,CNC Lathe,PUN-01,test,12,normal,normal,approved_on_validation,우선 점검 후보
2024-11-17,AST-1042,A2,0,0.0032311949971252,6.620099803390431e-12,6.672067318796476e-15,MRO-10045;MRO-10046;MRO-10047,MRO-10045;MRO-10046;MRO-10047,CNC Lathe,PUN-01,test,12,normal,normal,approved_on_validation,우선 점검 후보
2024-11-17,AST-2017,A2,0,0.0032872979343588,6.627400509157687e-12,6.8675446713147806e-15,MRO-60016;MRO-80002;MRO-90011,MRO-10045;MRO-10046;MRO-10047,Hydraulic Press,PUN-01,test,12,normal,normal,approved_on_validation,우선 점검 후보
2024-11-17,AST-2031,A2,0,0.0032452855506699,6.596716623708667e-12,6.7122130104553444e-15,MRO-70005;MRO-10045;MRO-10046,MRO-10045;MRO-10046;MRO-10047,Hydraulic Press,CHN-02,test,12,normal,normal,approved_on_validation,우선 점검 후보
2024-11-17,AST-3008,A2,0,0.0031873507589009,6.006332204078136e-12,5.981660605287789e-15,MRO-60016;MRO-60015;MRO-10047,MRO-10047;MRO-20031;MRO-50009,Belt Conveyor,CHN-02,test,12,normal,normal,approved_on_validation,우선 점검 후보
2024-11-17,AST-3019,A2,0,0.0033131028230511,6.575627313555687e-12,7.146621761383511e-15,MRO-90011;MRO-10045;MRO-10047,MRO-10045;MRO-10047;MRO-20031,Belt Conveyor,CHN-02,test,12,normal,normal,approved_on_validation,우선 점검 후보
2024-11-17,AST-4055,A2,0,0.0032481615947219,6.6469592748900675e-12,6.741655233171891e-15,MRO-10047;MRO-10045;MRO-10046,MRO-10047;MRO-10045;MRO-10046,Screw Compressor,DHR-03,test,12,normal,normal,approved_on_validation,우선 점검 후보
2024-11-17,AST-4061,A2,0,0.0033387767806908,6.6753562373550735e-12,7.353127369430846e-15,MRO-70005;MRO-10045;MRO-10047,MRO-10045;MRO-10047;MRO-20031,Screw Compressor,DHR-03,test,12,normal,normal,approved_on_validation,우선 점검 후보
2024-11-17,AST-5003,A2,0,0.0032256112656044,6.5618413662130835e-12,6.5838661379819346e-15,MRO-10046;MRO-10047;MRO-20031,MRO-10046;MRO-10047;MRO-20031,EOT Crane,DHR-03,test,12,normal,normal,approved_on_validation,우선 점검 후보
2024-11-17,AST-5007,A2,0,0.0032356863220969,6.613344935574959e-12,6.654965442429789e-15,MRO-10045;MRO-10047;MRO-20031,MRO-10045;MRO-10047;MRO-20031,EOT Crane,PUN-01,test,12,normal,normal,approved_on_validation,우선 점검 후보
2024-11-18,AST-1041,A2,9,6.579494630572341,0.1291944634462444,0.0849392778762572,MRO-80002;MRO-10046;MRO-20031,MRO-10046;MRO-20031;MRO-50009,CNC Lathe,PUN-01,test,12,risk,risk,approved_on_validation,우선 점검 후보
2024-11-18,AST-1042,A2,9,7.251001806577279,0.1705314821411188,0.1173178941731872,MRO-40021;MRO-20031;MRO-10046,MRO-20031;MRO-10046;MRO-10047,CNC Lathe,PUN-01,test,12,risk,risk,approved_on_validation,우선 점검 후보
2024-11-18,AST-2017,A2,8,8.169867596310496,0.2319303180135538,0.1665270541430069,MRO-20031;MRO-80001;MRO-10045,MRO-20031;MRO-80001;MRO-10045,Hydraulic Press,PUN-01,test,12,risk,risk,approved_on_validation,우선 점검 후보
2024-11-18,AST-2031,A2,7,7.700980683610869,0.1964789702271467,0.1400563602115143,MRO-50009;MRO-80001;MRO-10047,MRO-50009;MRO-80001;MRO-10047,Hydraulic Press,CHN-02,test,12,risk,risk,approved_on_validation,우선 점검 후보
2024-11-18,AST-3008,A2,4,7.615605935450495,0.1940487101732674,0.1347830801484085,MRO-10046;MRO-30012;MRO-10045,MRO-10046;MRO-10045;MRO-20031,Belt Conveyor,CHN-02,test,12,caution,risk,approved_on_validation,우선 점검 후보
2024-11-18,AST-3019,A2,6,6.163281397572386,0.1094674834763619,0.0700728844001875,MRO-10045;MRO-10047;MRO-50009,MRO-10045;MRO-10047;MRO-50009,Belt Conveyor,CHN-02,test,12,risk,risk,approved_on_validation,우선 점검 후보
2024-11-18,AST-4055,A2,21,8.534251264753518,0.255705697672198,0.1878430954186932,MRO-40022;MRO-50009;MRO-10045,MRO-50009;MRO-10045;MRO-80001,Screw Compressor,DHR-03,test,12,high_risk,risk,approved_on_validation,우선 점검 후보
2024-11-18,AST-4061,A2,5,6.783763300041791,0.1432368572244642,0.0945584075594437,MRO-10046;MRO-80001;MRO-10047,MRO-10046;MRO-80001;MRO-10047,Screw Compressor,DHR-03,test,12,caution,risk,approved_on_validation,우선 점검 후보
2024-11-18,AST-5003,A2,5,8.706294996594012,0.268730093536516,0.1992107381724714,MRO-10045;MRO-50009;MRO-20031,MRO-10045;MRO-50009;MRO-20031,EOT Crane,DHR-03,test,12,caution,risk,approved_on_validation,우선 점검 후보
2024-11-18,AST-5007,A2,7,5.875473838811316,0.0933875554688639,0.0586466287884786,MRO-10046;MRO-40022;MRO-20033,MRO-10046;MRO-10045;MRO-50009,EOT Crane,PUN-01,test,12,risk,risk,approved_on_validation,우선 점검 후보
2024-11-19,AST-1041,A2,10,7.481046480293838,0.1832134159607908,0.1273470711961769,MRO-80001;MRO-50009;MRO-10046,MRO-80001;MRO-50009;MRO-10046,CNC Lathe,PUN-01,test,12,risk,risk,approved_on_validation,우선 점검 후보
2024-11-19,AST-1042,A2,11,7.176793782725217,0.1657248710173786,0.1118916854731073,MRO-20031;MRO-50009;MRO-10047,MRO-20031;MRO-50009;MRO-10047,CNC Lathe,PUN-01,test,12,risk,risk,approved_on_validation,우선 점검 후보
2024-11-19,AST-2017,A2,5,8.41755540187451,0.2495095785263398,0.1806214956865671,MRO-50009;MRO-80001;MRO-10047,MRO-50009;MRO-80001;MRO-10047,Hydraulic Press,PUN-01,test,12,caution,risk,approved_on_validation,우선 점검 후보
2024-11-19,AST-2031,A2,10,7.271926803091881,0.1715751360932471,0.1178834258031803,MRO-50009;MRO-80001;MRO-10047,MRO-50009;MRO-80001;MRO-10047,Hydraulic Press,CHN-02,test,12,risk,risk,approved_on_validation,우선 점검 후보
2024-11-19,AST-3008,A2,11,7.608077548964231,0.1887386348831697,0.1348740456352118,MRO-10046;MRO-10045;MRO-10047,MRO-10046;MRO-10045;MRO-10047,Belt Conveyor,CHN-02,test,12,risk,risk,approved_on_validation,우선 점검 후보
2024-11-19,AST-3019,A2,2,6.0780732087384255,0.1058309196867858,0.068069255489789,MRO-50009;MRO-10045;MRO-10047,MRO-50009;MRO-10045;MRO-10047,Belt Conveyor,CHN-02,test,12,caution,risk,approved_on_validation,우선 점검 후보
2024-11-19,AST-4055,A2,11,8.834549837879946,0.2793126687268392,0.205500486532734,MRO-40022;MRO-10047;MRO-20031,MRO-10047;MRO-20031;MRO-10045,Screw Compressor,DHR-03,test,12,risk,risk,approved_on_validation,우선 점검 후보
2024-11-19,AST-4061,A2,4,6.687354175918592,0.1371977600698716,0.0903692954364335,MRO-10046;MRO-80001;MRO-10047,MRO-10046;MRO-80001;MRO-10047,Screw Compressor,DHR-03,test,12,caution,risk,approved_on_validation,우선 점검 후보
2024-11-19,AST-5003,A2,10,7.929230329956612,0.2137448996341551,0.1514295600428702,MRO-50009;MRO-10046;MRO-80001,MRO-50009;MRO-10046;MRO-80001,EOT Crane,DHR-03,test,12,risk,risk,approved_on_validation,우선 점검 후보
2024-11-19,AST-5007,A2,1,4.826264270679441,0.0505957652907689,0.0286208530732463,MRO-40022;MRO-10046;MRO-40021,MRO-10046;MRO-50009;MRO-10047,EOT Crane,PUN-01,test,12,caution,caution,approved_on_validation,우선 점검 후보
2024-11-20,AST-1041,A2,12,7.910232966138998,0.2144602372634741,0.153788460433264,MRO-50009;MRO-80001;MRO-20031,MRO-50009;MRO-80001;MRO-20031,CNC Lathe,PUN-01,test,12,high_risk,risk,approved_on_validation,우선 점검 후보
2024-11-20,AST-1042,A2,4,6.951366358822656,0.1539997472264777,0.1023422485591403,MRO-10046;MRO-40021;MRO-20031,MRO-10046;MRO-20031;MRO-10047,CNC Lathe,PUN-01,test,12,caution,risk,approved_on_validation,우선 점검 후보
2024-11-20,AST-2017,A2,6,7.6958263000577105,0.1978113675839544,0.1386575165331148,MRO-40022;MRO-50009;MRO-10045,MRO-50009;MRO-10045;MRO-10046,Hydraulic Press,PUN-01,test,12,risk,risk,approved_on_validation,우선 점검 후보
2024-11-20,AST-2031,A2,8,7.504854554185064,0.1866548050972774,0.1298384729003935,MRO-10046;MRO-80001;MRO-50009,MRO-10046;MRO-80001;MRO-50009,Hydraulic Press,CHN-02,test,12,risk,risk,approved_on_validation,우선 점검 후보
2024-11-20,AST-3008,A2,8,6.964748170607639,0.1483038554317793,0.1018211906804505,MRO-40021;MRO-50009;MRO-20031,MRO-50009;MRO-20031;MRO-80001,Belt Conveyor,CHN-02,test,12,risk,risk,approved_on_validation,우선 점검 후보
2024-11-20,AST-3019,A2,0,6.119980648060065,0.1082326493911181,0.0689817355677065,MRO-50009;MRO-10045;MRO-10047,MRO-50009;MRO-10045;MRO-10047,Belt Conveyor,CHN-02,test,12,normal,risk,approved_on_validation,우선 점검 후보
2024-11-20,AST-4055,A2,3,8.86249739725496,0.2827040001284925,0.206547946008514,MRO-40022;MRO-10045;MRO-10046,MRO-10045;MRO-10046;MRO-50009,Screw Compressor,DHR-03,test,12,caution,risk,approved_on_validation,우선 점검 후보
2024-11-20,AST-4061,A2,11,6.4875048605136305,0.1272559050342852,0.0821610761348081,MRO-10046;MRO-80001;MRO-10047,MRO-10046;MRO-80001;MRO-10047,Screw Compressor,DHR-03,test,12,risk,risk,approved_on_validation,우선 점검 후보
2024-11-20,AST-5003,A2,20,8.472166893538713,0.2542521545168263,0.184515230879682,MRO-10045;MRO-50009;MRO-80001,MRO-10045;MRO-50009;MRO-80001,EOT Crane,DHR-03,test,12,high_risk,risk,approved_on_validation,우선 점검 후보
2024-11-20,AST-5007,A2,0,5.817154839352819,0.0914187369243404,0.0562534541789679,MRO-10046;MRO-40022;MRO-10045,MRO-10046;MRO-10045;MRO-50009,EOT Crane,PUN-01,test,12,normal,risk,approved_on_validation,우선 점검 후보
2024-11-21,AST-1041,A2,6,7.649756317062995,0.1939580167750886,0.1379417040195518,MRO-80001;MRO-50009;MRO-20031,MRO-80001;MRO-50009;MRO-20031,CNC Lathe,PUN-01,test,12,risk,risk,approved_on_validation,우선 점검 후보
2024-11-21,AST-1042,A2,6,7.214446409476183,0.168781839248761,0.1152195536473861,MRO-10046;MRO-40021;MRO-10045,MRO-10046;MRO-10045;MRO-20031,CNC Lathe,PUN-01,test,12,risk,risk,approved_on_validation,우선 점검 후보
2024-11-21,AST-2017,A2,9,7.893043154120975,0.2098415476235794,0.1485973004533775,MRO-40022;MRO-50009;MRO-10045,MRO-50009;MRO-10045;MRO-10046,Hydraulic Press,PUN-01,test,12,risk,risk,approved_on_validation,우선 점검 후보
2024-11-21,AST-2031,A2,17,7.839219560221357,0.2084481883490046,0.1486544731787622,MRO-10046;MRO-50009;MRO-10045,MRO-10046;MRO-50009;MRO-10045,Hydraulic Press,CHN-02,test,12,high_risk,risk,approved_on_validation,우선 점검 후보
2024-11-21,AST-3008,A2,4,6.518379242572643,0.1242866122556771,0.0815106167587703,MRO-30012;MRO-40022;MRO-10047,MRO-10047;MRO-20031;MRO-80001,Belt Conveyor,CHN-02,test,12,caution,risk,approved_on_validation,우선 점검 후보
2024-11-21,AST-3019,A2,6,6.127133620685786,0.1097445684911284,0.0689550179094891,MRO-50009;MRO-10045;MRO-10047,MRO-50009;MRO-10045;MRO-10047,Belt Conveyor,CHN-02,test,12,risk,risk,approved_on_validation,우선 점검 후보
2024-11-21,AST-4055,A2,8,8.31538004211411,0.2429165193748478,0.1728127654695941,MRO-40022;MRO-10047;MRO-10046,MRO-10047;MRO-10046;MRO-50009,Screw Compressor,DHR-03,test,12,risk,risk,approved_on_validation,우선 점검 후보
2024-11-21,AST-4061,A2,4,6.637165277289634,0.1338883826679521,0.0872303806908024,MRO-40022;MRO-10046;MRO-50009,MRO-10046;MRO-50009;MRO-80001,Screw Compressor,DHR-03,test,12,caution,risk,approved_on_validation,우선 점검 후보
2024-11-21,AST-5003,A2,12,8.344085966495467,0.2455386884965851,0.1780639999329772,MRO-80001;MRO-50009;MRO-10045,MRO-80001;MRO-50009;MRO-10045,EOT Crane,DHR-03,test,12,high_risk,risk,approved_on_validation,우선 점검 후보
2024-11-21,AST-5007,A2,6,6.049730200100746,0.1030657117440183,0.065302103885634,MRO-10045;MRO-10046;MRO-50009,MRO-10045;MRO-10046;MRO-50009,EOT Crane,PUN-01,test,12,risk,risk,approved_on_validation,우선 점검 후보
2024-11-22,AST-1041,A2,12,7.093451278131492,0.1612295351136065,0.1089196282228788,MRO-80001;MRO-50009;MRO-20031,MRO-80001;MRO-50009;MRO-20031,CNC Lathe,PUN-01,test,12,high_risk,risk,approved_on_validation,우선 점검 후보
2024-11-22,AST-1042,A2,6,7.405531863659592,0.1801448257608272,0.1251400672519825,MRO-10047;MRO-20031;MRO-50009,MRO-10047;MRO-20031;MRO-50009,CNC Lathe,PUN-01,test,12,risk,risk,approved_on_validation,우선 점검 후보
2024-11-22,AST-2017,A2,7,8.48436441763675,0.2524521372934373,0.1856693171966782,MRO-50009;MRO-10047;MRO-80001,MRO-50009;MRO-10047;MRO-80001,Hydraulic Press,PUN-01,test,12,risk,risk,approved_on_validation,우선 점검 후보
2024-11-22,AST-2031,A2,0,7.624048103292075,0.1937558345734603,0.1370652549318003,MRO-50009;MRO-10045;MRO-10047,MRO-50009;MRO-10045;MRO-10047,Hydraulic Press,CHN-02,test,12,normal,risk,approved_on_validation,우선 점검 후보
2024-11-22,AST-3008,A2,2,8.821092253487892,0.27604142187344,0.2062573025821813,MRO-80001;MRO-10046;MRO-50009,MRO-80001;MRO-10046;MRO-50009,Belt Conveyor,CHN-02,test,12,caution,risk,approved_on_validation,우선 점검 후보
2024-11-22,AST-3019,A2,4,6.503354533010107,0.1288677429820098,0.0838060658316355,MRO-10046;MRO-10045;MRO-10047,MRO-10046;MRO-10045;MRO-10047,Belt Conveyor,CHN-02,test,12,caution,risk,approved_on_validation,우선 점검 후보
2024-11-22,AST-4055,A2,9,9.452265644534414,0.3251063533361411,0.2484443028980431,MRO-10045;MRO-10046;MRO-10047,MRO-10045;MRO-10046;MRO-10047,Screw Compressor,DHR-03,test,12,risk,risk,approved_on_validation,우선 점검 후보
2024-11-22,AST-4061,A2,6,6.96360809319854,0.1531325882195202,0.1025257231955472,MRO-10047;MRO-20031;MRO-10046,MRO-10047;MRO-20031;MRO-10046,Screw Compressor,DHR-03,test,12,risk,risk,approved_on_validation,우선 점검 후보
2024-11-22,AST-5003,A2,15,8.740936976282953,0.2730055601482901,0.202614885513492,MRO-10047;MRO-80001;MRO-10046,MRO-10047;MRO-80001;MRO-10046,EOT Crane,DHR-03,test,12,high_risk,risk,approved_on_validation,우선 점검 후보
2024-11-22,AST-5007,A2,2,6.079852642250198,0.1051394958928377,0.0657456222356508,MRO-10046;MRO-50009;MRO-20031,MRO-10046;MRO-50009;MRO-20031,EOT Crane,PUN-01,test,12,caution,risk,approved_on_validation,우선 점검 후보
2024-11-23,AST-1041,A2,0,0.0032311653737536,6.574150463384952e-12,6.6122593226059815e-15,MRO-10046;MRO-10047;MRO-20031,MRO-10046;MRO-10047;MRO-20031,CNC Lathe,PUN-01,test,12,normal,normal,approved_on_validation,우선 점검 후보
2024-11-23,AST-1042,A2,0,0.0032398040403501,6.621591755485248e-12,6.702065154985626e-15,MRO-10046;MRO-10045;MRO-10047,MRO-10046;MRO-10045;MRO-10047,CNC Lathe,PUN-01,test,12,normal,normal,approved_on_validation,우선 점검 후보
2024-11-23,AST-2017,A2,0,0.003363227662917,6.861843666965642e-12,7.412433977699376e-15,MRO-70005;MRO-20033;MRO-10046,MRO-10046;MRO-20031;MRO-10045,Hydraulic Press,PUN-01,test,12,normal,normal,approved_on_validation,우선 점검 후보
2024-11-23,AST-2031,A2,0,0.0036371609312097,1.2743090255731571e-11,1.283376302142697e-14,MRO-10046;MRO-10047;MRO-80001,MRO-10046;MRO-10047;MRO-80001,Hydraulic Press,CHN-02,test,12,normal,normal,approved_on_validation,우선 점검 후보
2024-11-23,AST-3008,A2,0,0.0032418204685658,6.582204458769274e-12,6.6870077381767975e-15,MRO-70005;MRO-10045;MRO-10046,MRO-10045;MRO-10046;MRO-10047,Belt Conveyor,CHN-02,test,12,normal,normal,approved_on_validation,우선 점검 후보
2024-11-23,AST-3019,A2,0,0.0032163666107049,6.561302674337481e-12,6.5512447052415605e-15,MRO-10045;MRO-10047;MRO-20031,MRO-10045;MRO-10047;MRO-20031,Belt Conveyor,CHN-02,test,12,normal,normal,approved_on_validation,우선 점검 후보
2024-11-23,AST-4055,A2,0,0.0032521739390014,6.688496223161788e-12,6.791283948738459e-15,MRO-20031;MRO-10045;MRO-10046,MRO-20031;MRO-10045;MRO-10046,Screw Compressor,DHR-03,test,12,normal,normal,approved_on_validation,우선 점검 후보
2024-11-23,AST-4061,A2,0,0.0033359957667445,6.721934372673941e-12,7.360490358052947e-15,MRO-70005;MRO-10047;MRO-30011,MRO-10047;MRO-10045;MRO-10046,Screw Compressor,DHR-03,test,12,normal,normal,approved_on_validation,우선 점검 후보
2024-11-23,AST-5003,A2,0,0.0033618789622016,8.265207576771019e-12,8.323803016413182e-15,MRO-10047;MRO-80001;MRO-50009,MRO-10047;MRO-80001;MRO-50009,EOT Crane,DHR-03,test,12,normal,normal,approved_on_validation,우선 점검 후보
2024-11-23,AST-5007,A2,0,0.00335426890818,6.853020003941626e-12,7.518460990861338e-15,MRO-70005;MRO-10047;MRO-40022,MRO-10047;MRO-10045;MRO-10046,EOT Crane,PUN-01,test,12,normal,normal,approved_on_validation,우선 점검 후보
2024-11-24,AST-1041,A2,0,0.0032248894597426,6.456914363984818e-12,6.5128641193295715e-15,MRO-10047;MRO-20031;MRO-50009,MRO-10047;MRO-20031;MRO-50009,CNC Lathe,PUN-01,test,12,normal,normal,approved_on_validation,우선 점검 후보
2024-11-24,AST-1042,A2,0,0.0031894877687537,6.010885583809066e-12,6.0754262022521514e-15,MRO-10045;MRO-10047;MRO-20031,MRO-10045;MRO-10047;MRO-20031,CNC Lathe,PUN-01,test,12,normal,normal,approved_on_validation,우선 점검 후보
2024-11-24,AST-2017,A2,0,0.0032377841991253,6.5905152185374295e-12,6.6611083665806644e-15,MRO-70005;MRO-10045;MRO-10047,MRO-10045;MRO-10047;MRO-20031,Hydraulic Press,PUN-01,test,12,normal,normal,approved_on_validation,우선 점검 후보
2024-11-24,AST-2031,A2,0,0.0032665607203925,6.626595860754024e-12,6.8633376335173656e-15,MRO-70005;MRO-10045;MRO-10046,MRO-10045;MRO-10046;MRO-10047,Hydraulic Press,CHN-02,test,12,normal,normal,approved_on_validation,우선 점검 후보
2024-11-24,AST-3008,A2,0,0.0032580934654192,6.703917994500916e-12,6.830826430539146e-15,MRO-70005;MRO-10045;MRO-10046,MRO-10045;MRO-10046;MRO-10047,Belt Conveyor,CHN-02,test,12,normal,normal,approved_on_validation,우선 점검 후보
2024-11-24,AST-3019,A2,0,0.0032442246864861,6.620354606851404e-12,6.7157096108875416e-15,MRO-10045;MRO-10046;MRO-10047,MRO-10045;MRO-10046;MRO-10047,Belt Conveyor,CHN-02,test,12,normal,normal,approved_on_validation,우선 점검 후보
2024-11-24,AST-4055,A2,0,0.0032614980243074,6.713746516704748e-12,6.858875414336773e-15,MRO-70005;MRO-20031;MRO-10045,MRO-20031;MRO-10045;MRO-10046,Screw Compressor,DHR-03,test,12,normal,normal,approved_on_validation,우선 점검 후보
2024-11-24,AST-4061,A2,0,0.0033373937813931,6.673703145186229e-12,7.347128389091591e-15,MRO-70005;MRO-10045;MRO-10046,MRO-10045;MRO-10046;MRO-20031,Screw Compressor,DHR-03,test,12,normal,normal,approved_on_validation,우선 점검 후보
2024-11-24,AST-5003,A2,0,0.0032061304727855,5.952082566790767e-12,6.1577871690364316e-15,MRO-70004;MRO-10046;MRO-50009,MRO-10046;MRO-50009;MRO-10045,EOT Crane,DHR-03,test,12,normal,normal,approved_on_validation,우선 점검 후보
2024-11-24,AST-5007,A2,0,0.0032314247865231,6.620153172124243e-12,6.664654901433129e-15,MRO-10045;MRO-10046;MRO-10047,MRO-10045;MRO-10046;MRO-10047,EOT Crane,PUN-01,test,12,normal,normal,approved_on_validation,우선 점검 후보
2024-11-25,AST-1041,A2,4,7.829935953015912,0.2074767970249026,0.1476176175445704,MRO-80001;MRO-10046;MRO-10047,MRO-80001;MRO-10046;MRO-10047,CNC Lathe,PUN-01,test,12,caution,risk,approved_on_validation,우선 점검 후보
2024-11-25,AST-1042,A2,6,7.20576976928836,0.1669587124794477,0.1130940993436861,MRO-40021;MRO-50008;MRO-80001,MRO-80001;MRO-10047;MRO-20031,CNC Lathe,PUN-01,test,12,risk,risk,approved_on_validation,우선 점검 후보
2024-11-25,AST-2017,A2,5,8.65872926778282,0.2660890646510484,0.1956327800449016,MRO-10046;MRO-20031;MRO-10047,MRO-10046;MRO-20031;MRO-10047,Hydraulic Press,PUN-01,test,12,caution,risk,approved_on_validation,우선 점검 후보
2024-11-25,AST-2031,A2,8,7.76699526779929,0.2023875657814413,0.1436331503893635,MRO-20031;MRO-10046;MRO-10047,MRO-20031;MRO-10046;MRO-10047,Hydraulic Press,CHN-02,test,12,risk,risk,approved_on_validation,우선 점검 후보
2024-11-25,AST-3008,A2,3,7.667986147056396,0.1958123525248423,0.1374359029070519,MRO-30012;MRO-80001;MRO-10047,MRO-80001;MRO-10047;MRO-10045,Belt Conveyor,CHN-02,test,12,caution,risk,approved_on_validation,우선 점검 후보
2024-11-25,AST-3019,A2,8,7.861290237099896,0.1961908523520525,0.1428176282341453,MRO-70004;MRO-40022;MRO-40021,MRO-10046;MRO-50009;MRO-10045,Belt Conveyor,CHN-02,test,12,risk,risk,approved_on_validation,우선 점검 후보
2024-11-25,AST-4055,A2,7,7.703929185071441,0.2001241178203643,0.1402815208440995,MRO-80001;MRO-10045;MRO-10046,MRO-80001;MRO-10045;MRO-10046,Screw Compressor,DHR-03,test,12,risk,risk,approved_on_validation,우선 점검 후보
2024-11-25,AST-4061,A2,4,6.4632509552295945,0.1245520681842267,0.0800458902173358,MRO-40022;MRO-50009;MRO-10047,MRO-50009;MRO-10047;MRO-20031,Screw Compressor,DHR-03,test,12,caution,risk,approved_on_validation,우선 점검 후보
2024-11-25,AST-5003,A2,9,8.614152235090131,0.2603624834946262,0.1921404000206249,MRO-10045;MRO-50009;MRO-20031,MRO-10045;MRO-50009;MRO-20031,EOT Crane,DHR-03,test,12,risk,risk,approved_on_validation,우선 점검 후보
2024-11-25,AST-5007,A2,6,5.943413271960763,0.0966101813027666,0.0611251572920866,MRO-20031;MRO-80002;MRO-10047,MRO-20031;MRO-10047;MRO-10045,EOT Crane,PUN-01,test,12,risk,risk,approved_on_validation,우선 점검 후보
2024-11-26,AST-1041,A2,2,7.246235634701393,0.1688075738669459,0.1171645995869517,MRO-50009;MRO-10046;MRO-10045,MRO-50009;MRO-10046;MRO-10045,CNC Lathe,PUN-01,test,12,caution,risk,approved_on_validation,우선 점검 후보
2024-11-26,AST-1042,A2,4,7.079833614517179,0.1607071411378614,0.1084648527665964,MRO-10047;MRO-50009;MRO-10046,MRO-10047;MRO-50009;MRO-10046,CNC Lathe,PUN-01,test,12,caution,risk,approved_on_validation,우선 점검 후보
2024-11-26,AST-2017,A2,4,8.6366146980065,0.2652853765692378,0.193420847987173,MRO-10046;MRO-20031;MRO-10047,MRO-10046;MRO-20031;MRO-10047,Hydraulic Press,PUN-01,test,12,caution,risk,approved_on_validation,우선 점검 후보
2024-11-26,AST-2031,A2,8,7.397997239959289,0.1780232956906133,0.1237648988955802,MRO-10047;MRO-50009;MRO-80001,MRO-10047;MRO-50009;MRO-80001,Hydraulic Press,CHN-02,test,12,risk,risk,approved_on_validation,우선 점검 후보
2024-11-26,AST-3008,A2,5,7.5087328102218045,0.1841887178258949,0.1283543500389802,MRO-30012;MRO-10045;MRO-80001,MRO-10045;MRO-80001;MRO-10046,Belt Conveyor,CHN-02,test,12,caution,risk,approved_on_validation,우선 점검 후보
2024-11-26,AST-3019,A2,5,6.296957320201092,0.1150871906535394,0.0757845494825508,MRO-10046;MRO-50009;MRO-10045,MRO-10046;MRO-50009;MRO-10045,Belt Conveyor,CHN-02,test,12,caution,risk,approved_on_validation,우선 점검 후보
2024-11-26,AST-4055,A2,15,8.425442791515703,0.2502792081185607,0.1824029921291824,MRO-20031;MRO-10045;MRO-10047,MRO-20031;MRO-10045;MRO-10047,Screw Compressor,DHR-03,test,12,high_risk,risk,approved_on_validation,우선 점검 후보
2024-11-26,AST-4061,A2,3,6.680724914321024,0.1379875224347052,0.08990660020866,MRO-10047;MRO-20031;MRO-80001,MRO-10047;MRO-20031;MRO-80001,Screw Compressor,DHR-03,test,12,caution,risk,approved_on_validation,우선 점검 후보
2024-11-26,AST-5003,A2,9,9.233150246649858,0.309597612007685,0.2338665092167755,MRO-10045;MRO-20031;MRO-50009,MRO-10045;MRO-20031;MRO-50009,EOT Crane,DHR-03,test,12,risk,risk,approved_on_validation,우선 점검 후보
2024-11-26,AST-5007,A2,10,5.902015582406862,0.0946631420921347,0.0586337190751656,MRO-80002;MRO-10047;MRO-40022,MRO-10047;MRO-10045;MRO-10046,EOT Crane,PUN-01,test,12,risk,risk,approved_on_validation,우선 점검 후보
2024-11-27,AST-1041,A2,6,6.914698442307926,0.1484238813633097,0.1010927173796397,MRO-80001;MRO-20031;MRO-10047,MRO-80001;MRO-20031;MRO-10047,CNC Lathe,PUN-01,test,12,risk,risk,approved_on_validation,우선 점검 후보
2024-11-27,AST-1042,A2,4,7.178564453513451,0.167809508591933,0.1139337725825616,MRO-10046;MRO-20031;MRO-10047,MRO-10046;MRO-20031;MRO-10047,CNC Lathe,PUN-01,test,12,caution,risk,approved_on_validation,우선 점검 후보
2024-11-27,AST-2017,A2,11,9.375069397248646,0.3207455890757069,0.2432388451250024,MRO-80001;MRO-10046;MRO-10047,MRO-80001;MRO-10046;MRO-10047,Hydraulic Press,PUN-01,test,12,risk,risk,approved_on_validation,우선 점검 후보
2024-11-27,AST-2031,A2,15,7.657104328337647,0.1961808108242644,0.137851644004482,MRO-10046;MRO-50009;MRO-10047,MRO-10046;MRO-50009;MRO-10047,Hydraulic Press,CHN-02,test,12,high_risk,risk,approved_on_validation,우선 점검 후보
2024-11-27,AST-3008,A2,5,7.534279861004007,0.1882302516367643,0.1298815748682233,MRO-30012;MRO-10045;MRO-20031,MRO-10045;MRO-20031;MRO-80001,Belt Conveyor,CHN-02,test,12,caution,risk,approved_on_validation,우선 점검 후보
2024-11-27,AST-3019,A2,6,6.620678283877759,0.1327814390559859,0.087139506365254,MRO-10046;MRO-10047;MRO-10045,MRO-10046;MRO-10047;MRO-10045,Belt Conveyor,CHN-02,test,12,risk,risk,approved_on_validation,우선 점검 후보
2024-11-27,AST-4055,A2,2,8.379124292410246,0.2472319638492086,0.1784267721510631,MRO-10045;MRO-20031;MRO-80001,MRO-10045;MRO-20031;MRO-80001,Screw Compressor,DHR-03,test,12,caution,risk,approved_on_validation,우선 점검 후보
2024-11-27,AST-4061,A2,6,7.12956811891062,0.163671048896798,0.1096027824169221,MRO-10047;MRO-20031;MRO-80001,MRO-10047;MRO-20031;MRO-80001,Screw Compressor,DHR-03,test,12,risk,risk,approved_on_validation,우선 점검 후보
2024-11-27,AST-5003,A2,15,7.923314641380526,0.2142340100867582,0.1524851433360147,MRO-10045;MRO-50009;MRO-20031,MRO-10045;MRO-50009;MRO-20031,EOT Crane,DHR-03,test,12,high_risk,risk,approved_on_validation,우선 점검 후보
2024-11-27,AST-5007,A2,10,5.41655312053167,0.0709868181660139,0.0431155583103446,MRO-40022;MRO-10045;MRO-40021,MRO-10045;MRO-10047;MRO-80001,EOT Crane,PUN-01,test,12,risk,caution,approved_on_validation,우선 점검 후보
2024-11-28,AST-1041,A2,11,7.368831876099393,0.1775719800565518,0.1231298261192155,MRO-80001;MRO-20031;MRO-10045,MRO-80001;MRO-20031;MRO-10045,CNC Lathe,PUN-01,test,12,risk,risk,approved_on_validation,우선 점검 후보
2024-11-28,AST-1042,A2,8,7.288526591731744,0.1742616105760978,0.1181548059864234,MRO-10045;MRO-20031;MRO-10047,MRO-10045;MRO-20031;MRO-10047,CNC Lathe,PUN-01,test,12,risk,risk,approved_on_validation,우선 점검 후보
2024-11-28,AST-2017,A2,11,8.430746485680896,0.2509250571951846,0.1810984163789204,MRO-10045;MRO-10046;MRO-20031,MRO-10045;MRO-10046;MRO-20031,Hydraulic Press,PUN-01,test,12,risk,risk,approved_on_validation,우선 점검 후보
2024-11-28,AST-2031,A2,9,7.476549194247561,0.1843583212480724,0.12804701206018,MRO-10047;MRO-20031;MRO-10046,MRO-10047;MRO-20031;MRO-10046,Hydraulic Press,CHN-02,test,12,risk,risk,approved_on_validation,우선 점검 후보
2024-11-28,AST-3008,A2,4,7.920599648416696,0.2122951083727743,0.1506808000613897,MRO-30012;MRO-20031;MRO-80001,MRO-20031;MRO-80001;MRO-10045,Belt Conveyor,CHN-02,test,12,caution,risk,approved_on_validation,우선 점검 후보
2024-11-28,AST-3019,A2,6,6.171937427168113,0.1099772905010774,0.0706690197548325,MRO-40022;MRO-10047;MRO-10046,MRO-10047;MRO-10046;MRO-10045,Belt Conveyor,CHN-02,test,12,risk,risk,approved_on_validation,우선 점검 후보
2024-11-28,AST-4055,A2,8,8.481212801194317,0.2544724491415895,0.1840910627243898,MRO-10045;MRO-10046;MRO-80001,MRO-10045;MRO-10046;MRO-80001,Screw Compressor,DHR-03,test,12,risk,risk,approved_on_validation,우선 점검 후보
2024-11-28,AST-4061,A2,6,6.650442084906014,0.1350355292224211,0.0885325217440418,MRO-40022;MRO-10045;MRO-20031,MRO-10045;MRO-20031;MRO-80001,Screw Compressor,DHR-03,test,12,risk,risk,approved_on_validation,우선 점검 후보
2024-11-28,AST-5003,A2,12,8.14297788798991,0.2290855340270356,0.1650272017660991,MRO-50009;MRO-10045;MRO-20031,MRO-50009;MRO-10045;MRO-20031,EOT Crane,DHR-03,test,12,high_risk,risk,approved_on_validation,우선 점검 후보
2024-11-28,AST-5007,A2,9,5.833701385170229,0.0915879723315789,0.0572015601025265,MRO-80001;MRO-10047;MRO-10045,MRO-80001;MRO-10047;MRO-10045,EOT Crane,PUN-01,test,12,risk,caution,approved_on_validation,우선 점검 후보
2024-11-29,AST-1041,A2,8,6.489003276947752,0.1252208318168367,0.0818759992476588,MRO-80001;MRO-10045;MRO-20031,MRO-80001;MRO-10045;MRO-20031,CNC Lathe,PUN-01,test,12,risk,risk,approved_on_validation,우선 점검 후보
2024-11-29,AST-1042,A2,2,7.294951423703446,0.1739481849953943,0.1188985010020136,MRO-10047;MRO-10046;MRO-20031,MRO-10047;MRO-10046;MRO-20031,CNC Lathe,PUN-01,test,12,caution,risk,approved_on_validation,우선 점검 후보
2024-11-29,AST-2017,A2,8,8.695019994916233,0.2699279417792633,0.1981011147023849,MRO-80001;MRO-10045;MRO-10046,MRO-80001;MRO-10045;MRO-10046,Hydraulic Press,PUN-01,test,12,risk,risk,approved_on_validation,우선 점검 후보
2024-11-29,AST-2031,A2,10,7.506507807242485,0.1870608702230031,0.1299287892312418,MRO-80001;MRO-50009;MRO-10047,MRO-80001;MRO-50009;MRO-10047,Hydraulic Press,CHN-02,test,12,risk,risk,approved_on_validation,우선 점검 후보
2024-11-29,AST-3008,A2,0,7.830161861635624,0.2084466052626777,0.1464273753340677,MRO-10045;MRO-30012;MRO-80001,MRO-10045;MRO-80001;MRO-20031,Belt Conveyor,CHN-02,test,12,normal,risk,approved_on_validation,우선 점검 후보
2024-11-29,AST-3019,A2,6,6.284780223860609,0.1169610660555537,0.0756677795147836,MRO-20031;MRO-10047;MRO-80001,MRO-20031;MRO-10047;MRO-80001,Belt Conveyor,CHN-02,test,12,risk,risk,approved_on_validation,우선 점검 후보
2024-11-29,AST-4055,A2,13,8.569929155199324,0.2621816568977966,0.1910404514760419,MRO-20031;MRO-10045;MRO-10046,MRO-20031;MRO-10045;MRO-10046,Screw Compressor,DHR-03,test,12,high_risk,risk,approved_on_validation,우선 점검 후보
2024-11-29,AST-4061,A2,6,7.069924866479997,0.1567117202757735,0.107570748298684,MRO-50009;MRO-60015;MRO-10045,MRO-50009;MRO-10045;MRO-20031,Screw Compressor,DHR-03,test,12,risk,risk,approved_on_validation,우선 점검 후보
2024-11-29,AST-5003,A2,11,8.900159214462867,0.2870269236586218,0.2114316806745881,MRO-20031;MRO-10046;MRO-80001,MRO-20031;MRO-10046;MRO-80001,EOT Crane,DHR-03,test,12,risk,risk,approved_on_validation,우선 점검 후보
2024-11-29,AST-5007,A2,0,6.52812318069746,0.1276520815077322,0.0837493412130579,MRO-80001;MRO-10045;MRO-50009,MRO-80001;MRO-10045;MRO-50009,EOT Crane,PUN-01,test,12,normal,risk,approved_on_validation,우선 점검 후보
2024-11-30,AST-1041,A2,0,0.0032351497886793,6.53260151427356e-12,6.5987957837220176e-15,MRO-10045;MRO-50009;MRO-80001,MRO-10045;MRO-50009;MRO-80001,CNC Lathe,PUN-01,test,12,normal,normal,approved_on_validation,우선 점검 후보
2024-11-30,AST-1042,A2,0,0.0032262901587799,6.456859156253653e-12,6.531042901509269e-15,MRO-10045;MRO-20031;MRO-50009,MRO-10045;MRO-20031;MRO-50009,CNC Lathe,PUN-01,test,12,normal,normal,approved_on_validation,우선 점검 후보
2024-11-30,AST-2017,A2,0,0.0032560286209867,6.776772610036953e-12,6.8587731557572404e-15,MRO-10047;MRO-20033;MRO-30011,MRO-10047;MRO-10045;MRO-10046,Hydraulic Press,PUN-01,test,12,normal,normal,approved_on_validation,우선 점검 후보
2024-11-30,AST-2031,A2,0,0.0032322466493484,6.5465018610297994e-12,6.607362570698365e-15,MRO-10047;MRO-50009;MRO-80001,MRO-10047;MRO-50009;MRO-80001,Hydraulic Press,CHN-02,test,12,normal,normal,approved_on_validation,우선 점검 후보
2024-11-30,AST-3008,A2,0,0.0033332198044243,6.6009734013072756e-12,7.339589555864971e-15,MRO-70005;MRO-10045;MRO-10046,MRO-10045;MRO-10046;MRO-10047,Belt Conveyor,CHN-02,test,12,normal,normal,approved_on_validation,우선 점검 후보
2024-11-30,AST-3019,A2,0,0.0031599555050392,6.0123256275099095e-12,5.9622385342156505e-15,MRO-10046;MRO-10047;MRO-20031,MRO-10046;MRO-10047;MRO-20031,Belt Conveyor,CHN-02,test,12,normal,normal,approved_on_validation,우선 점검 후보
2024-11-30,AST-4055,A2,0,0.0032775834535856,6.643768731328491e-12,6.857796674468493e-15,MRO-40021;MRO-70005;MRO-10045,MRO-10045;MRO-10046;MRO-10047,Screw Compressor,DHR-03,test,12,normal,normal,approved_on_validation,우선 점검 후보
2024-11-30,AST-4061,A2,0,0.0033302582118455,6.615938204035717e-12,7.287909873206957e-15,MRO-70005;MRO-10045;MRO-90012,MRO-10045;MRO-10046;MRO-20031,Screw Compressor,DHR-03,test,12,normal,normal,approved_on_validation,우선 점검 후보
2024-11-30,AST-5003,A2,0,0.0032705589329801,7.045845097784889e-12,7.150205268195213e-15,MRO-70005;MRO-10047;MRO-10045,MRO-10047;MRO-10045;MRO-10046,EOT Crane,DHR-03,test,12,normal,normal,approved_on_validation,우선 점검 후보
2024-11-30,AST-5007,A2,0,0.003239065919777,6.590490719483171e-12,6.6736389403046316e-15,MRO-10045;MRO-10046;MRO-10047,MRO-10045;MRO-10046;MRO-10047,EOT Crane,PUN-01,test,12,normal,normal,approved_on_validation,우선 점검 후보
2024-12-01,AST-1041,A2,0,0.0031328260815853,5.832924549471271e-12,5.729659019675717e-15,MRO-10045;MRO-20031;MRO-50009,MRO-10045;MRO-20031;MRO-50009,CNC Lathe,PUN-01,test,12,normal,normal,approved_on_validation,우선 점검 후보
2024-12-01,AST-1042,A2,0,0.0032404360462317,6.620285372073091e-12,6.702202441578941e-15,MRO-10045;MRO-10046;MRO-10047,MRO-10045;MRO-10046;MRO-10047,CNC Lathe,PUN-01,test,12,normal,normal,approved_on_validation,우선 점검 후보
2024-12-01,AST-2017,A2,0,0.0033126691299144,6.590491623076455e-12,7.158260467580665e-15,MRO-90011;MRO-70005;MRO-10045,MRO-10045;MRO-10046;MRO-20031,Hydraulic Press,PUN-01,test,12,normal,normal,approved_on_validation,우선 점검 후보
2024-12-01,AST-2031,A2,0,0.0032012536476757,6.378246169481099e-12,6.385840595546265e-15,MRO-10047;MRO-50009;MRO-80001,MRO-10047;MRO-50009;MRO-80001,Hydraulic Press,CHN-02,test,12,normal,normal,approved_on_validation,우선 점검 후보
2024-12-01,AST-3008,A2,0,0.0033985688151518,6.658376797564905e-12,7.785033069640703e-15,MRO-70005;MRO-20032;MRO-10046,MRO-10046;MRO-10047;MRO-20031,Belt Conveyor,CHN-02,test,12,normal,normal,approved_on_validation,우선 점검 후보
2024-12-01,AST-3019,A2,0,0.0032813543808128,6.6062336775431594e-12,6.95399861840768e-15,MRO-20032;MRO-10046;MRO-10047,MRO-10046;MRO-10047;MRO-20031,Belt Conveyor,CHN-02,test,12,normal,normal,approved_on_validation,우선 점검 후보
2024-12-01,AST-4055,A2,0,0.0032563826140293,6.706424745537994e-12,6.8356621881095595e-15,MRO-70005;MRO-10045;MRO-10046,MRO-10045;MRO-10046;MRO-10047,Screw Compressor,DHR-03,test,12,normal,normal,approved_on_validation,우선 점검 후보
2024-12-01,AST-4061,A2,0,0.0032450114730476,6.567576835865973e-12,6.676105872729209e-15,MRO-10046;MRO-20031;MRO-50009,MRO-10046;MRO-20031;MRO-50009,Screw Compressor,DHR-03,test,12,normal,normal,approved_on_validation,우선 점검 후보
2024-12-01,AST-5003,A2,0,0.0033871260164994,7.031238455273308e-12,7.550039009594864e-15,MRO-20033;MRO-30012;MRO-40021,MRO-50009;MRO-10045;MRO-10046,EOT Crane,DHR-03,test,12,normal,normal,approved_on_validation,우선 점검 후보
2024-12-01,AST-5007,A2,0,0.0032446696672516,6.6203661909025935e-12,6.716719368120198e-15,MRO-10045;MRO-10046;MRO-10047,MRO-10045;MRO-10046;MRO-10047,EOT Crane,PUN-01,test,12,normal,normal,approved_on_validation,우선 점검 후보
2024-12-02,AST-1041,A2,7,8.38078622716315,0.2438749336776272,0.1790777120382378,MRO-20031;MRO-10047;MRO-10046,MRO-20031;MRO-10047;MRO-10046,CNC Lathe,PUN-01,test,12,risk,risk,approved_on_validation,우선 점검 후보
2024-12-02,AST-1042,A2,12,7.784777021169697,0.2040620881882211,0.1452390665703015,MRO-10046;MRO-10047;MRO-80001,MRO-10046;MRO-10047;MRO-80001,CNC Lathe,PUN-01,test,12,high_risk,risk,approved_on_validation,우선 점검 후보
2024-12-02,AST-2017,A2,11,8.338485744569793,0.2420132139508968,0.1763441384918511,MRO-10045;MRO-10047;MRO-10046,MRO-10045;MRO-10047;MRO-10046,Hydraulic Press,PUN-01,test,12,risk,risk,approved_on_validation,우선 점검 후보
2024-12-02,AST-2031,A2,2,7.497137304242792,0.1838925628626615,0.1297513233537517,MRO-50009;MRO-10045;MRO-20031,MRO-50009;MRO-10045;MRO-20031,Hydraulic Press,CHN-02,test,12,caution,risk,approved_on_validation,우선 점검 후보
2024-12-02,AST-3008,A2,12,7.62092388647156,0.1931350156904266,0.1357790086965751,MRO-10045;MRO-80001;MRO-20031,MRO-10045;MRO-80001;MRO-20031,Belt Conveyor,CHN-02,test,12,high_risk,risk,approved_on_validation,우선 점검 후보
2024-12-02,AST-3019,A2,4,6.5096265462581275,0.1213871719749142,0.0828351493634085,MRO-70004;MRO-20032;MRO-10047,MRO-10047;MRO-10046;MRO-50009,Belt Conveyor,CHN-02,test,12,caution,risk,approved_on_validation,우선 점검 후보
2024-12-02,AST-4055,A2,7,8.434596490138285,0.2494215644239182,0.1832134376278081,MRO-80001;MRO-10046;MRO-10047,MRO-80001;MRO-10046;MRO-10047,Screw Compressor,DHR-03,test,12,risk,risk,approved_on_validation,우선 점검 후보
2024-12-02,AST-4061,A2,9,7.122675049568722,0.1626800388130161,0.1099364099954855,MRO-80001;MRO-10045;MRO-10046,MRO-80001;MRO-10045;MRO-10046,Screw Compressor,DHR-03,test,12,risk,risk,approved_on_validation,우선 점검 후보
2024-12-02,AST-5003,A2,6,8.218809153909815,0.2345463274737904,0.1676793921433956,MRO-20031;MRO-10045;MRO-10047,MRO-20031;MRO-10045;MRO-10047,EOT Crane,DHR-03,test,12,risk,risk,approved_on_validation,우선 점검 후보
2024-12-02,AST-5007,A2,5,6.285941686757062,0.1141704642876032,0.0738041544827348,MRO-40022;MRO-50009;MRO-10046,MRO-50009;MRO-10046;MRO-10045,EOT Crane,PUN-01,test,12,caution,risk,approved_on_validation,우선 점검 후보
2024-12-03,AST-1041,A2,7,7.258267578562762,0.1679492820629734,0.1173639180412825,MRO-70005;MRO-10045;MRO-50009,MRO-10045;MRO-50009;MRO-80001,CNC Lathe,PUN-01,test,12,risk,risk,approved_on_validation,우선 점검 후보
2024-12-03,AST-1042,A2,4,7.7195839590312,0.1997916495778379,0.1418274210407204,MRO-50009;MRO-10046;MRO-20031,MRO-50009;MRO-10046;MRO-20031,CNC Lathe,PUN-01,test,12,caution,risk,approved_on_validation,우선 점검 후보
2024-12-03,AST-2017,A2,10,8.33450828838766,0.2423632745705781,0.1758943598701474,MRO-50009;MRO-10046;MRO-20031,MRO-50009;MRO-10046;MRO-20031,Hydraulic Press,PUN-01,test,12,risk,risk,approved_on_validation,우선 점검 후보
2024-12-03,AST-2031,A2,4,7.839641606375031,0.207034187040546,0.1481932080157716,MRO-10045;MRO-20031;MRO-50009,MRO-10045;MRO-20031;MRO-50009,Hydraulic Press,CHN-02,test,12,caution,risk,approved_on_validation,우선 점검 후보
2024-12-03,AST-3008,A2,2,7.597544951966234,0.1898436036133544,0.1344485415348034,MRO-50009;MRO-30012;MRO-70005,MRO-50009;MRO-20031;MRO-80001,Belt Conveyor,CHN-02,test,12,caution,risk,approved_on_validation,우선 점검 후보
2024-12-03,AST-3019,A2,0,6.650016495441186,0.1311729101512641,0.0894781625855659,MRO-70004;MRO-10045;MRO-80001,MRO-10045;MRO-80001;MRO-10046,Belt Conveyor,CHN-02,test,12,normal,risk,approved_on_validation,우선 점검 후보
2024-12-03,AST-4055,A2,13,8.290725097872414,0.240880178483741,0.1740824477075689,MRO-20031;MRO-10045;MRO-10046,MRO-20031;MRO-10045;MRO-10046,Screw Compressor,DHR-03,test,12,high_risk,risk,approved_on_validation,우선 점검 후보
2024-12-03,AST-4061,A2,12,6.987358493157176,0.1543338997619865,0.1034307906968341,MRO-80001;MRO-10045;MRO-10046,MRO-80001;MRO-10045;MRO-10046,Screw Compressor,DHR-03,test,12,high_risk,risk,approved_on_validation,우선 점검 후보
2024-12-03,AST-5003,A2,9,8.247233567673916,0.2348179143222273,0.1703378737093277,MRO-10045;MRO-10047;MRO-10046,MRO-10045;MRO-10047;MRO-10046,EOT Crane,DHR-03,test,12,risk,risk,approved_on_validation,우선 점검 후보
2024-12-03,AST-5007,A2,3,5.987554201074294,0.1009396310458378,0.0631955540162767,MRO-50009;MRO-10045;MRO-20031,MRO-50009;MRO-10045;MRO-20031,EOT Crane,PUN-01,test,12,caution,risk,approved_on_validation,우선 점검 후보
2024-12-04,AST-1041,A2,4,7.571062971123359,0.1860840725718486,0.1305112146279514,MRO-30012;MRO-40021;MRO-40022,MRO-20031;MRO-10047;MRO-10045,CNC Lathe,PUN-01,test,12,caution,risk,approved_on_validation,우선 점검 후보
2024-12-04,AST-1042,A2,8,7.988190685583161,0.2203507325527958,0.1565054707340241,MRO-80001;MRO-20031;MRO-50009,MRO-80001;MRO-20031;MRO-50009,CNC Lathe,PUN-01,test,12,risk,risk,approved_on_validation,우선 점검 후보
2024-12-04,AST-2017,A2,17,8.323435248949911,0.2422291480367464,0.1735465524281403,MRO-80001;MRO-80002;MRO-40022,MRO-80001;MRO-50009;MRO-10045,Hydraulic Press,PUN-01,test,12,high_risk,risk,approved_on_validation,우선 점검 후보
2024-12-04,AST-2031,A2,10,7.566924641601354,0.1903346879509899,0.1341579207288777,MRO-10045;MRO-20031;MRO-80001,MRO-10045;MRO-20031;MRO-80001,Hydraulic Press,CHN-02,test,12,risk,risk,approved_on_validation,우선 점검 후보
2024-12-04,AST-3008,A2,4,7.691167979375387,0.1928720055278744,0.1403027971671119,MRO-20032;MRO-80001;MRO-10046,MRO-80001;MRO-10046;MRO-20031,Belt Conveyor,CHN-02,test,12,caution,risk,approved_on_validation,우선 점검 후보
2024-12-04,AST-3019,A2,6,6.232042959206335,0.113382161485859,0.0726547922247965,MRO-10045;MRO-80001;MRO-10047,MRO-10045;MRO-80001;MRO-10047,Belt Conveyor,CHN-02,test,12,risk,risk,approved_on_validation,우선 점검 후보
2024-12-04,AST-4055,A2,10,8.304308128252101,0.2431405851019935,0.174759325029333,MRO-50009;MRO-20031;MRO-80001,MRO-50009;MRO-20031;MRO-80001,Screw Compressor,DHR-03,test,12,risk,risk,approved_on_validation,우선 점검 후보
2024-12-04,AST-4061,A2,4,6.8164633116761575,0.144782848301549,0.0960206980383079,MRO-20031;MRO-50009;MRO-10045,MRO-20031;MRO-50009;MRO-10045,Screw Compressor,DHR-03,test,12,caution,risk,approved_on_validation,우선 점검 후보
2024-12-04,AST-5003,A2,8,8.626135048256089,0.2650160269491541,0.194599049828535,MRO-10047;MRO-10045;MRO-10046,MRO-10047;MRO-10045;MRO-10046,EOT Crane,DHR-03,test,12,risk,risk,approved_on_validation,우선 점검 후보
2024-12-04,AST-5007,A2,12,6.451139963339096,0.1239462790230473,0.0805917208272312,MRO-10047;MRO-10046;MRO-10045,MRO-10047;MRO-10046;MRO-10045,EOT Crane,PUN-01,test,12,high_risk,risk,approved_on_validation,우선 점검 후보
2024-12-05,AST-1041,A2,5,7.428501810450245,0.1798623943407835,0.1264841381041233,MRO-80001;MRO-20031;MRO-10046,MRO-80001;MRO-20031;MRO-10046,CNC Lathe,PUN-01,test,12,caution,risk,approved_on_validation,우선 점검 후보
2024-12-05,AST-1042,A2,4,8.281837873893993,0.2377951259417761,0.1725882140746673,MRO-50009;MRO-80001;MRO-40022,MRO-50009;MRO-80001;MRO-10045,CNC Lathe,PUN-01,test,12,caution,risk,approved_on_validation,우선 점검 후보
2024-12-05,AST-2017,A2,5,8.620888048694123,0.259628557458459,0.1942007015032282,MRO-50009;MRO-10047;MRO-20031,MRO-50009;MRO-10047;MRO-20031,Hydraulic Press,PUN-01,test,12,caution,risk,approved_on_validation,우선 점검 후보
2024-12-05,AST-2031,A2,7,8.578127703452175,0.2566888041503203,0.1919232530575181,MRO-10046;MRO-10047;MRO-80001,MRO-10046;MRO-10047;MRO-80001,Hydraulic Press,CHN-02,test,12,risk,risk,approved_on_validation,우선 점검 후보
2024-12-05,AST-3008,A2,9,7.496382078611584,0.185477888668833,0.1289898975964681,MRO-10047;MRO-50009;MRO-20031,MRO-10047;MRO-50009;MRO-20031,Belt Conveyor,CHN-02,test,12,risk,risk,approved_on_validation,우선 점검 후보
2024-12-05,AST-3019,A2,18,6.768666061639291,0.1400511153856021,0.0932364901690352,MRO-10047;MRO-20031;MRO-10045,MRO-10047;MRO-20031;MRO-10045,Belt Conveyor,CHN-02,test,12,high_risk,risk,approved_on_validation,우선 점검 후보
2024-12-05,AST-4055,A2,6,7.9946165052982225,0.2197539697747262,0.1571832582598788,MRO-10045;MRO-20031;MRO-80001,MRO-10045;MRO-20031;MRO-80001,Screw Compressor,DHR-03,test,12,risk,risk,approved_on_validation,우선 점검 후보
2024-12-05,AST-4061,A2,10,7.05947018136155,0.1587889160065866,0.1067427036704551,MRO-20031;MRO-50009;MRO-10045,MRO-20031;MRO-50009;MRO-10045,Screw Compressor,DHR-03,test,12,risk,risk,approved_on_validation,우선 점검 후보
2024-12-05,AST-5003,A2,8,8.769703318675846,0.2740531279898799,0.203562003920618,MRO-10047;MRO-50009;MRO-10045,MRO-10047;MRO-50009;MRO-10045,EOT Crane,DHR-03,test,12,risk,risk,approved_on_validation,우선 점검 후보
2024-12-05,AST-5007,A2,9,5.231330884223193,0.0633082552355424,0.0381776645845449,MRO-70005;MRO-40021;MRO-40022,MRO-10045;MRO-10047;MRO-50009,EOT Crane,PUN-01,test,12,risk,caution,approved_on_validation,우선 점검 후보
2024-12-06,AST-1041,A2,6,8.181199916650906,0.2335029272772288,0.1680552637867532,MRO-20031;MRO-50009;MRO-10047,MRO-20031;MRO-50009;MRO-10047,CNC Lathe,PUN-01,test,12,risk,risk,approved_on_validation,우선 점검 후보
2024-12-06,AST-1042,A2,10,7.774696888894728,0.2077062093807404,0.1447394826879361,MRO-80001;MRO-20031;MRO-50009,MRO-80001;MRO-20031;MRO-50009,CNC Lathe,PUN-01,test,12,risk,risk,approved_on_validation,우선 점검 후보
2024-12-06,AST-2017,A2,15,8.370893440284682,0.2435228631277962,0.1768496162862646,MRO-50009;MRO-20031;MRO-80001,MRO-50009;MRO-20031;MRO-80001,Hydraulic Press,PUN-01,test,12,high_risk,risk,approved_on_validation,우선 점검 후보
2024-12-06,AST-2031,A2,6,7.953789200796456,0.2170550680045949,0.1549706189442712,MRO-50009;MRO-80001;MRO-10047,MRO-50009;MRO-80001;MRO-10047,Hydraulic Press,CHN-02,test,12,risk,risk,approved_on_validation,우선 점검 후보
2024-12-06,AST-3008,A2,4,7.397381139152738,0.1780427070027361,0.1233655229396356,MRO-10047;MRO-50009;MRO-20033,MRO-10047;MRO-50009;MRO-20031,Belt Conveyor,CHN-02,test,12,caution,risk,approved_on_validation,우선 점검 후보
2024-12-06,AST-3019,A2,2,6.341651345305306,0.1193106545549511,0.0780188545516738,MRO-10045;MRO-50009;MRO-10047,MRO-10045;MRO-50009;MRO-10047,Belt Conveyor,CHN-02,test,12,caution,risk,approved_on_validation,우선 점검 후보
2024-12-06,AST-4055,A2,5,8.689634399434913,0.2698028529403493,0.1981727640518006,MRO-20031;MRO-50009;MRO-10045,MRO-20031;MRO-50009;MRO-10045,Screw Compressor,DHR-03,test,12,caution,risk,approved_on_validation,우선 점검 후보
2024-12-06,AST-4061,A2,4,6.938150192583503,0.1509817952441354,0.101251930920274,MRO-20031;MRO-10045;MRO-50009,MRO-20031;MRO-10045;MRO-50009,Screw Compressor,DHR-03,test,12,caution,risk,approved_on_validation,우선 점검 후보
2024-12-06,AST-5003,A2,9,8.546195990517257,0.2571495691833954,0.1894524126596487,MRO-50009;MRO-10047;MRO-20031,MRO-50009;MRO-10047;MRO-20031,EOT Crane,DHR-03,test,12,risk,risk,approved_on_validation,우선 점검 후보
2024-12-06,AST-5007,A2,0,6.254907109307482,0.1123344164591338,0.0731070933698158,MRO-10045;MRO-10047;MRO-50009,MRO-10045;MRO-10047;MRO-50009,EOT Crane,PUN-01,test,12,normal,risk,approved_on_validation,우선 점검 후보
2024-12-07,AST-1041,A2,0,0.0032269903779255,6.497927232013641e-12,6.552523517062373e-15,MRO-10045;MRO-10047;MRO-20031,MRO-10045;MRO-10047;MRO-20031,CNC Lathe,PUN-01,test,12,normal,normal,approved_on_validation,우선 점검 후보
2024-12-07,AST-1042,A2,0,0.0032338031600848,6.6172305120371415e-12,6.678995715471608e-15,MRO-10045;MRO-80001;MRO-10046,MRO-10045;MRO-80001;MRO-10046,CNC Lathe,PUN-01,test,12,normal,normal,approved_on_validation,우선 점검 후보
2024-12-07,AST-2017,A2,0,0.0032731686900234,6.694625734798125e-12,6.917097052109623e-15,MRO-90011;MRO-10046;MRO-20031,MRO-10046;MRO-20031;MRO-10047,Hydraulic Press,PUN-01,test,12,normal,normal,approved_on_validation,우선 점검 후보
2024-12-07,AST-2031,A2,0,0.0032394518680566,6.6088310101658066e-12,6.6778845579224515e-15,MRO-10045;MRO-10046;MRO-10047,MRO-10045;MRO-10046;MRO-10047,Hydraulic Press,CHN-02,test,12,normal,normal,approved_on_validation,우선 점검 후보
2024-12-07,AST-3008,A2,0,0.0033732616631875,6.675326989959426e-12,7.588053189871155e-15,MRO-70005;MRO-10045;MRO-10047,MRO-10045;MRO-10047;MRO-20031,Belt Conveyor,CHN-02,test,12,normal,normal,approved_on_validation,우선 점검 후보
2024-12-07,AST-3019,A2,0,0.003239513595409,6.599460852397743e-12,6.652106655223349e-15,MRO-50008;MRO-10046;MRO-10047,MRO-10046;MRO-10047;MRO-50009,Belt Conveyor,CHN-02,test,12,normal,normal,approved_on_validation,우선 점검 후보
2024-12-07,AST-4055,A2,0,0.0032397805842514,6.641787099515972e-12,6.714893708951724e-15,MRO-10046;MRO-20031;MRO-50009,MRO-10046;MRO-20031;MRO-50009,Screw Compressor,DHR-03,test,12,normal,normal,approved_on_validation,우선 점검 후보
2024-12-07,AST-4061,A2,0,0.0035288405216475,1.1353268244601738e-11,1.1314234677123289e-14,MRO-10046;MRO-80001;MRO-10047,MRO-10046;MRO-80001;MRO-10047,Screw Compressor,DHR-03,test,12,normal,normal,approved_on_validation,우선 점검 후보
2024-12-07,AST-5003,A2,0,0.003586223999965,1.0584020159978118e-11,1.1081553274037022e-14,MRO-10047;MRO-50009;MRO-80002,MRO-10047;MRO-50009;MRO-10046,EOT Crane,DHR-03,test,12,normal,normal,approved_on_validation,우선 점검 후보
2024-12-07,AST-5007,A2,0,0.0032827031602227,6.853083851839622e-12,7.017648262651708e-15,MRO-20031;MRO-30011;MRO-40021,MRO-20031;MRO-10045;MRO-10046,EOT Crane,PUN-01,test,12,normal,normal,approved_on_validation,우선 점검 후보
2024-12-08,AST-1041,A2,0,0.0032387826765233,6.568128622261345e-12,6.6393881859609504e-15,MRO-10045;MRO-10047;MRO-20031,MRO-10045;MRO-10047;MRO-20031,CNC Lathe,PUN-01,test,12,normal,normal,approved_on_validation,우선 점검 후보
2024-12-08,AST-1042,A2,0,0.0033449798874265,7.6487695336462e-12,7.84396105374407e-15,MRO-10045;MRO-80001;MRO-30012,MRO-10045;MRO-80001;MRO-10046,CNC Lathe,PUN-01,test,12,normal,normal,approved_on_validation,우선 점검 후보
2024-12-08,AST-2017,A2,0,0.0032158227039579,6.1656789495465716e-12,6.309354752456255e-15,MRO-90011;MRO-70005;MRO-10047,MRO-10047;MRO-50009;MRO-80001,Hydraulic Press,PUN-01,test,12,normal,normal,approved_on_validation,우선 점검 후보
2024-12-08,AST-2031,A2,0,0.0032385564985755,6.596716541709424e-12,6.667865354635932e-15,MRO-10045;MRO-10046;MRO-10047,MRO-10045;MRO-10046;MRO-10047,Hydraulic Press,CHN-02,test,12,normal,normal,approved_on_validation,우선 점검 후보
2024-12-08,AST-3008,A2,0,0.0033503114297842,6.596267059030142e-12,7.410183955242181e-15,MRO-70005;MRO-10045;MRO-10046,MRO-10045;MRO-10046;MRO-10047,Belt Conveyor,CHN-02,test,12,normal,normal,approved_on_validation,우선 점검 후보
2024-12-08,AST-3019,A2,0,0.0032378396419664,6.620360318087234e-12,6.672511517414812e-15,MRO-10045;MRO-10046;MRO-10047,MRO-10045;MRO-10046;MRO-10047,Belt Conveyor,CHN-02,test,12,normal,normal,approved_on_validation,우선 점검 후보
2024-12-08,AST-4055,A2,0,0.0032302121929132,6.5945828205644136e-12,6.663067066836289e-15,MRO-70005;MRO-10046;MRO-10047,MRO-10046;MRO-10047;MRO-20031,Screw Compressor,DHR-03,test,12,normal,normal,approved_on_validation,우선 점검 후보
2024-12-08,AST-4061,A2,0,0.003259454988518,6.67820132842583e-12,6.8166214904267355e-15,MRO-10045;MRO-10046;MRO-20031,MRO-10045;MRO-10046;MRO-20031,Screw Compressor,DHR-03,test,12,normal,normal,approved_on_validation,우선 점검 후보
2024-12-08,AST-5003,A2,0,0.0033100256640536,7.346207167068368e-12,7.485581415221493e-15,MRO-10047;MRO-50009;MRO-70005,MRO-10047;MRO-50009;MRO-10045,EOT Crane,DHR-03,test,12,normal,normal,approved_on_validation,우선 점검 후보
2024-12-08,AST-5007,A2,0,0.0032390545184325,6.620366122186009e-12,6.679580224712346e-15,MRO-10045;MRO-10046;MRO-10047,MRO-10045;MRO-10046;MRO-10047,EOT Crane,PUN-01,test,12,normal,normal,approved_on_validation,우선 점검 후보
2024-12-09,AST-1041,A2,4,7.526286674099596,0.181916510314877,0.1300808928572246,MRO-70005;MRO-80001;MRO-50009,MRO-80001;MRO-50009;MRO-10047,CNC Lathe,PUN-01,test,12,caution,risk,approved_on_validation,우선 점검 후보
2024-12-09,AST-1042,A2,7,8.373100233358478,0.2409551905215169,0.1773543823676127,MRO-50008;MRO-40021;MRO-10045,MRO-10045;MRO-50009;MRO-80001,CNC Lathe,PUN-01,test,12,risk,risk,approved_on_validation,우선 점검 후보
2024-12-09,AST-2017,A2,4,8.204680129688995,0.2335987414194605,0.168052172326741,MRO-10046;MRO-80001;MRO-50009,MRO-10046;MRO-80001;MRO-50009,Hydraulic Press,PUN-01,test,12,caution,risk,approved_on_validation,우선 점검 후보
2024-12-09,AST-2031,A2,3,7.726793869201747,0.2000796178010515,0.1422744470439842,MRO-20031;MRO-10047;MRO-50009,MRO-20031;MRO-10047;MRO-50009,Hydraulic Press,CHN-02,test,12,caution,risk,approved_on_validation,우선 점검 후보
2024-12-09,AST-3008,A2,4,8.21166138326964,0.2299617890394801,0.1685717033381599,MRO-70005;MRO-10046;MRO-80001,MRO-10046;MRO-80001;MRO-10047,Belt Conveyor,CHN-02,test,12,caution,risk,approved_on_validation,우선 점검 후보
2024-12-09,AST-3019,A2,2,8.275768045979556,0.2279506282926791,0.1705110416001811,MRO-70004;MRO-40021;MRO-10046,MRO-10046;MRO-10045;MRO-20031,Belt Conveyor,CHN-02,test,12,caution,risk,approved_on_validation,우선 점검 후보
2024-12-09,AST-4055,A2,3,9.218737891582572,0.3051274954920061,0.2330578818522811,MRO-10047;MRO-50009;MRO-10046,MRO-10047;MRO-50009;MRO-10046,Screw Compressor,DHR-03,test,12,caution,risk,approved_on_validation,우선 점검 후보
2024-12-09,AST-4061,A2,24,7.331230321247807,0.1758476699285513,0.1192884220770997,MRO-40022;MRO-80001;MRO-10046,MRO-80001;MRO-10046;MRO-50009,Screw Compressor,DHR-03,test,12,high_risk,risk,approved_on_validation,우선 점검 후보
2024-12-09,AST-5003,A2,12,8.757412939504945,0.2712916129702557,0.20238805345846,MRO-50009;MRO-20031;MRO-80001,MRO-50009;MRO-20031;MRO-80001,EOT Crane,DHR-03,test,12,high_risk,risk,approved_on_validation,우선 점검 후보
2024-12-09,AST-5007,A2,12,5.739100769666347,0.085822972171506,0.0534065919591861,MRO-70005;MRO-40022;MRO-10045,MRO-10045;MRO-10047;MRO-20031,EOT Crane,PUN-01,test,12,high_risk,caution,approved_on_validation,우선 점검 후보
2024-12-10,AST-1041,A2,4,7.574645110064514,0.1901076621444693,0.1332234854235845,MRO-80001;MRO-50009;MRO-20031,MRO-80001;MRO-50009;MRO-20031,CNC Lathe,PUN-01,test,12,caution,risk,approved_on_validation,우선 점검 후보
2024-12-10,AST-1042,A2,24,7.823354964316883,0.2069975081621725,0.1456965059392947,MRO-40022;MRO-10045;MRO-80001,MRO-10045;MRO-80001;MRO-50009,CNC Lathe,PUN-01,test,12,high_risk,risk,approved_on_validation,우선 점검 후보
2024-12-10,AST-2017,A2,18,8.478018259816707,0.2534165927393671,0.1842240982072548,MRO-50009;MRO-10046;MRO-80001,MRO-50009;MRO-10046;MRO-80001,Hydraulic Press,PUN-01,test,12,high_risk,risk,approved_on_validation,우선 점검 후보
2024-12-10,AST-2031,A2,7,7.9068621608515235,0.211338393258637,0.1510444727037132,MRO-20031;MRO-50009;MRO-10047,MRO-20031;MRO-50009;MRO-10047,Hydraulic Press,CHN-02,test,12,risk,risk,approved_on_validation,우선 점검 후보
2024-12-10,AST-3008,A2,10,7.887907314410704,0.2102300032925729,0.1503508507378848,MRO-10046;MRO-80001;MRO-20031,MRO-10046;MRO-80001;MRO-20031,Belt Conveyor,CHN-02,test,12,risk,risk,approved_on_validation,우선 점검 후보
2024-12-10,AST-3019,A2,3,8.43645009424654,0.2417858526503109,0.1793060374740348,MRO-30012;MRO-40021;MRO-40022,MRO-10045;MRO-10046;MRO-20031,Belt Conveyor,CHN-02,test,12,caution,risk,approved_on_validation,우선 점검 후보
2024-12-10,AST-4055,A2,20,8.712981627753601,0.2702930195887708,0.1978270684161427,MRO-10047;MRO-20031;MRO-50009,MRO-10047;MRO-20031;MRO-50009,Screw Compressor,DHR-03,test,12,high_risk,risk,approved_on_validation,우선 점검 후보
2024-12-10,AST-4061,A2,8,6.505786363359857,0.1267922595288846,0.0826516555701052,MRO-80001;MRO-50009;MRO-20031,MRO-80001;MRO-50009;MRO-20031,Screw Compressor,DHR-03,test,12,risk,risk,approved_on_validation,우선 점검 후보
2024-12-10,AST-5003,A2,6,8.84575242999906,0.2807302547304958,0.2086736909214814,MRO-10047;MRO-50009;MRO-20031,MRO-10047;MRO-50009;MRO-20031,EOT Crane,DHR-03,test,12,risk,risk,approved_on_validation,우선 점검 후보
2024-12-10,AST-5007,A2,2,5.6864373449796215,0.0848049008850166,0.0527763269023785,MRO-10045;MRO-80002;MRO-50009,MRO-10045;MRO-50009;MRO-10047,EOT Crane,PUN-01,test,12,caution,caution,approved_on_validation,우선 점검 후보
2024-12-11,AST-1041,A2,6,7.854685283058433,0.2089899561915443,0.148795671437386,MRO-20031;MRO-50009;MRO-80001,MRO-20031;MRO-50009;MRO-80001,CNC Lathe,PUN-01,test,12,risk,risk,approved_on_validation,우선 점검 후보
2024-12-11,AST-1042,A2,0,7.067750794547896,0.1612296339357909,0.1086607932515987,MRO-80001;MRO-10047;MRO-10045,MRO-80001;MRO-10047;MRO-10045,CNC Lathe,PUN-01,test,12,normal,risk,approved_on_validation,우선 점검 후보
2024-12-11,AST-2017,A2,13,7.63459070891287,0.1946242553036376,0.1355241212746528,MRO-10046;MRO-20031;MRO-50009,MRO-10046;MRO-20031;MRO-50009,Hydraulic Press,PUN-01,test,12,high_risk,risk,approved_on_validation,우선 점검 후보
2024-12-11,AST-2031,A2,8,7.938198512948308,0.2139571022572553,0.1536884658353498,MRO-10047;MRO-10046;MRO-20031,MRO-10047;MRO-10046;MRO-20031,Hydraulic Press,CHN-02,test,12,risk,risk,approved_on_validation,우선 점검 후보
2024-12-11,AST-3008,A2,9,7.653517857426227,0.1966798150808442,0.1370173455276784,MRO-10046;MRO-80001;MRO-20031,MRO-10046;MRO-80001;MRO-20031,Belt Conveyor,CHN-02,test,12,risk,risk,approved_on_validation,우선 점검 후보
2024-12-11,AST-3019,A2,16,6.316315430622317,0.1157305361942062,0.0765117540734354,MRO-10045;MRO-20031;MRO-80001,MRO-10045;MRO-20031;MRO-80001,Belt Conveyor,CHN-02,test,12,high_risk,risk,approved_on_validation,우선 점검 후보
2024-12-11,AST-4055,A2,3,8.555799972932524,0.2585042446378123,0.1910557241165119,MRO-10047;MRO-20031;MRO-50009,MRO-10047;MRO-20031;MRO-50009,Screw Compressor,DHR-03,test,12,caution,risk,approved_on_validation,우선 점검 후보
2024-12-11,AST-4061,A2,3,6.747278197279458,0.1413443330711447,0.0933805547230646,MRO-10045;MRO-80001;MRO-10047,MRO-10045;MRO-80001;MRO-10047,Screw Compressor,DHR-03,test,12,caution,risk,approved_on_validation,우선 점검 후보
2024-12-11,AST-5003,A2,3,7.5229556384079235,0.1864512181745615,0.1308626154125192,MRO-10047;MRO-50009;MRO-80001,MRO-10047;MRO-50009;MRO-80001,EOT Crane,DHR-03,test,12,caution,risk,approved_on_validation,우선 점검 후보
2024-12-11,AST-5007,A2,3,6.225676065009826,0.1113015440054783,0.0718868851218385,MRO-50009;MRO-20031;MRO-10045,MRO-50009;MRO-20031;MRO-10045,EOT Crane,PUN-01,test,12,caution,risk,approved_on_validation,우선 점검 후보
2024-12-12,AST-1041,A2,12,7.801777700192717,0.2065675386530389,0.1464467027059343,MRO-80001;MRO-20031;MRO-50009,MRO-80001;MRO-20031;MRO-50009,CNC Lathe,PUN-01,test,12,high_risk,risk,approved_on_validation,우선 점검 후보
2024-12-12,AST-1042,A2,14,8.380865008608398,0.2456334569168322,0.178240860738393,MRO-80001;MRO-10045;MRO-50009,MRO-80001;MRO-10045;MRO-50009,CNC Lathe,PUN-01,test,12,high_risk,risk,approved_on_validation,우선 점검 후보
2024-12-12,AST-2017,A2,11,8.728681563259226,0.272972440077091,0.2010993156324929,MRO-50009;MRO-80001;MRO-10047,MRO-50009;MRO-80001;MRO-10047,Hydraulic Press,PUN-01,test,12,risk,risk,approved_on_validation,우선 점검 후보
2024-12-12,AST-2031,A2,4,7.961741021421608,0.2169588327890246,0.1548282105529482,MRO-50009;MRO-10047;MRO-20031,MRO-50009;MRO-10047;MRO-20031,Hydraulic Press,CHN-02,test,12,caution,risk,approved_on_validation,우선 점검 후보
2024-12-12,AST-3008,A2,10,7.8846265180293855,0.209421248847021,0.1507492860452787,MRO-10047;MRO-20031;MRO-80001,MRO-10047;MRO-20031;MRO-80001,Belt Conveyor,CHN-02,test,12,risk,risk,approved_on_validation,우선 점검 후보
2024-12-12,AST-3019,A2,6,8.042781315897452,0.20866956113204,0.1528391107803283,MRO-70004;MRO-40022;MRO-30011,MRO-10045;MRO-20031;MRO-10047,Belt Conveyor,CHN-02,test,12,risk,risk,approved_on_validation,우선 점검 후보
2024-12-12,AST-4055,A2,10,8.453190413682186,0.2519495435354148,0.1837944036483475,MRO-10047;MRO-20031;MRO-50009,MRO-10047;MRO-20031;MRO-50009,Screw Compressor,DHR-03,test,12,risk,risk,approved_on_validation,우선 점검 후보
2024-12-12,AST-4061,A2,18,6.829085331183682,0.1425501482455624,0.0970145249170021,MRO-10045;MRO-10046;MRO-80001,MRO-10045;MRO-10046;MRO-80001,Screw Compressor,DHR-03,test,12,high_risk,risk,approved_on_validation,우선 점검 후보
2024-12-12,AST-5003,A2,10,7.770364709487463,0.202019528001185,0.1438098687993155,MRO-10047;MRO-50009;MRO-10046,MRO-10047;MRO-50009;MRO-10046,EOT Crane,DHR-03,test,12,risk,risk,approved_on_validation,우선 점검 후보
2024-12-12,AST-5007,A2,2,6.966268198707095,0.1552310692417432,0.1024595793061569,MRO-10045;MRO-10047;MRO-10046,MRO-10045;MRO-10047;MRO-10046,EOT Crane,PUN-01,test,12,caution,risk,approved_on_validation,우선 점검 후보
2024-12-13,AST-1041,A2,1,7.870060326858101,0.2081070323041415,0.1498937227911732,MRO-80001;MRO-50009;MRO-10045,MRO-80001;MRO-50009;MRO-10045,CNC Lathe,PUN-01,test,12,caution,risk,approved_on_validation,우선 점검 후보
2024-12-13,AST-1042,A2,10,7.796017922896393,0.2056606114105277,0.1453939718603152,MRO-40021;MRO-10045;MRO-10047,MRO-10045;MRO-10047;MRO-50009,CNC Lathe,PUN-01,test,12,risk,risk,approved_on_validation,우선 점검 후보
2024-12-13,AST-2017,A2,11,8.221795080553031,0.2367328555720865,0.1705708021751636,MRO-20031;MRO-50009;MRO-10046,MRO-20031;MRO-50009;MRO-10046,Hydraulic Press,PUN-01,test,12,risk,risk,approved_on_validation,우선 점검 후보
2024-12-13,AST-2031,A2,4,9.028998957499695,0.2955855823764136,0.2199432494555049,MRO-10046;MRO-20031;MRO-50009,MRO-10046;MRO-20031;MRO-50009,Hydraulic Press,CHN-02,test,12,caution,risk,approved_on_validation,우선 점검 후보
2024-12-13,AST-3008,A2,7,7.457129186279361,0.1850169038095021,0.1274649389463941,MRO-80001;MRO-20031;MRO-10046,MRO-80001;MRO-20031;MRO-10046,Belt Conveyor,CHN-02,test,12,risk,risk,approved_on_validation,우선 점검 후보
2024-12-13,AST-3019,A2,8,6.62190919945557,0.1342967678757626,0.0893232619634556,MRO-10046;MRO-10047;MRO-50009,MRO-10046;MRO-10047;MRO-50009,Belt Conveyor,CHN-02,test,12,risk,risk,approved_on_validation,우선 점검 후보
2024-12-13,AST-4055,A2,12,8.872148628562169,0.280167173197157,0.2116751572999675,MRO-50009;MRO-10046;MRO-10045,MRO-50009;MRO-10046;MRO-10045,Screw Compressor,DHR-03,test,12,high_risk,risk,approved_on_validation,우선 점검 후보
2024-12-13,AST-4061,A2,4,8.036823591338987,0.2243481931067676,0.1570597855892806,MRO-80001;MRO-10046;MRO-20031,MRO-80001;MRO-10046;MRO-20031,Screw Compressor,DHR-03,test,12,caution,risk,approved_on_validation,우선 점검 후보
2024-12-13,AST-5003,A2,9,7.766666344063888,0.2050948037863361,0.1384013452546673,MRO-30012;MRO-40022;MRO-80002,MRO-20031;MRO-80001;MRO-10047,EOT Crane,DHR-03,test,12,risk,risk,approved_on_validation,우선 점검 후보
2024-12-13,AST-5007,A2,2,6.303821921189812,0.1176062004801953,0.0758663911135208,MRO-80001;MRO-10045;MRO-10047,MRO-80001;MRO-10045;MRO-10047,EOT Crane,PUN-01,test,12,caution,risk,approved_on_validation,우선 점검 후보
2024-12-14,AST-1041,A2,0,0.0032319988128404,6.509813397196406e-12,6.585536774556768e-15,MRO-70005;MRO-50009;MRO-80001,MRO-50009;MRO-80001;MRO-10045,CNC Lathe,PUN-01,test,12,normal,normal,approved_on_validation,우선 점검 후보
2024-12-14,AST-1042,A2,0,0.0031747976697565,6.056319096497803e-12,6.05259689784855e-15,MRO-10045;MRO-50009;MRO-80001,MRO-10045;MRO-50009;MRO-80001,CNC Lathe,PUN-01,test,12,normal,normal,approved_on_validation,우선 점검 후보
2024-12-14,AST-2017,A2,0,0.003408308714966,7.03672547964364e-12,7.619821236118612e-15,MRO-60015;MRO-20033;MRO-60016,MRO-80001;MRO-10045;MRO-10046,Hydraulic Press,PUN-01,test,12,normal,normal,approved_on_validation,우선 점검 후보
2024-12-14,AST-2031,A2,0,0.0032424265457217,6.665775321102167e-12,6.731386323210379e-15,MRO-10046;MRO-10045;MRO-20031,MRO-10046;MRO-10045;MRO-20031,Hydraulic Press,CHN-02,test,12,normal,normal,approved_on_validation,우선 점검 후보
2024-12-14,AST-3008,A2,0,0.0028264536504189,3.7351543080587465e-12,3.4738369336435586e-15,MRO-70004;MRO-40021;MRO-50008,MRO-10045;MRO-10046;MRO-20031,Belt Conveyor,CHN-02,test,12,normal,normal,approved_on_validation,우선 점검 후보
2024-12-14,AST-3019,A2,0,0.003125108354831,4.9972882960665694e-12,5.017233340504701e-15,MRO-40021;MRO-50008;MRO-40022,MRO-10046;MRO-10045;MRO-10047,Belt Conveyor,CHN-02,test,12,normal,normal,approved_on_validation,우선 점검 후보
2024-12-14,AST-4055,A2,0,0.0031593227775332,6.439804262881161e-12,6.297386102091436e-15,MRO-10045;MRO-10047;MRO-20033,MRO-10045;MRO-10047;MRO-10046,Screw Compressor,DHR-03,test,12,normal,normal,approved_on_validation,우선 점검 후보
2024-12-14,AST-4061,A2,0,0.0032069538484448,6.199052038485858e-12,6.261748323289838e-15,MRO-10046;MRO-80001;MRO-30011,MRO-10046;MRO-80001;MRO-10045,Screw Compressor,DHR-03,test,12,normal,normal,approved_on_validation,우선 점검 후보
2024-12-14,AST-5003,A2,0,0.0032559483485962,6.943163548643672e-12,7.131661170957482e-15,MRO-70004;MRO-30012;MRO-20031,MRO-20031;MRO-10045;MRO-10046,EOT Crane,DHR-03,test,12,normal,normal,approved_on_validation,우선 점검 후보
2024-12-14,AST-5007,A2,0,0.0033151533179332,6.567612828489466e-12,7.215323680054584e-15,MRO-70005;MRO-70004;MRO-50009,MRO-50009;MRO-10045;MRO-10046,EOT Crane,PUN-01,test,12,normal,normal,approved_on_validation,우선 점검 후보
2024-12-15,AST-1041,A2,0,0.0032893776681483,6.740243962519386e-12,7.039741681233789e-15,MRO-70004;MRO-70005;MRO-10045,MRO-10045;MRO-10047;MRO-20031,CNC Lathe,PUN-01,test,12,normal,normal,approved_on_validation,우선 점검 후보
2024-12-15,AST-1042,A2,0,0.0032468769258385,6.687218655292966e-12,6.7610575882275675e-15,MRO-10045;MRO-10046;MRO-50009,MRO-10045;MRO-10046;MRO-50009,CNC Lathe,PUN-01,test,12,normal,normal,approved_on_validation,우선 점검 후보
2024-12-15,AST-2017,A2,0,0.0032071178136734,6.582258448774906e-12,6.525681971970631e-15,MRO-20031;MRO-70005;MRO-10046,MRO-20031;MRO-10046;MRO-10047,Hydraulic Press,PUN-01,test,12,normal,normal,approved_on_validation,우선 점검 후보
2024-12-15,AST-2031,A2,0,0.0032837377663475,7.498603643413374e-12,7.490401194541542e-15,MRO-20031;MRO-10046;MRO-10047,MRO-20031;MRO-10046;MRO-10047,Hydraulic Press,CHN-02,test,12,normal,normal,approved_on_validation,우선 점검 후보
2024-12-15,AST-3008,A2,0,0.0032526359575585,6.5892934742629894e-12,6.760151699394007e-15,MRO-20032;MRO-70004;MRO-10045,MRO-10045;MRO-10046;MRO-10047,Belt Conveyor,CHN-02,test,12,normal,normal,approved_on_validation,우선 점검 후보
2024-12-15,AST-3019,A2,0,0.003098411979915,4.876545501582595e-12,4.866065461030257e-15,MRO-50008;MRO-40021;MRO-40022,MRO-10045;MRO-10047;MRO-20031,Belt Conveyor,CHN-02,test,12,normal,normal,approved_on_validation,우선 점검 후보
2024-12-15,AST-4055,A2,0,0.0031868411528852,6.661758248040188e-12,6.547981699856085e-15,MRO-10045;MRO-10046;MRO-10047,MRO-10045;MRO-10046;MRO-10047,Screw Compressor,DHR-03,test,12,normal,normal,approved_on_validation,우선 점검 후보
2024-12-15,AST-4061,A2,0,0.0032483107148605,6.631995837941303e-12,6.7385312811498e-15,MRO-10045;MRO-10046;MRO-20031,MRO-10045;MRO-10046;MRO-20031,Screw Compressor,DHR-03,test,12,normal,normal,approved_on_validation,우선 점검 후보
2024-12-15,AST-5003,A2,0,0.0031501123626735,6.600781175119307e-12,6.382194007158198e-15,MRO-70005;MRO-10045;MRO-10046,MRO-10045;MRO-10046;MRO-10047,EOT Crane,DHR-03,test,12,normal,normal,approved_on_validation,우선 점검 후보
2024-12-15,AST-5007,A2,0,0.0032575695904605,6.701497343634329e-12,6.825659643644525e-15,MRO-10045;MRO-10046;MRO-10047,MRO-10045;MRO-10046;MRO-10047,EOT Crane,PUN-01,test,12,normal,normal,approved_on_validation,우선 점검 후보
2024-12-16,AST-1041,A2,10,7.721982758857876,0.2010286890206134,0.1410184516609224,MRO-10045;MRO-10047;MRO-20031,MRO-10045;MRO-10047;MRO-20031,CNC Lathe,PUN-01,test,12,risk,risk,approved_on_validation,우선 점검 후보
2024-12-16,AST-1042,A2,6,9.00489192813709,0.2960028045101769,0.2204708210727105,MRO-80001;MRO-10046;MRO-10047,MRO-80001;MRO-10046;MRO-10047,CNC Lathe,PUN-01,test,12,risk,risk,approved_on_validation,우선 점검 후보
2024-12-16,AST-2017,A2,6,7.767206790340976,0.201845692142886,0.1428159925361967,MRO-80001;MRO-10046;MRO-20031,MRO-80001;MRO-10046;MRO-20031,Hydraulic Press,PUN-01,test,12,risk,risk,approved_on_validation,우선 점검 후보
2024-12-16,AST-2031,A2,6,7.784426959835102,0.2039795375547046,0.1441090545799422,MRO-40022;MRO-10047;MRO-80001,MRO-10047;MRO-80001;MRO-50009,Hydraulic Press,CHN-02,test,12,risk,risk,approved_on_validation,우선 점검 후보
2024-12-16,AST-3008,A2,12,7.499388549529434,0.184242761106593,0.1301276577628193,MRO-10047;MRO-80001;MRO-70005,MRO-10047;MRO-80001;MRO-20031,Belt Conveyor,CHN-02,test,12,high_risk,risk,approved_on_validation,우선 점검 후보
2024-12-16,AST-3019,A2,11,7.957270965928139,0.2058765733015644,0.1498065502942126,MRO-40022;MRO-20032;MRO-40021,MRO-10046;MRO-10047;MRO-50009,Belt Conveyor,CHN-02,test,12,risk,risk,approved_on_validation,우선 점검 후보
2024-12-16,AST-4055,A2,10,9.591885545689411,0.3347258435286342,0.2598559050824302,MRO-10047;MRO-80001;MRO-10046,MRO-10047;MRO-80001;MRO-10046,Screw Compressor,DHR-03,test,12,risk,risk,approved_on_validation,우선 점검 후보
2024-12-16,AST-4061,A2,0,6.4905982701693095,0.1265022003849582,0.0825868587119816,MRO-20031;MRO-50009;MRO-10045,MRO-20031;MRO-50009;MRO-10045,Screw Compressor,DHR-03,test,12,normal,risk,approved_on_validation,우선 점검 후보
2024-12-16,AST-5003,A2,1,8.571952335223475,0.2597078841042336,0.191965079753634,MRO-10045;MRO-80001;MRO-10047,MRO-10045;MRO-80001;MRO-10047,EOT Crane,DHR-03,test,12,caution,risk,approved_on_validation,우선 점검 후보
2024-12-16,AST-5007,A2,6,6.59920292705361,0.1298202702407236,0.0851659745921058,MRO-40022;MRO-50009;MRO-10045,MRO-50009;MRO-10045;MRO-10047,EOT Crane,PUN-01,test,12,risk,risk,approved_on_validation,우선 점검 후보
2024-12-17,AST-1041,A2,4,6.901011173136144,0.1442839391307071,0.1005283644818972,MRO-70005;MRO-10045;MRO-10047,MRO-10045;MRO-10047;MRO-20031,CNC Lathe,PUN-01,test,12,caution,risk,approved_on_validation,우선 점검 후보
2024-12-17,AST-1042,A2,4,7.640322696168083,0.1944037912009758,0.1358341903061885,MRO-10047;MRO-20031;MRO-40021,MRO-10047;MRO-20031;MRO-10045,CNC Lathe,PUN-01,test,12,caution,risk,approved_on_validation,우선 점검 후보
2024-12-17,AST-2017,A2,15,8.009107330885831,0.2209149632726616,0.1576655425178547,MRO-10045;MRO-80001;MRO-10047,MRO-10045;MRO-80001;MRO-10047,Hydraulic Press,PUN-01,test,12,high_risk,risk,approved_on_validation,우선 점검 후보
2024-12-17,AST-2031,A2,12,7.718309023113241,0.2017559538590936,0.1412776168084031,MRO-10047;MRO-80001;MRO-50009,MRO-10047;MRO-80001;MRO-50009,Hydraulic Press,CHN-02,test,12,high_risk,risk,approved_on_validation,우선 점검 후보
2024-12-17,AST-3008,A2,4,7.730996786450834,0.1998419252834325,0.1418745315710516,MRO-80001;MRO-20031;MRO-10047,MRO-80001;MRO-20031;MRO-10047,Belt Conveyor,CHN-02,test,12,caution,risk,approved_on_validation,우선 점검 후보
2024-12-17,AST-3019,A2,7,6.338412226981395,0.1180046437007212,0.0777693352650085,MRO-10046;MRO-20031;MRO-10047,MRO-10046;MRO-20031;MRO-10047,Belt Conveyor,CHN-02,test,12,risk,risk,approved_on_validation,우선 점검 후보
2024-12-17,AST-4055,A2,10,7.91398888392141,0.2140942964450838,0.1525531779499747,MRO-20031;MRO-80001;MRO-50009,MRO-20031;MRO-80001;MRO-50009,Screw Compressor,DHR-03,test,12,risk,risk,approved_on_validation,우선 점검 후보
2024-12-17,AST-4061,A2,8,6.248487831209999,0.1147688766285019,0.072903829403794,MRO-20031;MRO-50009;MRO-10045,MRO-20031;MRO-50009;MRO-10045,Screw Compressor,DHR-03,test,12,risk,risk,approved_on_validation,우선 점검 후보
2024-12-17,AST-5003,A2,0,8.03012411123975,0.2207555184815456,0.158709044855923,MRO-80001;MRO-10046;MRO-10047,MRO-80001;MRO-10046;MRO-10047,EOT Crane,DHR-03,test,12,normal,risk,approved_on_validation,우선 점검 후보
2024-12-17,AST-5007,A2,4,5.616567865654991,0.0814194619759844,0.0504027234558697,MRO-70005;MRO-50009;MRO-80001,MRO-50009;MRO-80001;MRO-10045,EOT Crane,PUN-01,test,12,caution,caution,approved_on_validation,우선 점검 후보
2024-12-18,AST-1041,A2,5,7.014045564593465,0.1543193164509145,0.1052290762881569,MRO-10045;MRO-10047;MRO-50009,MRO-10045;MRO-10047;MRO-50009,CNC Lathe,PUN-01,test,12,caution,risk,approved_on_validation,우선 점검 후보
2024-12-18,AST-1042,A2,6,7.414766377561799,0.1819554870453461,0.1247981340865026,MRO-20031;MRO-10047;MRO-10045,MRO-20031;MRO-10047;MRO-10045,CNC Lathe,PUN-01,test,12,risk,risk,approved_on_validation,우선 점검 후보
2024-12-18,AST-2017,A2,16,8.253337236930046,0.2361028790406207,0.1708382852877393,MRO-50009;MRO-10045;MRO-80001,MRO-50009;MRO-10045;MRO-80001,Hydraulic Press,PUN-01,test,12,high_risk,risk,approved_on_validation,우선 점검 후보
2024-12-18,AST-2031,A2,10,7.678293839243923,0.1981024158442823,0.1392106675444747,MRO-10047;MRO-80001;MRO-50009,MRO-10047;MRO-80001;MRO-50009,Hydraulic Press,CHN-02,test,12,risk,risk,approved_on_validation,우선 점검 후보
2024-12-18,AST-3008,A2,6,11.214181678578573,0.4595231005769487,0.3814382181946314,MRO-20031;MRO-10045;MRO-80001,MRO-20031;MRO-10045;MRO-80001,Belt Conveyor,CHN-02,test,12,risk,high_risk,approved_on_validation,우선 점검 후보
2024-12-18,AST-3019,A2,8,6.400582165855133,0.1206487191298996,0.0797456567785932,MRO-50009;MRO-10046;MRO-20031,MRO-50009;MRO-10046;MRO-20031,Belt Conveyor,CHN-02,test,12,risk,risk,approved_on_validation,우선 점검 후보
2024-12-18,AST-4055,A2,9,8.423613085409244,0.2499886736569225,0.1825101675752244,MRO-10047;MRO-10046;MRO-10045,MRO-10047;MRO-10046;MRO-10045,Screw Compressor,DHR-03,test,12,risk,risk,approved_on_validation,우선 점검 후보
2024-12-18,AST-4061,A2,10,6.819770489985311,0.1462500571858,0.0964005356098486,MRO-20031;MRO-50009;MRO-10045,MRO-20031;MRO-50009;MRO-10045,Screw Compressor,DHR-03,test,12,risk,risk,approved_on_validation,우선 점검 후보
2024-12-18,AST-5003,A2,4,7.24083473413356,0.1663464923568175,0.1154697396226986,MRO-80001;MRO-10046;MRO-10047,MRO-80001;MRO-10046;MRO-10047,EOT Crane,DHR-03,test,12,caution,risk,approved_on_validation,우선 점검 후보
2024-12-18,AST-5007,A2,2,5.941897068955062,0.097673462801178,0.0604295715589546,MRO-10045;MRO-10047;MRO-50009,MRO-10045;MRO-10047;MRO-50009,EOT Crane,PUN-01,test,12,caution,risk,approved_on_validation,우선 점검 후보
2024-12-19,AST-1041,A2,6,7.406163055961421,0.174782431582389,0.125316919533779,MRO-70005;MRO-10045;MRO-20031,MRO-10045;MRO-20031;MRO-10047,CNC Lathe,PUN-01,test,12,risk,risk,approved_on_validation,우선 점검 후보
2024-12-19,AST-1042,A2,10,7.640704187832515,0.1963106170983094,0.1364759540534407,MRO-20031;MRO-10046;MRO-10047,MRO-20031;MRO-10046;MRO-10047,CNC Lathe,PUN-01,test,12,risk,risk,approved_on_validation,우선 점검 후보
2024-12-19,AST-2017,A2,3,8.594135634526337,0.2624594414223507,0.1920693256778137,MRO-10046;MRO-10045;MRO-10047,MRO-10046;MRO-10045;MRO-10047,Hydraulic Press,PUN-01,test,12,caution,risk,approved_on_validation,우선 점검 후보
2024-12-19,AST-2031,A2,0,7.305264781565846,0.1736988293080882,0.1197196547042051,MRO-50009;MRO-10045;MRO-20031,MRO-50009;MRO-10045;MRO-20031,Hydraulic Press,CHN-02,test,12,normal,risk,approved_on_validation,우선 점검 후보
2024-12-19,AST-3008,A2,9,9.375220543942252,0.315320865782147,0.244267319483411,MRO-70005;MRO-10046;MRO-10047,MRO-10046;MRO-10047;MRO-50009,Belt Conveyor,CHN-02,test,12,risk,risk,approved_on_validation,우선 점검 후보
2024-12-19,AST-3019,A2,8,6.21652242551952,0.1095147428549541,0.0708699359726687,MRO-10045;MRO-10047;MRO-80001,MRO-10045;MRO-10047;MRO-80001,Belt Conveyor,CHN-02,test,12,risk,risk,approved_on_validation,우선 점검 후보
2024-12-19,AST-4055,A2,11,9.311300911956906,0.3146312304278403,0.2387995752170807,MRO-10045;MRO-10047;MRO-80001,MRO-10045;MRO-10047;MRO-80001,Screw Compressor,DHR-03,test,12,risk,risk,approved_on_validation,우선 점검 후보
2024-12-19,AST-4061,A2,7,6.989449725816127,0.1503488633050073,0.104239871262981,MRO-80002;MRO-20031;MRO-50009,MRO-20031;MRO-50009;MRO-10045,Screw Compressor,DHR-03,test,12,risk,risk,approved_on_validation,우선 점검 후보
2024-12-19,AST-5003,A2,10,7.740117643005408,0.2010419142703949,0.1424622666989894,MRO-80001;MRO-10047;MRO-20031,MRO-80001;MRO-10047;MRO-20031,EOT Crane,DHR-03,test,12,risk,risk,approved_on_validation,우선 점검 후보
2024-12-19,AST-5007,A2,16,5.01690221230224,0.0560000174681736,0.0331605477366752,MRO-70005;MRO-40022;MRO-40021,MRO-80001;MRO-10045;MRO-10047,EOT Crane,PUN-01,test,12,high_risk,caution,approved_on_validation,우선 점검 후보
2024-12-20,AST-1041,A2,4,7.450096189578884,0.1791462399710691,0.1274372219938777,MRO-70005;MRO-10047;MRO-50009,MRO-10047;MRO-50009;MRO-10045,CNC Lathe,PUN-01,test,12,caution,risk,approved_on_validation,우선 점검 후보
2024-12-20,AST-1042,A2,4,8.488427780583088,0.252516948533886,0.1842550005346736,MRO-40022;MRO-20031;MRO-50009,MRO-20031;MRO-50009;MRO-80001,CNC Lathe,PUN-01,test,12,caution,risk,approved_on_validation,우선 점검 후보
2024-12-20,AST-2017,A2,8,8.640474742977505,0.2635931970326665,0.1951551891764316,MRO-10046;MRO-20031;MRO-10047,MRO-10046;MRO-20031;MRO-10047,Hydraulic Press,PUN-01,test,12,risk,risk,approved_on_validation,우선 점검 후보
2024-12-20,AST-2031,A2,14,7.330214597529408,0.1753752454111448,0.1204831631553878,MRO-10045;MRO-80001;MRO-50009,MRO-10045;MRO-80001;MRO-50009,Hydraulic Press,CHN-02,test,12,high_risk,risk,approved_on_validation,우선 점검 후보
2024-12-20,AST-3008,A2,6,10.172262487865227,0.3780444805980703,0.3040858023237126,MRO-10046;MRO-10045;MRO-20031,MRO-10046;MRO-10045;MRO-20031,Belt Conveyor,CHN-02,test,12,risk,risk,approved_on_validation,우선 점검 후보
2024-12-20,AST-3019,A2,6,6.2311036384812715,0.113705807559797,0.0725389005368131,MRO-10046;MRO-20031;MRO-50009,MRO-10046;MRO-20031;MRO-50009,Belt Conveyor,CHN-02,test,12,risk,risk,approved_on_validation,우선 점검 후보
2024-12-20,AST-4055,A2,10,8.123304188731613,0.2295521819477809,0.1625956720920034,MRO-60015;MRO-10045;MRO-10046,MRO-10045;MRO-10046;MRO-80001,Screw Compressor,DHR-03,test,12,risk,risk,approved_on_validation,우선 점검 후보
2024-12-20,AST-4061,A2,6,6.890218847862411,0.1468192843368481,0.0990141893883877,MRO-10046;MRO-80001;MRO-80002,MRO-10046;MRO-80001;MRO-20031,Screw Compressor,DHR-03,test,12,risk,risk,approved_on_validation,우선 점검 후보
2024-12-20,AST-5003,A2,10,8.695951567225828,0.2687029335685258,0.2000218183794503,MRO-10047;MRO-80001;MRO-10046,MRO-10047;MRO-80001;MRO-10046,EOT Crane,DHR-03,test,12,risk,risk,approved_on_validation,우선 점검 후보
2024-12-20,AST-5007,A2,6,7.491912102041145,0.1827817893966903,0.127431071498708,MRO-10046;MRO-40022;MRO-20031,MRO-10046;MRO-20031;MRO-80001,EOT Crane,PUN-01,test,12,risk,risk,approved_on_validation,우선 점검 후보
2024-12-21,AST-1041,A2,0,0.0033647367403713,6.5973182015588224e-12,7.492670084137904e-15,MRO-70005;MRO-10045;MRO-10047,MRO-10045;MRO-10047;MRO-20031,CNC Lathe,PUN-01,test,12,normal,normal,approved_on_validation,우선 점검 후보
2024-12-21,AST-1042,A2,0,0.0033217052341737,7.671683367183038e-12,7.758337546590005e-15,MRO-10046;MRO-50009;MRO-10045,MRO-10046;MRO-50009;MRO-10045,CNC Lathe,PUN-01,test,12,normal,normal,approved_on_validation,우선 점검 후보
2024-12-21,AST-2017,A2,0,0.0032736715913207,6.731260956430799e-12,6.945582318088189e-15,MRO-90012;MRO-70005;MRO-10046,MRO-10046;MRO-10047;MRO-20031,Hydraulic Press,PUN-01,test,12,normal,normal,approved_on_validation,우선 점검 후보
2024-12-21,AST-2031,A2,0,0.0032371067675873,6.5734453020881065e-12,6.645586668377334e-15,MRO-10045;MRO-10047;MRO-20031,MRO-10045;MRO-10047;MRO-20031,Hydraulic Press,CHN-02,test,12,normal,normal,approved_on_validation,우선 점검 후보
2024-12-21,AST-3008,A2,0,0.0032252362126059,6.564542601571736e-12,6.573578778260641e-15,MRO-10045;MRO-10047;MRO-50009,MRO-10045;MRO-10047;MRO-50009,Belt Conveyor,CHN-02,test,12,normal,normal,approved_on_validation,우선 점검 후보
2024-12-21,AST-3019,A2,0,0.0033463644738893,6.436018930557708e-12,7.302474123380159e-15,MRO-70005;MRO-90011;MRO-10045,MRO-10045;MRO-10046;MRO-10047,Belt Conveyor,CHN-02,test,12,normal,normal,approved_on_validation,우선 점검 후보
2024-12-21,AST-4055,A2,0,0.003243661192165,6.651147122017047e-12,6.751417324782595e-15,MRO-70005;MRO-10045;MRO-10046,MRO-10045;MRO-10046;MRO-80001,Screw Compressor,DHR-03,test,12,normal,normal,approved_on_validation,우선 점검 후보
2024-12-21,AST-4061,A2,0,0.0032728693801953,6.674096721895909e-12,6.851490431187792e-15,MRO-20033;MRO-50008;MRO-60016,MRO-10045;MRO-10046;MRO-10047,Screw Compressor,DHR-03,test,12,normal,normal,approved_on_validation,우선 점검 후보
2024-12-21,AST-5003,A2,0,0.0033623992084779,6.800064979590082e-12,7.236970944851157e-15,MRO-30012;MRO-10047;MRO-40022,MRO-10047;MRO-10046;MRO-20031,EOT Crane,DHR-03,test,12,normal,normal,approved_on_validation,우선 점검 후보
2024-12-21,AST-5007,A2,0,0.003329431284638,7.507127765574389e-12,7.672727340400378e-15,MRO-10047;MRO-50009;MRO-80001,MRO-10047;MRO-50009;MRO-80001,EOT Crane,PUN-01,test,12,normal,normal,approved_on_validation,우선 점검 후보
2024-12-22,AST-1041,A2,0,0.0031350010176077,5.799850202164052e-12,5.7158150903522106e-15,MRO-10045;MRO-10047;MRO-50009,MRO-10045;MRO-10047;MRO-50009,CNC Lathe,PUN-01,test,12,normal,normal,approved_on_validation,우선 점검 후보
2024-12-22,AST-1042,A2,0,0.003237316793067,6.6202795654762555e-12,6.682538295550111e-15,MRO-10045;MRO-10046;MRO-10047,MRO-10045;MRO-10046;MRO-10047,CNC Lathe,PUN-01,test,12,normal,normal,approved_on_validation,우선 점검 후보
2024-12-22,AST-2017,A2,0,0.0033843574944455,6.592666554929118e-12,7.386333760480851e-15,MRO-90012;MRO-40021;MRO-70005,MRO-10047;MRO-20031;MRO-50009,Hydraulic Press,PUN-01,test,12,normal,normal,approved_on_validation,우선 점검 후보
2024-12-22,AST-2031,A2,0,0.0032335679967926,6.537330367468632e-12,6.6068017713115835e-15,MRO-10045;MRO-10047;MRO-20031,MRO-10045;MRO-10047;MRO-20031,Hydraulic Press,CHN-02,test,12,normal,normal,approved_on_validation,우선 점검 후보
2024-12-22,AST-3008,A2,0,0.0034114796691831,6.5665490147972065e-12,7.794064915597911e-15,MRO-70005;MRO-90011;MRO-70004,MRO-10045;MRO-10046;MRO-10047,Belt Conveyor,CHN-02,test,12,normal,normal,approved_on_validation,우선 점검 후보
2024-12-22,AST-3019,A2,0,0.0032439309986882,6.613345035628094e-12,6.7094388272511115e-15,MRO-10045;MRO-10046;MRO-10047,MRO-10045;MRO-10046;MRO-10047,Belt Conveyor,CHN-02,test,12,normal,normal,approved_on_validation,우선 점검 후보
2024-12-22,AST-4055,A2,0,0.0033506015552311,6.942625796927761e-12,7.31290100153451e-15,MRO-60016;MRO-20031;MRO-10045,MRO-20031;MRO-10045;MRO-10046,Screw Compressor,DHR-03,test,12,normal,normal,approved_on_validation,우선 점검 후보
2024-12-22,AST-4061,A2,0,0.0032402682027127,6.620292369558628e-12,6.6999376816881704e-15,MRO-10045;MRO-10046;MRO-10047,MRO-10045;MRO-10046;MRO-10047,Screw Compressor,DHR-03,test,12,normal,normal,approved_on_validation,우선 점검 후보
2024-12-22,AST-5003,A2,0,0.0033217633245389,7.188365021157302e-12,7.406041307974607e-15,MRO-30012;MRO-10045;MRO-50009,MRO-10045;MRO-50009;MRO-10046,EOT Crane,DHR-03,test,12,normal,normal,approved_on_validation,우선 점검 후보
2024-12-22,AST-5007,A2,0,0.0032211679072349,6.495507156701622e-12,6.519991738831376e-15,MRO-10046;MRO-10047;MRO-20031,MRO-10046;MRO-10047;MRO-20031,EOT Crane,PUN-01,test,12,normal,normal,approved_on_validation,우선 점검 후보
2024-12-23,AST-1041,A2,6,9.827435008663876,0.3513824757215588,0.2752233692199241,MRO-80001;MRO-50009;MRO-30012,MRO-80001;MRO-50009;MRO-10047,CNC Lathe,PUN-01,test,12,risk,risk,approved_on_validation,우선 점검 후보
2024-12-23,AST-1042,A2,2,7.750530992447767,0.2014549725230109,0.141600916406353,MRO-50009;MRO-40022;MRO-10046,MRO-50009;MRO-10046;MRO-20031,CNC Lathe,PUN-01,test,12,caution,risk,approved_on_validation,우선 점검 후보
2024-12-23,AST-2017,A2,17,11.727865063455592,0.5006114956406283,0.4186290655586023,MRO-10045;MRO-50009;MRO-40022,MRO-10045;MRO-50009;MRO-10047,Hydraulic Press,PUN-01,test,12,high_risk,high_risk,approved_on_validation,우선 점검 후보
2024-12-23,AST-2031,A2,3,7.986984745883299,0.2169353027656348,0.1562596890470353,MRO-30011;MRO-50009;MRO-10046,MRO-50009;MRO-10046;MRO-80001,Hydraulic Press,CHN-02,test,12,caution,risk,approved_on_validation,우선 점검 후보
2024-12-23,AST-3008,A2,4,7.471435249426263,0.1830124801578262,0.1263982988429524,MRO-40022;MRO-10046;MRO-20031,MRO-10046;MRO-20031;MRO-10045,Belt Conveyor,CHN-02,test,12,caution,risk,approved_on_validation,우선 점검 후보
2024-12-23,AST-3019,A2,7,6.174888143831576,0.1103530914374152,0.0715734821364673,MRO-10045;MRO-20031;MRO-50009,MRO-10045;MRO-20031;MRO-50009,Belt Conveyor,CHN-02,test,12,risk,risk,approved_on_validation,우선 점검 후보
2024-12-23,AST-4055,A2,6,8.512040005990807,0.2557720780366639,0.1868702215197585,MRO-10047;MRO-50009;MRO-10046,MRO-10047;MRO-50009;MRO-10046,Screw Compressor,DHR-03,test,12,risk,risk,approved_on_validation,우선 점검 후보
2024-12-23,AST-4061,A2,12,6.7109379794121296,0.1389227235473359,0.0921388477386884,MRO-80001;MRO-10046;MRO-10045,MRO-80001;MRO-10046;MRO-10045,Screw Compressor,DHR-03,test,12,high_risk,risk,approved_on_validation,우선 점검 후보
2024-12-23,AST-5003,A2,11,8.123612664584275,0.226246071230688,0.1640907167283104,MRO-20031;MRO-10045;MRO-50009,MRO-20031;MRO-10045;MRO-50009,EOT Crane,DHR-03,test,12,risk,risk,approved_on_validation,우선 점검 후보
2024-12-23,AST-5007,A2,2,5.91926075426034,0.0948995473886514,0.0599556464074209,MRO-40022;MRO-10045;MRO-10047,MRO-10045;MRO-10047;MRO-50009,EOT Crane,PUN-01,test,12,caution,risk,approved_on_validation,우선 점검 후보
2024-12-24,AST-1041,A2,18,7.089624726807566,0.1561501603255599,0.1082632664412026,MRO-10047;MRO-40021;MRO-20031,MRO-10047;MRO-20031;MRO-10045,CNC Lathe,PUN-01,test,12,high_risk,risk,approved_on_validation,우선 점검 후보
2024-12-24,AST-1042,A2,6,7.469598630048314,0.1833280512374694,0.1280020310509089,MRO-40021;MRO-10046;MRO-50009,MRO-10046;MRO-50009;MRO-20031,CNC Lathe,PUN-01,test,12,risk,risk,approved_on_validation,우선 점검 후보
2024-12-24,AST-2017,A2,10,8.37775579567201,0.2457508346912832,0.1793567426894625,MRO-10046;MRO-80001;MRO-10047,MRO-10046;MRO-80001;MRO-10047,Hydraulic Press,PUN-01,test,12,risk,risk,approved_on_validation,우선 점검 후보
2024-12-24,AST-2031,A2,2,7.67709417379114,0.1974303113884588,0.1388046190119592,MRO-30011;MRO-50009;MRO-10046,MRO-50009;MRO-10046;MRO-80001,Hydraulic Press,CHN-02,test,12,caution,risk,approved_on_validation,우선 점검 후보
2024-12-24,AST-3008,A2,6,8.404030634103815,0.2427561398752119,0.1792868529889927,MRO-40022;MRO-50009;MRO-20031,MRO-50009;MRO-20031;MRO-10046,Belt Conveyor,CHN-02,test,12,risk,risk,approved_on_validation,우선 점검 후보
2024-12-24,AST-3019,A2,4,6.76762130773195,0.1394082837442549,0.0941796847883883,MRO-10045;MRO-20031;MRO-50009,MRO-10045;MRO-20031;MRO-50009,Belt Conveyor,CHN-02,test,12,caution,risk,approved_on_validation,우선 점검 후보
2024-12-24,AST-4055,A2,14,8.022463508499124,0.220942357329242,0.1577954821872785,MRO-20031;MRO-50009;MRO-80001,MRO-20031;MRO-50009;MRO-80001,Screw Compressor,DHR-03,test,12,high_risk,risk,approved_on_validation,우선 점검 후보
2024-12-24,AST-4061,A2,5,7.040333394945355,0.1562661399494641,0.1057510822276141,MRO-40022;MRO-80001;MRO-10047,MRO-80001;MRO-10047;MRO-20031,Screw Compressor,DHR-03,test,12,caution,risk,approved_on_validation,우선 점검 후보
2024-12-24,AST-5003,A2,2,7.484555430006701,0.1822447550687638,0.128636179964785,MRO-10045;MRO-50009;MRO-20031,MRO-10045;MRO-50009;MRO-20031,EOT Crane,DHR-03,test,12,caution,risk,approved_on_validation,우선 점검 후보
2024-12-24,AST-5007,A2,12,5.944033514976262,0.0953872515280372,0.0611004948172649,MRO-70005;MRO-10045;MRO-10047,MRO-10045;MRO-10047;MRO-50009,EOT Crane,PUN-01,test,12,high_risk,risk,approved_on_validation,우선 점검 후보
2024-12-25,AST-1041,A2,4,7.406156837227837,0.1783583840001223,0.122959181226632,MRO-10045;MRO-80001;MRO-50009,MRO-10045;MRO-80001;MRO-50009,CNC Lathe,PUN-01,test,12,caution,risk,approved_on_validation,우선 점검 후보
2024-12-25,AST-1042,A2,4,7.9167046596407795,0.2138544930353683,0.1519386411682044,MRO-80001;MRO-50009;MRO-10045,MRO-80001;MRO-50009;MRO-10045,CNC Lathe,PUN-01,test,12,caution,risk,approved_on_validation,우선 점검 후보
2024-12-25,AST-2017,A2,12,8.662636713687647,0.2667705714869159,0.1963824752285269,MRO-10045;MRO-10046;MRO-10047,MRO-10045;MRO-10046;MRO-10047,Hydraulic Press,PUN-01,test,12,high_risk,risk,approved_on_validation,우선 점검 후보
2024-12-25,AST-2031,A2,15,7.546746811149313,0.1892454686135085,0.1318038919944623,MRO-30011;MRO-50009;MRO-10046,MRO-50009;MRO-10046;MRO-80001,Hydraulic Press,CHN-02,test,12,high_risk,risk,approved_on_validation,우선 점검 후보
2024-12-25,AST-3008,A2,8,7.436764437209176,0.1803047603094828,0.1259430778168234,MRO-40022;MRO-20031;MRO-10046,MRO-20031;MRO-10046;MRO-10045,Belt Conveyor,CHN-02,test,12,risk,risk,approved_on_validation,우선 점검 후보
2024-12-25,AST-3019,A2,12,6.081760076625332,0.1054116350432669,0.0681113937054994,MRO-10046;MRO-50009;MRO-20031,MRO-10046;MRO-50009;MRO-20031,Belt Conveyor,CHN-02,test,12,high_risk,risk,approved_on_validation,우선 점검 후보
2024-12-25,AST-4055,A2,10,8.062806575934392,0.2249617812065502,0.1608054449230296,MRO-10045;MRO-10047;MRO-50009,MRO-10045;MRO-10047;MRO-50009,Screw Compressor,DHR-03,test,12,risk,risk,approved_on_validation,우선 점검 후보
2024-12-25,AST-4061,A2,1,7.1494007283660475,0.1625652743304316,0.1115164821249367,MRO-80001;MRO-10047;MRO-20031,MRO-80001;MRO-10047;MRO-20031,Screw Compressor,DHR-03,test,12,caution,risk,approved_on_validation,우선 점검 후보
2024-12-25,AST-5003,A2,11,8.172823398329752,0.2296121890431545,0.1668819717843684,MRO-10045;MRO-50009;MRO-20031,MRO-10045;MRO-50009;MRO-20031,EOT Crane,DHR-03,test,12,risk,risk,approved_on_validation,우선 점검 후보
2024-12-25,AST-5007,A2,10,5.70781419430304,0.0852500293636403,0.0531176467012431,MRO-70005;MRO-40022;MRO-10045,MRO-10045;MRO-10047;MRO-50009,EOT Crane,PUN-01,test,12,risk,caution,approved_on_validation,우선 점검 후보
2024-12-26,AST-1041,A2,2,8.082020808532763,0.2201629669345529,0.161304322397519,MRO-40021;MRO-10045;MRO-10047,MRO-10045;MRO-10047;MRO-80001,CNC Lathe,PUN-01,test,12,caution,risk,approved_on_validation,우선 점검 후보
2024-12-26,AST-1042,A2,4,7.564674195584456,0.1925998247766647,0.1327812787276157,MRO-80001;MRO-20031;MRO-50009,MRO-80001;MRO-20031;MRO-50009,CNC Lathe,PUN-01,test,12,caution,risk,approved_on_validation,우선 점검 후보
2024-12-26,AST-2017,A2,19,8.868606128590368,0.2814829342788492,0.2095793060366305,MRO-80001;MRO-50009;MRO-10045,MRO-80001;MRO-50009;MRO-10045,Hydraulic Press,PUN-01,test,12,high_risk,risk,approved_on_validation,우선 점검 후보
2024-12-26,AST-2031,A2,8,6.921435022495042,0.1513542392053724,0.1010847903677586,MRO-30011;MRO-80001;MRO-50009,MRO-80001;MRO-50009;MRO-10046,Hydraulic Press,CHN-02,test,12,risk,risk,approved_on_validation,우선 점검 후보
2024-12-26,AST-3008,A2,2,7.4303242272613055,0.1809613480898758,0.1259825382049898,MRO-10045;MRO-10046;MRO-20031,MRO-10045;MRO-10046;MRO-20031,Belt Conveyor,CHN-02,test,12,caution,risk,approved_on_validation,우선 점검 후보
2024-12-26,AST-3019,A2,0,6.4857569512972955,0.1255330462847838,0.0826468047210891,MRO-50009;MRO-10047;MRO-80001,MRO-50009;MRO-10047;MRO-80001,Belt Conveyor,CHN-02,test,12,normal,risk,approved_on_validation,우선 점검 후보
2024-12-26,AST-4055,A2,14,8.563144921637036,0.2591212858255549,0.1905848503779119,MRO-20031;MRO-80001;MRO-10046,MRO-20031;MRO-80001;MRO-10046,Screw Compressor,DHR-03,test,12,high_risk,risk,approved_on_validation,우선 점검 후보
2024-12-26,AST-4061,A2,6,6.6533824797588075,0.1351612512874079,0.089615033464137,MRO-10045;MRO-10046;MRO-80001,MRO-10045;MRO-10046;MRO-80001,Screw Compressor,DHR-03,test,12,risk,risk,approved_on_validation,우선 점검 후보
2024-12-26,AST-5003,A2,1,8.424525904776187,0.2467162480760388,0.1826788665412873,MRO-10045;MRO-50009;MRO-10046,MRO-10045;MRO-50009;MRO-10046,EOT Crane,DHR-03,test,12,caution,risk,approved_on_validation,우선 점검 후보
2024-12-26,AST-5007,A2,7,5.983546973402735,0.0993891322184606,0.0621708138051091,MRO-10046;MRO-10045;MRO-10047,MRO-10046;MRO-10045;MRO-10047,EOT Crane,PUN-01,test,12,risk,risk,approved_on_validation,우선 점검 후보
2024-12-27,AST-1041,A2,7,7.678907881750441,0.1953286731175297,0.139672917861235,MRO-80001;MRO-20031;MRO-10047,MRO-80001;MRO-20031;MRO-10047,CNC Lathe,PUN-01,test,12,risk,risk,approved_on_validation,우선 점검 후보
2024-12-27,AST-1042,A2,8,7.676161337745415,0.1982584012937327,0.1390717710834269,MRO-20031;MRO-80001;MRO-10046,MRO-20031;MRO-80001;MRO-10046,CNC Lathe,PUN-01,test,12,risk,risk,approved_on_validation,우선 점검 후보
2024-12-27,AST-2017,A2,11,7.675684256286435,0.1926797217826758,0.1374990183968356,MRO-80001;MRO-90012;MRO-20031,MRO-80001;MRO-20031;MRO-10047,Hydraulic Press,PUN-01,test,12,risk,risk,approved_on_validation,우선 점검 후보
2024-12-27,AST-2031,A2,8,7.762270448223663,0.2044083950722092,0.1431873335183286,MRO-20031;MRO-50009;MRO-30011,MRO-20031;MRO-50009;MRO-10047,Hydraulic Press,CHN-02,test,12,risk,risk,approved_on_validation,우선 점검 후보
2024-12-27,AST-3008,A2,3,7.536500048870135,0.1873447229636646,0.1317164720944206,MRO-10047;MRO-80001;MRO-10045,MRO-10047;MRO-80001;MRO-10045,Belt Conveyor,CHN-02,test,12,caution,risk,approved_on_validation,우선 점검 후보
2024-12-27,AST-3019,A2,8,6.270346619321439,0.1091229157032725,0.0740698093943731,MRO-70005;MRO-80001;MRO-10045,MRO-80001;MRO-10045;MRO-10046,Belt Conveyor,CHN-02,test,12,risk,risk,approved_on_validation,우선 점검 후보
2024-12-27,AST-4055,A2,12,8.925896464233483,0.286012163011155,0.2129492949969458,MRO-10046;MRO-80001;MRO-10045,MRO-10046;MRO-80001;MRO-10045,Screw Compressor,DHR-03,test,12,high_risk,risk,approved_on_validation,우선 점검 후보
2024-12-27,AST-4061,A2,18,7.340435435408181,0.1724053350186121,0.1196190193822963,MRO-10046;MRO-40022;MRO-80001,MRO-10046;MRO-80001;MRO-10047,Screw Compressor,DHR-03,test,12,high_risk,risk,approved_on_validation,우선 점검 후보
2024-12-27,AST-5003,A2,16,9.245662592812772,0.3121008869673279,0.2355116687127479,MRO-80001;MRO-20031;MRO-10045,MRO-80001;MRO-20031;MRO-10045,EOT Crane,DHR-03,test,12,high_risk,risk,approved_on_validation,우선 점검 후보
2024-12-27,AST-5007,A2,1,5.860240870945926,0.0917216601116393,0.0582299616047681,MRO-70005;MRO-10046;MRO-40022,MRO-10046;MRO-20031;MRO-10045,EOT Crane,PUN-01,test,12,caution,caution,approved_on_validation,우선 점검 후보
2024-12-28,AST-1041,A2,0,0.0031334475793917,5.543097584737856e-12,5.587209614257097e-15,MRO-70004;MRO-70005;MRO-10045,MRO-10045;MRO-50009;MRO-80001,CNC Lathe,PUN-01,test,12,normal,normal,approved_on_validation,우선 점검 후보
2024-12-28,AST-1042,A2,0,0.0032380017027136,6.624369344350756e-12,6.6899787305052356e-15,MRO-10045;MRO-10047;MRO-10046,MRO-10045;MRO-10047;MRO-10046,CNC Lathe,PUN-01,test,12,normal,normal,approved_on_validation,우선 점검 후보
2024-12-28,AST-2017,A2,0,0.0032507368950231,6.333448004335788e-12,6.5492403222414385e-15,MRO-70005;MRO-90012;MRO-80001,MRO-80001;MRO-10046;MRO-10047,Hydraulic Press,PUN-01,test,12,normal,normal,approved_on_validation,우선 점검 후보
2024-12-28,AST-2031,A2,0,0.0032350486745285,6.550091156013008e-12,6.627202609349484e-15,MRO-10045;MRO-10046;MRO-10047,MRO-10045;MRO-10046;MRO-10047,Hydraulic Press,CHN-02,test,12,normal,normal,approved_on_validation,우선 점검 후보
2024-12-28,AST-3008,A2,0,0.0034720635514617,6.596265472529748e-12,8.213044232946555e-15,MRO-70005;MRO-10045;MRO-10046,MRO-70005;MRO-10045;MRO-10046,Belt Conveyor,CHN-02,test,12,normal,normal,approved_on_validation,우선 점검 후보
2024-12-28,AST-3019,A2,0,0.003241847556906,6.602603737465608e-12,6.694453979370571e-15,MRO-10045;MRO-10046;MRO-10047,MRO-10045;MRO-10046;MRO-10047,Belt Conveyor,CHN-02,test,12,normal,normal,approved_on_validation,우선 점검 후보
2024-12-28,AST-4055,A2,0,0.0032553905909724,6.656356494671474e-12,6.795268677712252e-15,MRO-70005;MRO-10047;MRO-20031,MRO-10047;MRO-20031;MRO-50009,Screw Compressor,DHR-03,test,12,normal,normal,approved_on_validation,우선 점검 후보
2024-12-28,AST-4061,A2,0,0.0033201216947352,6.8556703988620065e-12,7.252843376610801e-15,MRO-80001;MRO-30011;MRO-90011,MRO-80001;MRO-10046;MRO-10047,Screw Compressor,DHR-03,test,12,normal,normal,approved_on_validation,우선 점검 후보
2024-12-28,AST-5003,A2,0,0.0032843703515293,6.568015337697421e-12,6.813687321267081e-15,MRO-60016;MRO-20032;MRO-30012,MRO-10046;MRO-10047;MRO-20031,EOT Crane,DHR-03,test,12,normal,normal,approved_on_validation,우선 점검 후보
2024-12-28,AST-5007,A2,0,0.0032678051119174,6.852885709216327e-12,6.948788470485622e-15,MRO-80001;MRO-60015;MRO-10045,MRO-80001;MRO-10045;MRO-10046,EOT Crane,PUN-01,test,12,normal,normal,approved_on_validation,우선 점검 후보
2024-12-29,AST-1041,A2,0,0.0032469529219209,6.703854697814293e-12,6.766771467781722e-15,MRO-10045;MRO-10046;MRO-10047,MRO-10045;MRO-10046;MRO-10047,CNC Lathe,PUN-01,test,12,normal,normal,approved_on_validation,우선 점검 후보
2024-12-29,AST-1042,A2,0,0.0032370719810986,6.6062606716321585e-12,6.673296804675073e-15,MRO-10046;MRO-20031;MRO-50009,MRO-10046;MRO-20031;MRO-50009,CNC Lathe,PUN-01,test,12,normal,normal,approved_on_validation,우선 점검 후보
2024-12-29,AST-2017,A2,0,0.0034232808096112,6.188567654484785e-12,7.0394857156534e-15,MRO-70005;MRO-40021;MRO-60016,MRO-80001;MRO-10047;MRO-20031,Hydraulic Press,PUN-01,test,12,normal,normal,approved_on_validation,우선 점검 후보
2024-12-29,AST-2031,A2,0,0.0032391280499828,6.59669200263364e-12,6.675728761131557e-15,MRO-10045;MRO-10046;MRO-10047,MRO-10045;MRO-10046;MRO-10047,Hydraulic Press,CHN-02,test,12,normal,normal,approved_on_validation,우선 점검 후보
2024-12-29,AST-3008,A2,0,0.0035138988245224,6.596280973208419e-12,8.486247251535566e-15,MRO-70005;MRO-70004;MRO-10045,MRO-70005;MRO-10045;MRO-10046,Belt Conveyor,CHN-02,test,12,normal,normal,approved_on_validation,우선 점검 후보
2024-12-29,AST-3019,A2,0,0.0032847510498396,6.606222094326127e-12,6.978356738555297e-15,MRO-70005;MRO-10045;MRO-10046,MRO-10045;MRO-10046;MRO-10047,Belt Conveyor,CHN-02,test,12,normal,normal,approved_on_validation,우선 점검 후보
2024-12-29,AST-4055,A2,0,0.0032539060152152,6.627793720579165e-12,6.7685543924643824e-15,MRO-70005;MRO-10046;MRO-20031,MRO-10046;MRO-20031;MRO-50009,Screw Compressor,DHR-03,test,12,normal,normal,approved_on_validation,우선 점검 후보
2024-12-29,AST-4061,A2,0,0.0032201750919807,6.404277133238969e-12,6.4662381648974775e-15,MRO-10045;MRO-10047;MRO-80001,MRO-10045;MRO-10047;MRO-80001,Screw Compressor,DHR-03,test,12,normal,normal,approved_on_validation,우선 점검 후보
2024-12-29,AST-5003,A2,0,0.0032181966550291,6.695405538108129e-12,6.659842356419833e-15,MRO-10046;MRO-10047;MRO-20031,MRO-10046;MRO-10047;MRO-20031,EOT Crane,DHR-03,test,12,normal,normal,approved_on_validation,우선 점검 후보
2024-12-29,AST-5007,A2,0,0.0033454603019538,6.70150429501398e-12,7.413121017004536e-15,MRO-70005;MRO-10045;MRO-10046,MRO-10045;MRO-10046;MRO-10047,EOT Crane,PUN-01,test,12,normal,normal,approved_on_validation,우선 점검 후보
2024-12-30,AST-1041,A2,4,10.315088311953444,0.389243625882431,0.3133122441809133,MRO-10046;MRO-10047;MRO-70005,MRO-10046;MRO-10047;MRO-50009,CNC Lathe,PUN-01,test,12,caution,risk,approved_on_validation,우선 점검 후보
2024-12-30,AST-1042,A2,2,7.616733555544498,0.1927351602542426,0.1352344949933053,MRO-10045;MRO-10047;MRO-20031,MRO-10045;MRO-10047;MRO-20031,CNC Lathe,PUN-01,test,12,caution,risk,approved_on_validation,우선 점검 후보
2024-12-30,AST-2017,A2,7,8.117879088580185,0.2263365807641734,0.16304750071433,MRO-20031;MRO-80001;MRO-10046,MRO-20031;MRO-80001;MRO-10046,Hydraulic Press,PUN-01,test,12,risk,risk,approved_on_validation,우선 점검 후보
2024-12-30,AST-2031,A2,2,8.307313822704462,0.2369525465896671,0.17404984135008,MRO-50009;MRO-10045;MRO-30011,MRO-50009;MRO-10045;MRO-10047,Hydraulic Press,CHN-02,test,12,caution,risk,approved_on_validation,우선 점검 후보
2024-12-30,AST-3008,A2,0,7.432347495954785,0.181914537340995,0.1253380573558438,MRO-10047;MRO-80001;MRO-10045,MRO-10047;MRO-80001;MRO-10045,Belt Conveyor,CHN-02,test,12,normal,risk,approved_on_validation,우선 점검 후보
2024-12-30,AST-3019,A2,0,7.297457763689899,0.1685525524588831,0.1183182086956655,MRO-30012;MRO-10045;MRO-80001,MRO-10045;MRO-80001;MRO-50009,Belt Conveyor,CHN-02,test,12,normal,risk,approved_on_validation,우선 점검 후보
2024-12-30,AST-4055,A2,11,9.234369659560256,0.3077698377002678,0.2334635671207486,MRO-40022;MRO-20031;MRO-10045,MRO-20031;MRO-10045;MRO-10046,Screw Compressor,DHR-03,test,12,risk,risk,approved_on_validation,우선 점검 후보
2024-12-30,AST-4061,A2,8,9.917300558719631,0.3622499154896663,0.2816985354037457,MRO-10046;MRO-20031;MRO-10047,MRO-10046;MRO-20031;MRO-10047,Screw Compressor,DHR-03,test,12,risk,risk,approved_on_validation,우선 점검 후보
2024-12-30,AST-5003,A2,10,8.176954210254292,0.2315682028710235,0.1668144321474556,MRO-10045;MRO-80001;MRO-20031,MRO-10045;MRO-80001;MRO-20031,EOT Crane,DHR-03,test,12,risk,risk,approved_on_validation,우선 점검 후보
2024-12-30,AST-5007,A2,6,5.782644552336942,0.0877638498833945,0.0557556583560507,MRO-70005;MRO-10046;MRO-80001,MRO-10046;MRO-80001;MRO-10045,EOT Crane,PUN-01,test,12,risk,caution,approved_on_validation,우선 점검 후보
2024-12-31,AST-1041,A2,1,7.306027547232125,0.1714097109015507,0.1198243705661168,MRO-50009;MRO-70005;MRO-10045,MRO-50009;MRO-10045;MRO-10047,CNC Lathe,PUN-01,test,12,caution,risk,approved_on_validation,우선 점검 후보
2024-12-31,AST-1042,A2,5,7.5089466493645185,0.1874732654122043,0.1300741104490221,MRO-10045;MRO-10047;MRO-20031,MRO-10045;MRO-10047;MRO-20031,CNC Lathe,PUN-01,test,12,caution,risk,approved_on_validation,우선 점검 후보
2024-12-31,AST-2017,A2,12,8.189392275639335,0.2331095240018044,0.1677516724346147,MRO-10045;MRO-80001;MRO-20031,MRO-10045;MRO-80001;MRO-20031,Hydraulic Press,PUN-01,test,12,high_risk,risk,approved_on_validation,우선 점검 후보
2024-12-31,AST-2031,A2,11,7.962107711540572,0.2179080654617229,0.1545210240967978,MRO-80001;MRO-50009;MRO-10047,MRO-80001;MRO-50009;MRO-10047,Hydraulic Press,CHN-02,test,12,risk,risk,approved_on_validation,우선 점검 후보
2024-12-31,AST-3008,A2,4,8.797490174532472,0.2720427539180423,0.2056472638620787,MRO-80001;MRO-40021;MRO-50009,MRO-80001;MRO-50009;MRO-10047,Belt Conveyor,CHN-02,test,12,caution,risk,approved_on_validation,우선 점검 후보
2024-12-31,AST-3019,A2,12,6.395028474605543,0.1197576466800684,0.0788226599483353,MRO-50009;MRO-10047;MRO-20031,MRO-50009;MRO-10047;MRO-20031,Belt Conveyor,CHN-02,test,12,high_risk,risk,approved_on_validation,우선 점검 후보
2024-12-31,AST-4055,A2,10,8.362627439756327,0.2464886981730519,0.1786748354034268,MRO-50009;MRO-10047;MRO-80001,MRO-50009;MRO-10047;MRO-80001,Screw Compressor,DHR-03,test,12,risk,risk,approved_on_validation,우선 점검 후보
2024-12-31,AST-4061,A2,7,7.103953757780254,0.1607885706200343,0.1087778186280377,MRO-40022;MRO-10045;MRO-20031,MRO-10045;MRO-20031;MRO-50009,Screw Compressor,DHR-03,test,12,risk,risk,approved_on_validation,우선 점검 후보
2024-12-31,AST-5003,A2,10,8.491066865531655,0.2513932221172721,0.1849627782305157,MRO-60016;MRO-10045;MRO-80001,MRO-10045;MRO-80001;MRO-20031,EOT Crane,DHR-03,test,12,risk,risk,approved_on_validation,우선 점검 후보
2024-12-31,AST-5007,A2,3,6.398871555802852,0.1201979394174327,0.0782472978283769,MRO-10045;MRO-10046;MRO-10047,MRO-10045;MRO-10046;MRO-10047,EOT Crane,PUN-01,test,12,caution,risk,approved_on_validation,우선 점검 후보
2025-01-01,AST-1041,A2,6,7.634987486163537,0.1930396125753045,0.1365866106455722,MRO-20031;MRO-10045;MRO-10047,MRO-20031;MRO-10045;MRO-10047,CNC Lathe,PUN-01,test,12,risk,risk,approved_on_validation,우선 점검 후보
2025-01-01,AST-1042,A2,10,7.261152552020634,0.1713062307577026,0.1153336313669135,MRO-40022;MRO-10045;MRO-20031,MRO-10045;MRO-20031;MRO-80001,CNC Lathe,PUN-01,test,12,risk,risk,approved_on_validation,우선 점검 후보
2025-01-01,AST-2017,A2,6,7.305163981094822,0.171186484563962,0.1187984688474848,MRO-60016;MRO-80001;MRO-50009,MRO-80001;MRO-50009;MRO-20031,Hydraulic Press,PUN-01,test,12,risk,risk,approved_on_validation,우선 점검 후보
2025-01-01,AST-2031,A2,17,7.1038188421958814,0.1639645143023936,0.1102072149897124,MRO-50009;MRO-10045;MRO-20031,MRO-50009;MRO-10045;MRO-20031,Hydraulic Press,CHN-02,test,12,high_risk,risk,approved_on_validation,우선 점검 후보
2025-01-01,AST-3008,A2,7,7.0399662701349905,0.1582383227402171,0.1056941377090582,MRO-10047;MRO-10046;MRO-20031,MRO-10047;MRO-10046;MRO-20031,Belt Conveyor,CHN-02,test,12,risk,risk,approved_on_validation,우선 점검 후보
2025-01-01,AST-3019,A2,8,6.166687523202425,0.1100585290998109,0.0694866198698279,MRO-10046;MRO-30012;MRO-50009,MRO-10046;MRO-50009;MRO-80001,Belt Conveyor,CHN-02,test,12,risk,risk,approved_on_validation,우선 점검 후보
2025-01-01,AST-4055,A2,11,9.515975414286675,0.325984619531612,0.2556471496321087,MRO-20032;MRO-10046;MRO-50009,MRO-10046;MRO-50009;MRO-80001,Screw Compressor,DHR-03,test,12,risk,risk,approved_on_validation,우선 점검 후보
2025-01-01,AST-4061,A2,9,7.795015948240024,0.2024901483453964,0.143552739425811,MRO-10046;MRO-10047;MRO-30011,MRO-10046;MRO-10047;MRO-80001,Screw Compressor,DHR-03,test,12,risk,risk,approved_on_validation,우선 점검 후보
2025-01-01,AST-5003,A2,6,8.263467956835942,0.2372354031815073,0.1729723900968464,MRO-10046;MRO-10045;MRO-10047,MRO-10046;MRO-10045;MRO-10047,EOT Crane,DHR-03,test,12,risk,risk,approved_on_validation,우선 점검 후보
2025-01-01,AST-5007,A2,8,6.753992639118804,0.1416591751965422,0.0929783476258492,MRO-10045;MRO-50009;MRO-10046,MRO-10045;MRO-50009;MRO-10046,EOT Crane,PUN-01,test,12,risk,risk,approved_on_validation,우선 점검 후보
